ValueNro_2398/sve_ValueNro_2398_flow_accum_D-inf_grids.asc
ncols        141
nrows        228
xllcorner    356256.000000000000
yllcorner    6857312.000000000000
cellsize     16.000000000000
NODATA_value  -9999
[rows 69 to 91 of 228, columns 50 to 99 of 141]
-9999 -9999 -9999 -9999 -9999 -9999 -9999 -9999 -9999 -9999 -9999 -9999 -9999 -9999 -9999 -9999 -9999 -9999 -9999 -9999 -9999 -9999 -9999 -9999 -9999 -9999 -9999 -9999 -9999 -9999 -9999 -9999 -9999 -9999 82.71802520751953125 16 20546.326171875 943.15264892578125 670.411865234375 164.19964599609375 25.600000381469726562 16 16 16 16 16 16 27.022222518920898438 48.41086578369140625 85.294708251953125
-9999 -9999 -9999 -9999 -9999 -9999 -9999 -9999 -9999 -9999 -9999 -9999 -9999 -9999 -9999 -9999 -9999 -9999 -9999 -9999 -9999 -9999 -9999 -9999 -9999 48.93761444091796875 34.286090850830078125 99.8874053955078125 16 16 -9999 -9999 -9999 -9999 20799 20654.060546875 16 16 79.64444732666015625 435.62255859375 453.623046875 19.555555343627929688 39.111110687255859375 21.333333969116210938 16 16 16 32.355556488037109375 49.461727142333984375 44.57788848876953125
-9999 -9999 -9999 -9999 -9999 -9999 -9999 -9999 -9999 -9999 -9999 -9999 -9999 -9999 -9999 -9999 -9999 -9999 -9999 -9999 -9999 -9999 -9999 -9999 -9999 112.84881591796875 83.91776275634765625 53.735240936279296875 17.422222137451171875 21232.779296875 21186.201171875 -9999 -9999 24.53333282470703125 45.866664886474609375 29.511110305786132812 30.577777862548828125 29.511110305786132812 32 32 29.037036895751953125 399.40740966796875 41.362964630126953125 82.3466644287109375 69.6888885498046875 16 16 24.888889312744140625 32.592594146728515625 48.592594146728515625
-9999 -9999 -9999 -9999 -9999 -9999 -9999 -9999 -9999 -9999 -9999 -9999 -9999 -9999 -9999 -9999 -9999 -9999 -9999 -9999 -9999 -9999 -9999 -9999 118.74811553955078125 32.783550262451171875 68.54113006591796875 18.710123062133789062 21263.490234375 16 16 31.644443511962890625 48.355556488037109375 16 16 16 16 16 16 16 19.555555343627929688 41.054813385009765625 273.611846923828125 96.17856597900390625 16 16 16 21.6888885498046875 42.611358642578125 56.71752166748046875
-9999 -9999 -9999 -9999 -9999 -9999 -9999 -9999 -9999 -9999 -9999 -9999 -9999 -9999 -9999 -9999 -9999 -9999 -9999 -9999 -9999 -9999 20482.52734375 670.66571044921875 106.4466552734375 84.54113006591796875 27.22607421875 2386.093994140625 18940.41796875 18.84444427490234375 16 16 16 16 16 16 16 16 16 16 16 20.266666412353515625 41.38666534423828125 48.284442901611328125 18.062221527099609375 16 16 31.644443511962890625 42.721973419189453125 43.5270233154296875
-9999 -9999 -9999 -9999 -9999 -9999 -9999 -9999 -9999 -9999 -9999 -9999 -9999 -9999 -9999 -9999 -9999 -9999 -9999 -9999 -9999 -9999 16 19488.40625 984.83209228515625 1004.063720703125 2402.093994140625 16 18984.6484375 44.799999237060546875 16 16 16 32 16 16 51.5555572509765625 39.46666717529296875 36.622222900390625 27.022222518920898438 16 16 17.066667556762695312 30.933332443237304688 41.17333221435546875 96 112 149.6888885498046875 109.1397552490234375 49713.328125
-9999 -9999 -9999 -9999 -9999 -9999 -9999 -9999 -9999 -9999 -9999 -9999 -9999 -9999 -9999 -9999 -9999 -9999 -9999 -9999 23.6562957763671875 18.133333206176757812 16 22.044445037841796875 18968.888671875 1480.486083984375 29.866666793823242188 19002.783203125 59.61481475830078125 29.511110305786132812 16 16 49.422222137451171875 67.57926177978515625 20.622222900390625 16 27.733333587646484375 107.83605194091796875 65.6197509765625 75.94666290283203125 32 16 16 16 17.066667556762695312 16 16 20.977777481079101562 89.33135986328125 49875.55859375
-9999 -9999 -9999 -9999 -9999 -9999 -9999 -9999 -9999 -9999 -9999 -9999 -9999 -9999 -9999 -9999 -9999 -9999 -9999 -9999 112.430877685546875 23.822221755981445312 16 16 21.333333969116210938 17396.48828125 17347.18359375 7288.98193359375 43.172344207763671875 18.84444427490234375 16 23.46666717529296875 126.51720428466796875 58.016132354736328125 16 16 31.288888931274414062 157.2807464599609375 203.2604827880859375 34.33086395263671875 20.622222900390625 16 16 16 16 16 16 16 31.217777252197265625 49981.0859375
-9999 -9999 -9999 -9999 -9999 -9999 -9999 -9999 -9999 -9999 -9999 -9999 -9999 -9999 -9999 -9999 -9999 -9999 31.644443511962890625 16.355556488037109375 106.0461578369140625 84.72493743896484375 28.799999237060546875 16 16 16 1797.7510986328125 26.064065933227539062 21.443950653076171875 32 33.208889007568359375 27.880764007568359375 195.265899658203125 16 16 16 29.866666793823242188 453.412353515625 58.390125274658203125 16 27.377777099609375 16 16.355556488037109375 41.59999847412109375 26.666666030883789062 27.377777099609375 35.91110992431640625 28.088888168334960938 20.977777481079101562 50034.06640625
-9999 -9999 -9999 -9999 -9999 -9999 -9999 -9999 -9999 -9999 -9999 -9999 -9999 -9999 -9999 -9999 -9999 -9999 16 16 16 51.452838897705078125 34.84444427490234375 16 16 16 16 1870.140625 33.77777862548828125 40.553874969482421875 66.75799560546875 211.265899658203125 31.644443511962890625 16 16 38.40000152587890625 570.39013671875 56.177776336669921875 16 28.167901992797851562 43.29876708984375 19.911111831665039062 23.996049880981445312 33.60395050048828125 51.91110992431640625 45.19506072998046875 63.628643035888671875 36.187652587890625 33.47753143310546875 50225.53125
-9999 -9999 -9999 -9999 -9999 -9999 -9999 -9999 -9999 -9999 -9999 -9999 -9999 -9999 -9999 -9999 -9999 -9999 16 17.77777862548828125 16 16 16.355556488037109375 19.911111831665039062 28.088888168334960938 21.333333969116210938 26.666666030883789062 1895.5826416015625 107.63904571533203125 72.65068817138671875 231.7343597412109375 75.813232421875 22.399999618530273438 25.600000381469726562 27.377777099609375 661.412353515625 32 16 16 16 68.59061431884765625 43.683116912841796875 22.932191848754882812 16 49.60395050048828125 101.1275482177734375 75.453277587890625 50428.671875 50326.65234375 45.6058197021484375
-9999 -9999 -9999 -9999 -9999 -9999 -9999 -9999 -9999 -9999 -9999 -9999 -9999 -9999 -9999 -9999 -9999 57.881282806396484375 39.6562957763671875 33.0666656494140625 16 16 16 41.355060577392578125 2352.68701171875 2297.575927734375 2194.996337890625 35.135829925537109375 160.120391845703125 31.448957443237304688 235.654876708984375 110.84375762939453125 41.59999847412109375 16 704.79010009765625 23.46666717529296875 16 16 16 27.733333587646484375 119.29645538330078125 42.209869384765625 28.740106582641601562 27.9698638916015625 30.22222137451171875 80.44588470458984375 50685.578125 72.88098907470703125 50.133335113525390625 32
-9999 -9999 -9999 -9999 -9999 -9999 -9999 -9999 -9999 -9999 -9999 -9999 -9999 -9999 -9999 -9999 -9999 61.322887420654296875 62.546173095703125 34.84444427490234375 32 16 16 2424.26416015625 16 27.377777099609375 38.6291351318359375 227.0055389404296875 120.52252197265625 16 167.8664703369140625 211.5565948486328125 65.20888519287109375 649.94677734375 117.77667999267578125 24.53333282470703125 16 16 16 20.266666412353515625 154.6016082763671875 69.8751983642578125 40.32867431640625 36.33470916748046875 50.98622894287109375 50884.46875 65.65206146240234375 59.172344207763671875 47.644443511962890625 32
-9999 -9999 -9999 -9999 -9999 -9999 -9999 -9999 -9999 -9999 -9999 -9999 -9999 -9999 -9999 -9999 -9999 84.23157501220703125 72.77989959716796875 56.30928802490234375 33.1535797119140625 25.955554962158203125 2338.5634765625 173.2384033203125 25.600000381469726562 16 18.84444427490234375 29.15555572509765625 23.822221755981445312 35.492343902587890625 188.8442535400390625 16 295.723724365234375 697.30938720703125 124.17882537841796875 41.765926361083984375 36.266666412353515625 17.77777862548828125 25.600000381469726562 22.399999618530273438 19.602962493896484375 170.6016082763671875 95.7333221435546875 58.582122802734375 50995.203125 85.26284027099609375 86.57855224609375 44.4444427490234375 32 16
-9999 -9999 -9999 -9999 -9999 -9999 -9999 -9999 -9999 -9999 -9999 -9999 -9999 -9999 -9999 -9999 -9999 -9999 -9999 -9999 1244.24560546875 2354.5634765625 201.934112548828125 21.973333358764648438 22.399999618530273438 16 16 32 50.488887786865234375 312.601287841796875 16 16 24.177778244018554688 1046.0802001953125 170.9219207763671875 53.07575225830078125 94.3920135498046875 57.892345428466796875 40.10666656494140625 16 16 93.42120361328125 209.0833587646484375 62.80295562744140625 51309.21875 139.2269134521484375 107.37044525146484375 68.52325439453125 16 16
-9999 -9999 -9999 -9999 -9999 -9999 -9999 -9999 -9999 -9999 -9999 -9999 -9999 -9999 -9999 -9999 -9999 -9999 -9999 -9999 -9999 230.22296142578125 39.499851226806640625 26.666666030883789062 26.666666030883789062 16 16 16 32.71111297607421875 371.821044921875 16 16 23.822221755981445312 1638.914794921875 375.121490478515625 298.4935302734375 211.9861297607421875 79.1940765380859375 32 16 16 33.422222137451171875 170.3909759521484375 155.3889007568359375 51614.703125 112.67087554931640625 71.354095458984375 113.22428131103515625 145.83642578125 649.18212890625
-9999 -9999 -9999 -9999 -9999 -9999 -9999 -9999 -9999 -9999 -9999 -9999 -9999 -9999 -9999 -9999 -9999 -9999 -9999 -9999 -9999 -9999 44.671123504638671875 38.431606292724609375 26.3111114501953125 16 16 16 20.977777481079101562 37.11209869384765625 388.176605224609375 46.22222137451171875 1696.4110107421875 18.283281326293945312 40.5730133056640625 48.608394622802734375 24.53333282470703125 32 24.177778244018554688 23.822221755981445312 16 35.5555572509765625 89.9320220947265625 180.2916259765625 52091.0703125 438.02581787109375 463.199066162109375 447.199066162109375 538.99884033203125 82.1956634521484375
-9999 -9999 -9999 -9999 -9999 -9999 -9999 -9999 -9999 -9999 -9999 -9999 -9999 -9999 -9999 -9999 -9999 -9999 -9999 -9999 -9999 -9999 -9999 48.956928253173828125 36.780246734619140625 33.77777862548828125 16 16 16 36.977779388427734375 343.94390869140625 1926.241455078125 49.201847076416015625 28.357530593872070312 25.686914443969726562 26.3111114501953125 16 16 16 69.6888885498046875 16 18.488889694213867188 43.3382720947265625 106.8453521728515625 52388.47265625 138.014129638671875 117.79091644287109375 123.79976654052734375 98.01906585693359375 39.111110687255859375
-9999 -9999 -9999 -9999 -9999 -9999 -9999 -9999 -9999 -9999 -9999 -9999 -9999 -9999 -9999 -9999 -9999 -9999 -9999 -9999 -9999 -9999 -9999 53.932071685791015625 40.01975250244140625 34.836544036865234375 25.955554962158203125 22.044445037841796875 16 30.22222137451171875 52.38518524169921875 2308.130126953125 44.83160400390625 31.644443511962890625 16.355556488037109375 16 16 21.6888885498046875 29.49530792236328125 105.95397186279296875 34.765430450439453125 20.977777481079101562 38.945186614990234375 49.485958099365234375 52594.63671875 49.785640716552734375 38.008846282958984375 114.01906585693359375 51.6345672607421875 35.2079010009765625
-9999 -9999 -9999 -9999 -9999 -9999 -9999 -9999 -9999 -9999 -9999 -9999 -9999 -9999 -9999 -9999 -9999 -9999 -9999 -9999 -9999 -9999 -9999 -9999 -9999 53.491359710693359375 51.91110992431640625 16 16 27.733333587646484375 42.50074005126953125 2432.177001953125 28.444444656372070312 16 16 16 26.666666030883789062 62.43555450439453125 125.62963104248046875 169.839324951171875 301.6524658203125 330.78607177734375 366.98162841796875 405.020263671875 52924.7890625 46.8835601806640625 51.472599029541015625 135.8541259765625 58.405223846435546875 29.788356781005859375
-9999 -9999 -9999 -9999 -9999 -9999 -9999 -9999 -9999 -9999 -9999 -9999 -9999 -9999 -9999 -9999 -9999 -9999 -9999 -9999 -9999 -9999 -9999 -9999 -9999 -9999 18.133333206176757812 16 16 24.888889312744140625 22.637037277221679688 2516.951904296875 19.555555343627929688 16 16 16 22.399999618530273438 43.87555694580078125 20.87506103515625 32.2361602783203125 35.341693878173828125 16 16 45.866664886474609375 53192.5078125 36.589038848876953125 16 173.9183197021484375 64.9183349609375 51.976482391357421875
-9999 -9999 -9999 -9999 -9999 -9999 -9999 -9999 -9999 -9999 -9999 -9999 -9999 -9999 -9999 -9999 -9999 -9999 -9999 -9999 -9999 -9999 -9999 -9999 -9999 -9999 -9999 16 16 23.111110687255859375 35.792591094970703125 2537.70849609375 45.171356201171875 63.644443511962890625 51.5555572509765625 16 16 16 28.088888168334960938 16 76.32505035400390625 16 16 16 53241.0859375 19.200000762939453125 82.90792083740234375 158.8924713134765625 87.86711883544921875 73.6188201904296875
-9999 -9999 -9999 -9999 -9999 -9999 -9999 -9999 -9999 -9999 -9999 -9999 -9999 -9999 -9999 -9999 -9999 -9999 -9999 -9999 -9999 -9999 -9999 -9999 -9999 -9999 -9999 16 16 32 51.887409210205078125 2592.248779296875 105.44127655029296875 43.496295928955078125 20.622222900390625 16 16 16 28.799999237060546875 69.04888916015625 147.7948760986328125 32.355556488037109375 16 16 23.111110687255859375 53419.73046875 90.30367279052734375 143.325653076171875 105.71440887451171875 99.73590850830078125
