ValueNro_2398/sve_ValueNro_2398_ppa.asc
ncols        141
nrows        228
xllcorner    356256.000000000000
yllcorner    6857312.000000000000
cellsize     16.000000000000
NODATA_value -9999
[rows 168 to 209 of 228, columns 0 to 93 of 141]
-9999 -9999 -9999 -9999 -9999 -9999 7 12 13 8 3 3 3 15 16 7 6 10 13 13 8 12 10 7 19 20 22 18 16 10 10 16 18 3 32767 0 4 1 1 6 11 12 13 15 16 4 7 32767 32767 32767 32767 32767 9 20 28 32767 32767 13 24 9 16 20 22 20 9 8 3 1 0 0 0 0 4 19 21 26 21 32767 32767 19 6 2 0 4 5 2 21 16 3 0 0 0 0 2
-9999 -9999 -9999 -9999 -9999 -9999 14 7 16 12 13 14 4 3 4 9 7 9 16 13 11 15 7 18 17 15 15 14 16 15 16 11 17 2 0 2 5 3 7 9 11 13 13 18 8 7 5 32767 32767 32767 32767 32767 32767 9 22 27 32767 32767 16 16 18 19 18 11 10 7 1 0 0 0 0 1 9 12 18 17 26 32 29 32767 14 1 0 2 5 4 1 7 3 0 0 0 0 1
-9999 -9999 -9999 -9999 -9999 -9999 18 18 11 13 15 13 10 3 3 8 7 8 7 16 15 14 20 27 16 11 0 9 17 23 19 19 10 32767 5 4 4 9 7 9 12 16 18 17 18 10 7 32767 32767 32767 32767 32767 32767 8 22 21 32767 32767 11 19 20 12 17 13 11 8 3 0 0 0 1 7 14 14 17 16 15 17 22 32767 14 2 1 3 5 5 5 5 11 1 0 0 0 0
-9999 -9999 -9999 -9999 -9999 -9999 -9999 12 8 11 18 17 6 6 9 8 8 5 7 12 17 18 22 27 10 0 0 10 16 14 15 17 6 5 5 10 14 15 10 17 12 15 24 24 10 12 7 32767 32767 32767 32767 32767 32767 1 19 17 25 32767 32767 18 15 11 16 14 15 10 5 2 0 0 11 13 12 14 14 13 15 16 16 29 18 11 2 3 7 4 6 9 13 1 1 0 0 0
-9999 -9999 -9999 -9999 -9999 -9999 -9999 10 5 6 18 23 31 8 8 7 8 11 4 11 16 16 18 23 18 11 0 10 19 21 10 18 32767 12 15 13 16 13 14 13 17 23 23 27 26 18 7 32767 32767 32767 32767 32767 32767 32767 13 19 25 16 32767 11 17 16 11 15 12 9 5 2 0 0 12 15 13 14 14 16 16 17 17 27 20 17 8 4 2 4 5 7 8 4 1 1 0 0
-9999 -9999 -9999 -9999 -9999 -9999 -9999 -9999 4 9 11 30 23 25 12 8 8 4 6 16 19 14 15 19 24 22 23 24 20 17 12 16 32767 18 17 15 12 15 15 14 16 20 24 23 23 17 32767 32767 32767 32767 32767 32767 32767 32767 12 18 26 28 32767 32767 17 18 18 20 20 22 10 5 0 0 10 17 14 16 15 19 17 18 21 24 32767 21 20 2 1 2 5 5 1 4 2 1 1 1
-9999 -9999 -9999 -9999 -9999 -9999 -9999 -9999 -9999 6 7 17 24 28 27 24 8 8 7 18 12 18 14 13 13 17 26 18 22 21 12 9 10 15 12 7 10 6 7 14 19 21 28 21 22 32767 32767 5 32767 32767 32767 32767 32767 32767 13 23 24 27 17 32767 8 29 17 19 17 15 10 2 0 0 9 14 17 17 19 19 18 20 19 23 32767 23 15 6 4 5 7 7 2 2 0 0 3 1
-9999 -9999 -9999 -9999 -9999 -9999 -9999 -9999 -9999 -9999 4 16 32 33 27 27 24 20 23 10 8 18 17 14 16 13 15 18 21 26 9 32767 13 19 8 4 5 3 6 14 19 21 34 23 22 32767 32767 0 2 32767 32767 32767 32767 32767 15 24 23 20 28 32767 32767 19 17 18 17 16 12 3 0 0 9 16 19 20 20 20 19 20 19 25 32767 29 20 17 8 14 9 13 3 1 0 0 5 4
-9999 -9999 -9999 -9999 -9999 -9999 -9999 -9999 -9999 -9999 10 12 32 31 29 32 26 16 25 16 12 11 19 14 16 15 16 23 26 17 32767 8 22 13 9 12 5 3 1 15 27 24 30 24 24 21 32767 32767 32767 32767 32767 32767 32767 32767 32767 19 20 22 28 17 32767 32767 20 18 12 18 16 10 14 14 18 19 19 20 20 20 20 20 20 26 26 24 30 17 18 20 17 18 12 3 2 0 4 13
-9999 -9999 -9999 -9999 -9999 -9999 -9999 -9999 13 18 21 20 27 28 30 32 26 16 24 15 19 17 19 16 13 15 12 18 19 11 14 16 14 7 6 5 5 7 8 18 16 22 26 24 27 28 32767 32767 32767 32767 32767 32767 32767 32767 32767 12 30 27 23 19 32767 32767 14 25 20 15 19 21 19 19 21 22 21 20 20 20 20 20 25 24 24 32767 27 26 23 22 20 19 14 5 4 1 5 7
-9999 -9999 -9999 -9999 -9999 -9999 -9999 -9999 20 21 22 22 18 19 19 20 19 19 23 13 17 16 16 15 15 15 16 16 7 32767 16 13 6 5 3 9 2 7 15 17 24 29 27 22 24 24 15 32767 32767 32767 32767 32767 32767 32767 32767 7 26 23 24 27 19 32767 32767 28 20 19 24 24 20 26 27 25 20 20 19 20 22 26 24 25 25 28 32767 27 24 24 24 18 14 6 3 1 5 10
-9999 -9999 -9999 -9999 -9999 -9999 -9999 -9999 25 26 20 22 19 12 7 23 30 25 24 19 18 13 11 19 16 17 12 5 32767 3 8 11 8 3 0 0 1 6 15 21 28 30 24 21 19 28 26 16 32767 32767 32767 32767 32767 32767 32767 32767 7 16 25 22 28 12 32767 4 27 18 33 27 27 28 26 24 21 19 19 20 25 23 20 25 26 25 28 32767 23 23 23 17 14 4 1 0 5 13
-9999 -9999 -9999 -9999 -9999 -9999 -9999 -9999 16 15 15 18 1 32767 1 11 20 18 18 23 18 13 17 15 16 3 2 32767 0 7 11 8 6 2 0 0 6 7 13 19 21 21 29 21 19 21 23 12 32767 32767 32767 32767 32767 32767 32767 32767 32767 10 17 23 26 27 32767 32767 13 10 10 13 17 20 21 22 20 20 18 20 23 24 21 23 24 23 23 23 23 23 19 17 4 2 0 0 1 7
-9999 -9999 -9999 -9999 -9999 -9999 -9999 -9999 19 17 32767 32767 32767 32767 32767 32767 0 1 5 15 14 13 3 3 32767 32767 1 3 2 6 16 4 5 4 3 1 8 17 20 21 17 21 21 22 22 22 25 25 27 25 32767 32767 32767 32767 32767 32767 32767 9 17 21 37 26 22 32767 4 6 3 2 2 14 20 24 21 20 19 19 22 23 23 25 24 25 24 25 23 32767 20 19 4 1 0 0 1 7
-9999 -9999 -9999 -9999 -9999 -9999 -9999 -9999 32767 25 22 19 14 0 4 1 4 32767 32767 0 0 4 32767 32767 4 4 12 6 0 1 3 3 6 9 14 17 21 24 21 18 7 11 23 22 22 25 24 25 23 25 32 31 27 23 18 32767 32767 32767 25 18 28 27 24 32767 32767 1 4 0 0 1 18 21 20 20 20 20 22 23 25 30 31 33 26 27 28 28 24 18 17 1 2 2 3 5
-9999 -9999 -9999 -9999 -9999 -9999 -9999 -9999 22 22 27 24 21 17 9 1 0 0 0 0 4 4 8 9 20 12 3 4 1 5 6 7 11 10 16 18 27 30 21 22 12 12 22 21 22 25 20 23 23 20 25 25 25 22 22 20 26 23 23 30 28 25 34 18 32767 32767 3 2 1 3 4 20 20 19 20 23 21 25 27 30 29 31 26 24 27 22 29 29 20 18 9 8 3 5
-9999 -9999 -9999 -9999 -9999 -9999 -9999 -9999 -9999 -9999 27 25 32 21 18 12 0 0 3 4 3 8 8 5 4 4 3 6 4 10 10 3 3 5 22 33 25 28 27 19 17 16 19 20 21 19 19 18 24 22 34 31 19 20 11 16 25 24 24 25 28 29 32 29 15 32767 3 7 3 2 0 5 19 24 22 27 30 30 26 30 31 26 27 24 28 26 32767 25 20 23 20 13 3 5
-9999 -9999 -9999 -9999 -9999 -9999 -9999 -9999 -9999 -9999 27 25 29 26 24 17 7 7 6 3 3 3 3 3 3 4 3 3 10 4 4 3 6 21 35 29 28 30 29 23 21 24 23 18 24 17 24 20 25 25 23 23 19 16 14 12 14 14 24 24 27 26 28 31 24 32767 32767 3 3 2 2 1 16 23 29 36 33 30 31 27 27 26 27 25 25 27 25 22 32767 19 24 18 17 13
-9999 -9999 -9999 -9999 -9999 -9999 -9999 -9999 20 28 22 30 30 27 23 18 10 6 7 7 3 3 4 3 2 2 2 3 4 1 4 4 8 25 32 28 29 30 31 30 31 25 22 18 12 12 13 18 23 26 25 14 11 9 9 14 18 19 20 14 24 31 27 29 32 17 32767 3 3 4 0 0 4 17 22 33 29 29 29 30 27 27 26 27 24 25 28 24 24 24 23 24 23 21
-9999 -9999 -9999 -9999 -9999 -9999 -9999 -9999 14 24 29 29 25 19 22 21 10 8 7 5 10 10 2 0 0 0 0 1 1 1 3 10 13 25 33 30 29 29 29 29 29 27 25 24 20 18 12 11 21 14 6 9 9 5 6 15 20 13 15 16 9 18 28 28 29 28 32767 32767 3 3 0 0 1 17 18 31 27 27 26 26 26 25 22 24 22 21 21 23 27 24 24 29 23 24
-9999 -9999 -9999 -9999 -9999 -9999 -9999 32767 16 26 32 31 27 21 20 21 10 8 6 5 4 4 1 0 0 0 0 0 3 1 3 9 22 20 27 27 28 30 29 30 29 26 26 24 20 19 13 14 19 9 3 3 3 3 3 7 13 16 7 7 20 18 27 29 28 30 20 32767 2 4 0 0 0 4 11 27 23 26 25 23 26 24 24 24 29 25 24 24 25 32767 25 25 33 36
-9999 -9999 -9999 -9999 -9999 -9999 -9999 32767 18 22 22 23 21 22 20 18 13 9 4 4 4 4 1 0 2 2 1 1 6 9 13 15 24 22 26 31 27 30 28 29 30 29 25 18 26 24 23 17 17 21 8 6 3 2 3 5 9 8 7 5 14 10 24 30 28 32 24 32767 32767 3 0 0 2 5 21 26 23 33 29 29 25 25 28 30 26 22 27 20 25 25 32767 32767 32767 32767
-9999 -9999 -9999 -9999 -9999 -9999 21 32767 15 22 22 21 17 21 20 18 19 6 6 5 2 4 4 0 0 2 3 5 6 11 16 18 25 29 21 27 27 28 28 29 28 32 31 22 22 25 23 23 21 33 24 18 7 3 3 4 5 8 8 6 12 12 22 26 27 26 32 19 32767 1 6 0 0 15 29 28 28 28 29 29 30 31 26 26 27 24 25 25 27 25 28 26 22 22
-9999 -9999 -9999 -9999 -9999 16 22 32767 18 27 19 17 22 23 22 16 19 20 16 17 4 4 3 3 4 11 8 8 11 13 15 26 21 24 26 26 28 29 26 27 31 32 37 25 20 24 26 20 27 28 28 28 22 10 7 10 5 4 3 6 6 16 22 25 28 27 30 23 32767 32767 2 4 2 23 29 28 27 29 27 25 28 25 23 26 26 25 26 23 20 24 27 26 22 24
-9999 -9999 -9999 -9999 -9999 17 17 32767 12 25 19 13 21 24 21 18 17 24 20 20 18 8 6 8 5 5 6 10 11 9 18 16 22 27 26 28 30 31 26 27 33 25 21 18 27 20 29 25 29 27 27 26 28 20 20 6 8 6 4 5 4 17 18 28 29 29 27 28 32767 32767 2 6 1 19 27 26 27 26 30 27 26 27 26 24 26 26 22 22 17 25 23 19 19 21
-9999 -9999 -9999 -9999 13 13 19 32767 18 22 24 19 25 24 21 20 21 23 24 20 22 17 12 7 4 6 8 8 8 9 11 15 25 26 26 26 28 28 26 34 23 21 21 22 27 18 22 27 31 28 28 28 27 28 23 10 16 8 13 7 8 10 19 26 29 29 27 32 25 32767 32767 5 0 22 20 27 28 29 30 29 25 -9999 -9999 -9999 28 35 25 23 22 25 19 17 17 21
-9999 -9999 -9999 -9999 14 16 17 32767 24 21 22 23 24 24 22 20 21 24 35 23 25 15 16 14 13 13 8 8 10 12 8 11 19 28 25 26 30 22 34 20 21 21 19 21 31 22 29 29 28 32 27 29 28 28 20 24 12 16 8 11 14 5 17 21 26 29 29 30 29 32767 32767 1 2 -9999 -9999 -9999 -9999 -9999 -9999 -9999 -9999 -9999 -9999 -9999 -9999 -9999 -9999 -9999 26 -9999 -9999 -9999 20 20
-9999 -9999 -9999 17 9 16 32767 12 21 24 24 19 19 24 24 22 19 30 19 22 23 10 14 15 15 15 14 10 10 12 8 14 28 29 28 26 26 26 23 23 19 20 21 22 17 34 26 27 27 33 25 28 27 27 27 20 18 14 15 9 9 9 19 26 27 27 28 31 35 17 32767 4 -9999 -9999 -9999 -9999 -9999 -9999 -9999 -9999 -9999 -9999 -9999 -9999 -9999 -9999 -9999 -9999 -9999 -9999 -9999 -9999 20 21
-9999 -9999 -9999 10 19 32767 15 21 21 21 21 15 20 20 24 23 19 27 20 19 15 11 11 19 13 16 13 10 6 12 11 19 30 30 31 30 28 26 25 23 18 27 20 18 20 21 28 20 30 27 30 28 27 27 29 30 28 25 12 17 7 9 17 24 28 26 27 28 28 26 32767 -9999 -9999 -9999 -9999 -9999 -9999 -9999 -9999 -9999 -9999 -9999 -9999 -9999 -9999 -9999 -9999 -9999 -9999 -9999 -9999 -9999 -9999 21
-9999 -9999 -9999 -9999 16 28 18 17 21 16 20 14 18 19 19 19 21 29 21 17 7 5 11 11 11 12 7 9 15 17 13 22 30 28 28 30 32 26 27 21 24 35 27 19 20 20 26 21 26 27 27 26 25 32 28 28 29 20 24 12 9 9 14 24 26 28 26 29 28 25 -9999 -9999 -9999 -9999 -9999 -9999 -9999 -9999 -9999 -9999 -9999 -9999 -9999 -9999 -9999 -9999 -9999 -9999 -9999 -9999 -9999 -9999 -9999 21
-9999 -9999 -9999 -9999 12 17 29 18 22 19 23 20 22 20 20 23 20 21 21 13 10 1 4 7 12 18 12 12 11 17 18 23 20 31 30 29 28 31 26 25 19 23 36 23 36 33 20 31 32 26 26 29 28 29 28 28 27 27 19 20 23 17 20 21 17 25 19 33 25 -9999 -9999 -9999 -9999 -9999 -9999 -9999 -9999 -9999 -9999 -9999 -9999 -9999 -9999 -9999 -9999 -9999 -9999 -9999 -9999 -9999 -9999 -9999 -9999 -9999
-9999 -9999 -9999 -9999 12 16 17 17 23 28 24 23 22 21 23 23 -9999 -9999 -9999 8 4 1 2 6 6 12 13 22 22 21 24 20 26 31 31 26 23 25 21 23 26 32 32 37 19 38 27 23 24 18 23 26 26 28 26 27 31 32 28 28 13 21 14 21 28 18 29 21 20 -9999 -9999 -9999 -9999 -9999 -9999 -9999 -9999 -9999 -9999 -9999 -9999 -9999 -9999 -9999 -9999 -9999 -9999 -9999 -9999 -9999 -9999 -9999 -9999 -9999
-9999 -9999 -9999 -9999 25 18 16 16 22 25 24 21 22 20 20 25 -9999 -9999 -9999 -9999 0 0 0 1 7 18 20 24 14 10 19 19 22 22 26 28 28 21 31 32 33 24 23 22 18 34 29 20 23 27 24 27 28 22 22 28 31 29 27 26 23 27 23 22 25 19 32767 32767 32767 12 -9999 -9999 -9999 -9999 -9999 -9999 -9999 -9999 -9999 -9999 -9999 -9999 -9999 -9999 -9999 -9999 -9999 -9999 -9999 -9999 -9999 -9999 -9999 -9999
-9999 -9999 -9999 -9999 -9999 -9999 -9999 20 25 25 24 23 25 20 -9999 -9999 -9999 -9999 -9999 -9999 1 0 0 0 10 14 14 19 5 10 8 29 23 23 21 27 26 27 27 28 29 28 24 29 34 19 19 23 25 22 28 23 20 24 26 20 29 29 27 23 29 23 17 32767 32767 17 28 31 25 32767 -9999 -9999 -9999 -9999 -9999 -9999 -9999 -9999 -9999 -9999 -9999 -9999 -9999 -9999 -9999 -9999 -9999 -9999 -9999 -9999 -9999 -9999 -9999 -9999
-9999 -9999 -9999 -9999 -9999 -9999 -9999 -9999 25 24 24 24 24 -9999 -9999 -9999 -9999 -9999 -9999 -9999 1 0 0 0 3 5 6 9 3 1 16 11 25 20 30 27 26 26 30 27 29 29 32 24 21 20 24 24 21 20 18 24 22 23 23 26 26 30 30 20 25 32767 32767 18 21 24 34 24 24 32767 20 19 -9999 -9999 -9999 -9999 -9999 -9999 -9999 -9999 -9999 -9999 -9999 -9999 -9999 -9999 -9999 -9999 -9999 -9999 -9999 -9999 -9999 -9999
-9999 -9999 -9999 -9999 -9999 -9999 -9999 -9999 -9999 23 24 23 -9999 -9999 -9999 -9999 -9999 -9999 -9999 -9999 1 0 2 3 1 4 1 0 0 0 5 10 25 24 29 22 21 18 25 28 22 28 29 28 29 24 24 19 20 20 25 25 23 21 23 23 23 28 27 20 32767 26 18 21 25 23 19 32 24 24 21 29 32767 -9999 -9999 -9999 -9999 -9999 -9999 -9999 -9999 -9999 -9999 -9999 -9999 -9999 -9999 -9999 -9999 -9999 -9999 -9999 -9999 -9999
-9999 -9999 -9999 -9999 -9999 -9999 -9999 -9999 -9999 -9999 -9999 -9999 -9999 -9999 -9999 -9999 -9999 -9999 -9999 -9999 18 4 1 2 0 0 0 0 0 0 4 5 17 26 25 24 24 23 28 22 25 31 29 31 29 21 20 16 20 20 18 18 22 20 23 21 22 32 32767 29 27 26 23 19 23 26 26 29 34 16 32767 28 32767 -9999 -9999 -9999 -9999 -9999 -9999 -9999 -9999 -9999 -9999 -9999 -9999 -9999 -9999 -9999 -9999 -9999 -9999 -9999 -9999 -9999
-9999 -9999 -9999 -9999 -9999 -9999 -9999 -9999 -9999 -9999 -9999 -9999 -9999 -9999 -9999 -9999 -9999 -9999 -9999 -9999 22 5 0 0 0 0 0 0 0 0 3 4 9 18 13 14 17 23 25 24 26 29 30 23 21 21 21 19 20 22 20 24 23 20 17 15 21 32767 29 32 26 27 24 20 22 17 19 34 29 30 32767 29 32767 32767 -9999 -9999 -9999 -9999 -9999 -9999 -9999 -9999 -9999 -9999 -9999 -9999 -9999 -9999 -9999 -9999 -9999 -9999 -9999 -9999
-9999 -9999 -9999 -9999 -9999 -9999 -9999 -9999 -9999 -9999 -9999 -9999 -9999 -9999 -9999 -9999 -9999 -9999 -9999 -9999 17 4 0 0 0 0 0 0 0 0 2 0 6 8 16 21 19 23 24 26 25 29 30 27 23 21 20 23 23 20 22 21 23 20 15 32767 30 25 30 26 20 23 23 22 22 18 25 27 28 25 20 19 32767 32767 -9999 -9999 -9999 -9999 -9999 -9999 -9999 -9999 -9999 -9999 -9999 -9999 -9999 -9999 -9999 -9999 -9999 -9999 -9999 -9999
-9999 -9999 -9999 -9999 -9999 -9999 -9999 -9999 -9999 -9999 -9999 -9999 -9999 -9999 -9999 -9999 -9999 -9999 -9999 -9999 23 0 0 0 2 0 0 0 0 1 0 0 0 1 13 8 27 27 22 28 18 22 24 24 25 23 18 21 22 21 21 20 22 32767 17 28 28 28 32 32 30 25 20 24 21 23 26 27 29 21 24 32767 22 32767 -9999 -9999 -9999 -9999 -9999 -9999 -9999 -9999 -9999 -9999 -9999 -9999 -9999 -9999 -9999 -9999 -9999 -9999 -9999 -9999
-9999 -9999 -9999 -9999 -9999 -9999 -9999 -9999 -9999 -9999 -9999 -9999 -9999 -9999 -9999 -9999 -9999 -9999 -9999 -9999 1 0 0 3 3 2 0 0 0 4 1 0 0 0 9 8 19 24 25 25 24 26 20 26 28 20 14 19 23 22 20 17 32767 24 28 28 31 32 27 31 26 29 27 20 21 24 -9999 33 32 29 28 24 18 32767 6 -9999 -9999 -9999 -9999 -9999 -9999 -9999 -9999 -9999 -9999 -9999 -9999 -9999 -9999 -9999 -9999 -9999 -9999 -9999
-9999 -9999 -9999 -9999 -9999 -9999 -9999 -9999 -9999 -9999 -9999 -9999 -9999 -9999 -9999 -9999 -9999 -9999 -9999 -9999 -9999 -9999 0 2 2 0 0 0 2 4 4 0 0 0 8 17 17 19 23 20 19 21 26 26 26 20 12 14 17 20 32767 19 24 22 24 24 27 26 25 27 28 29 27 27 24 25 -9999 -9999 -9999 -9999 -9999 -9999 -9999 32767 2 -9999 -9999 -9999 -9999 -9999 -9999 -9999 -9999 -9999 -9999 -9999 -9999 -9999 -9999 -9999 -9999 -9999 -9999 -9999
