ValueNro_2398/sve_ValueNro_2398_ppa.asc
ncols        141
nrows        228
xllcorner    356256.000000000000
yllcorner    6857312.000000000000
cellsize     16.000000000000
NODATA_value -9999
[rows 84 to 125 of 228, columns 0 to 93 of 141]
-9999 -9999 -9999 -9999 -9999 -9999 -9999 -9999 -9999 -9999 -9999 -9999 -9999 -9999 -9999 -9999 -9999 -9999 -9999 -9999 -9999 -9999 -9999 -9999 -9999 -9999 -9999 -9999 -9999 -9999 -9999 -9999 -9999 -9999 -9999 -9999 -9999 -9999 -9999 -9999 -9999 -9999 -9999 -9999 -9999 -9999 -9999 -9999 -9999 -9999 -9999 -9999 -9999 -9999 -9999 -9999 -9999 -9999 -9999 -9999 -9999 -9999 -9999 -9999 -9999 -9999 -9999 -9999 -9999 -9999 -9999 26 28 27 28 34 18 22 25 24 18 23 8 5 5 5 9 8 17 23 24 22 25 27
-9999 -9999 -9999 -9999 -9999 -9999 -9999 -9999 -9999 -9999 -9999 -9999 -9999 -9999 -9999 -9999 -9999 -9999 -9999 -9999 -9999 -9999 -9999 -9999 -9999 -9999 -9999 -9999 -9999 -9999 -9999 -9999 -9999 -9999 -9999 -9999 -9999 -9999 -9999 -9999 -9999 -9999 -9999 -9999 -9999 -9999 -9999 -9999 -9999 -9999 -9999 -9999 -9999 -9999 -9999 -9999 -9999 -9999 -9999 -9999 -9999 -9999 -9999 -9999 -9999 -9999 -9999 -9999 -9999 -9999 -9999 -9999 29 29 28 34 26 19 26 24 20 7 11 8 11 13 23 18 24 18 23 32767 32767 34
-9999 -9999 -9999 -9999 -9999 -9999 -9999 -9999 -9999 -9999 -9999 -9999 -9999 -9999 -9999 -9999 -9999 -9999 -9999 -9999 -9999 -9999 -9999 -9999 -9999 -9999 -9999 -9999 -9999 -9999 -9999 -9999 -9999 -9999 -9999 -9999 -9999 -9999 -9999 -9999 -9999 -9999 -9999 -9999 -9999 -9999 -9999 -9999 -9999 -9999 -9999 -9999 -9999 -9999 -9999 -9999 -9999 -9999 -9999 -9999 -9999 -9999 -9999 -9999 -9999 -9999 -9999 -9999 -9999 -9999 -9999 -9999 -9999 27 28 27 33 28 28 25 22 23 16 14 21 26 24 21 32767 32767 23 27 20 21
-9999 -9999 -9999 -9999 -9999 -9999 -9999 -9999 -9999 -9999 -9999 -9999 -9999 -9999 -9999 -9999 -9999 -9999 -9999 -9999 -9999 -9999 -9999 -9999 -9999 -9999 -9999 -9999 -9999 -9999 -9999 -9999 -9999 -9999 -9999 -9999 -9999 -9999 -9999 -9999 -9999 -9999 -9999 -9999 -9999 -9999 -9999 -9999 -9999 -9999 -9999 -9999 -9999 -9999 -9999 -9999 -9999 -9999 -9999 -9999 -9999 -9999 -9999 -9999 -9999 -9999 -9999 -9999 -9999 -9999 -9999 -9999 -9999 23 22 28 31 31 29 27 21 25 23 23 16 32 32767 32767 29 29 27 24 20 22
-9999 -9999 -9999 -9999 -9999 -9999 -9999 -9999 -9999 -9999 -9999 -9999 -9999 -9999 -9999 -9999 -9999 -9999 -9999 -9999 -9999 -9999 -9999 -9999 -9999 -9999 -9999 -9999 -9999 -9999 -9999 -9999 -9999 -9999 -9999 -9999 -9999 -9999 -9999 -9999 -9999 -9999 -9999 -9999 -9999 -9999 -9999 -9999 -9999 -9999 -9999 -9999 -9999 -9999 -9999 -9999 -9999 -9999 -9999 -9999 -9999 -9999 -9999 -9999 -9999 -9999 -9999 -9999 -9999 -9999 -9999 -9999 -9999 -9999 -9999 31 27 28 28 29 23 23 20 32767 32767 32 28 29 28 31 28 25 25 23
-9999 -9999 -9999 -9999 -9999 -9999 -9999 -9999 -9999 -9999 -9999 -9999 -9999 -9999 -9999 -9999 -9999 -9999 -9999 -9999 -9999 -9999 -9999 -9999 -9999 -9999 -9999 -9999 -9999 -9999 -9999 -9999 -9999 -9999 -9999 -9999 -9999 -9999 -9999 -9999 -9999 -9999 -9999 -9999 -9999 -9999 -9999 -9999 -9999 -9999 -9999 -9999 -9999 -9999 -9999 -9999 -9999 -9999 -9999 -9999 -9999 -9999 -9999 -9999 -9999 -9999 -9999 -9999 -9999 -9999 -9999 -9999 -9999 -9999 -9999 -9999 28 28 29 30 32767 32767 18 12 21 29 28 31 29 28 28 26 24 22
-9999 -9999 -9999 -9999 -9999 -9999 -9999 -9999 -9999 -9999 -9999 -9999 -9999 -9999 -9999 -9999 -9999 -9999 -9999 -9999 -9999 -9999 -9999 -9999 -9999 -9999 -9999 -9999 -9999 -9999 -9999 -9999 -9999 -9999 -9999 -9999 -9999 -9999 -9999 -9999 -9999 -9999 -9999 -9999 -9999 -9999 -9999 -9999 -9999 -9999 -9999 -9999 -9999 -9999 -9999 -9999 -9999 -9999 -9999 -9999 -9999 -9999 -9999 -9999 -9999 -9999 -9999 -9999 -9999 -9999 -9999 -9999 -9999 -9999 -9999 -9999 -9999 24 32767 29 29 31 33 13 13 16 24 30 33 29 26 28 26 23
-9999 -9999 -9999 -9999 -9999 -9999 -9999 -9999 -9999 -9999 -9999 -9999 -9999 -9999 -9999 -9999 -9999 -9999 -9999 -9999 -9999 -9999 -9999 -9999 -9999 -9999 -9999 -9999 -9999 -9999 -9999 -9999 -9999 -9999 -9999 -9999 -9999 -9999 -9999 -9999 -9999 -9999 -9999 -9999 -9999 -9999 -9999 -9999 -9999 -9999 -9999 -9999 -9999 -9999 -9999 -9999 -9999 -9999 -9999 -9999 -9999 -9999 -9999 -9999 -9999 -9999 -9999 -9999 -9999 -9999 -9999 -9999 -9999 -9999 -9999 -9999 -9999 32767 28 30 29 23 23 9 13 12 9 23 24 24 24 20 13 16
-9999 -9999 -9999 -9999 -9999 -9999 -9999 -9999 -9999 -9999 -9999 -9999 -9999 -9999 -9999 -9999 -9999 -9999 -9999 -9999 -9999 -9999 -9999 -9999 -9999 -9999 -9999 -9999 -9999 -9999 -9999 -9999 -9999 -9999 -9999 -9999 -9999 -9999 -9999 -9999 -9999 -9999 -9999 -9999 -9999 -9999 -9999 -9999 -9999 -9999 -9999 -9999 -9999 -9999 -9999 -9999 -9999 -9999 -9999 -9999 -9999 -9999 -9999 -9999 -9999 -9999 -9999 -9999 -9999 -9999 -9999 -9999 -9999 -9999 -9999 -9999 -9999 26 21 25 27 26 18 8 6 8 3 8 22 26 20 9 4 11
-9999 -9999 -9999 -9999 -9999 -9999 -9999 -9999 -9999 -9999 -9999 -9999 -9999 -9999 -9999 -9999 -9999 -9999 -9999 -9999 -9999 -9999 -9999 -9999 -9999 -9999 -9999 -9999 -9999 -9999 -9999 -9999 -9999 -9999 -9999 -9999 -9999 -9999 -9999 -9999 -9999 -9999 -9999 -9999 -9999 -9999 -9999 -9999 -9999 -9999 -9999 -9999 -9999 -9999 -9999 -9999 -9999 -9999 -9999 -9999 -9999 -9999 -9999 -9999 -9999 -9999 -9999 -9999 -9999 -9999 -9999 -9999 -9999 -9999 -9999 -9999 -9999 -9999 1 19 20 16 13 6 4 3 7 15 11 13 8 6 7 3
-9999 -9999 -9999 -9999 -9999 -9999 -9999 -9999 -9999 -9999 -9999 -9999 -9999 -9999 -9999 -9999 -9999 -9999 -9999 -9999 -9999 -9999 -9999 -9999 -9999 -9999 -9999 -9999 -9999 -9999 -9999 -9999 -9999 -9999 -9999 -9999 -9999 -9999 -9999 -9999 -9999 -9999 -9999 -9999 -9999 -9999 -9999 -9999 -9999 -9999 -9999 -9999 -9999 -9999 -9999 -9999 -9999 -9999 -9999 -9999 -9999 -9999 -9999 -9999 -9999 -9999 -9999 -9999 -9999 -9999 -9999 -9999 -9999 -9999 -9999 -9999 -9999 -9999 -9999 -9999 7 32767 32767 6 3 4 6 9 15 15 2 1 2 32767
-9999 -9999 -9999 -9999 -9999 -9999 -9999 -9999 -9999 -9999 -9999 -9999 -9999 -9999 -9999 -9999 -9999 -9999 -9999 -9999 -9999 -9999 -9999 -9999 -9999 -9999 -9999 -9999 -9999 -9999 -9999 -9999 -9999 -9999 -9999 -9999 -9999 -9999 -9999 -9999 -9999 -9999 -9999 -9999 -9999 -9999 -9999 -9999 -9999 -9999 -9999 -9999 -9999 -9999 -9999 -9999 -9999 -9999 -9999 -9999 -9999 -9999 -9999 -9999 -9999 -9999 -9999 -9999 -9999 -9999 -9999 -9999 -9999 -9999 -9999 -9999 -9999 -9999 -9999 32767 32767 32767 7 9 6 9 6 5 8 5 3 0 0 32767
-9999 -9999 -9999 -9999 -9999 -9999 -9999 -9999 -9999 -9999 -9999 -9999 -9999 -9999 -9999 -9999 -9999 -9999 -9999 -9999 -9999 -9999 -9999 -9999 -9999 -9999 -9999 -9999 -9999 -9999 -9999 -9999 -9999 -9999 -9999 -9999 -9999 -9999 -9999 -9999 -9999 -9999 -9999 -9999 -9999 -9999 -9999 -9999 -9999 -9999 -9999 -9999 -9999 -9999 -9999 -9999 -9999 -9999 -9999 -9999 -9999 -9999 -9999 -9999 -9999 -9999 -9999 -9999 -9999 -9999 -9999 -9999 -9999 -9999 -9999 -9999 -9999 -9999 32767 32767 32767 32767 6 9 5 1 4 14 13 11 9 6 1 32767
-9999 -9999 -9999 -9999 -9999 -9999 -9999 -9999 -9999 -9999 -9999 -9999 -9999 -9999 -9999 -9999 -9999 -9999 -9999 -9999 -9999 -9999 -9999 -9999 -9999 -9999 -9999 -9999 -9999 -9999 -9999 -9999 -9999 -9999 -9999 14 15 7 -9999 -9999 -9999 -9999 -9999 -9999 -9999 -9999 -9999 -9999 -9999 -9999 -9999 -9999 -9999 -9999 -9999 -9999 -9999 -9999 -9999 -9999 -9999 -9999 -9999 -9999 -9999 -9999 -9999 -9999 -9999 -9999 -9999 -9999 -9999 -9999 -9999 -9999 -9999 32767 32767 32767 32767 6 4 6 6 8 7 18 15 18 32767 32767 32767 9
-9999 -9999 -9999 -9999 -9999 -9999 -9999 -9999 -9999 -9999 -9999 -9999 -9999 -9999 -9999 -9999 -9999 -9999 -9999 -9999 -9999 -9999 -9999 -9999 -9999 -9999 -9999 -9999 -9999 -9999 -9999 -9999 -9999 -9999 4 20 17 32767 10 -9999 -9999 -9999 -9999 -9999 -9999 -9999 -9999 -9999 -9999 -9999 -9999 -9999 -9999 -9999 32767 32767 32767 32767 32767 -9999 -9999 -9999 -9999 -9999 -9999 -9999 -9999 -9999 -9999 -9999 -9999 -9999 -9999 -9999 -9999 -9999 32767 32767 32767 1 4 32767 2 3 4 4 8 32767 32767 32767 32767 32767 32767 32767
-9999 -9999 -9999 -9999 -9999 -9999 -9999 -9999 -9999 -9999 -9999 -9999 -9999 -9999 -9999 -9999 -9999 -9999 -9999 -9999 -9999 -9999 -9999 -9999 -9999 -9999 -9999 -9999 -9999 -9999 -9999 -9999 -9999 32767 10 17 13 32767 32767 11 29 32767 -9999 -9999 -9999 -9999 -9999 -9999 -9999 -9999 -9999 -9999 -9999 32767 32767 32767 32767 32767 32767 21 -9999 -9999 -9999 -9999 -9999 -9999 -9999 -9999 -9999 -9999 -9999 -9999 -9999 -9999 -9999 32767 32767 32767 11 7 5 4 32767 32767 6 5 32767 32767 32767 32767 32767 32767 32767 32767
-9999 -9999 -9999 -9999 -9999 -9999 -9999 -9999 -9999 -9999 -9999 -9999 -9999 -9999 -9999 -9999 -9999 -9999 -9999 -9999 -9999 -9999 -9999 -9999 -9999 -9999 -9999 -9999 -9999 -9999 -9999 -9999 32767 19 14 9 32767 32767 32767 32767 32767 32767 32767 -9999 -9999 -9999 -9999 -9999 -9999 -9999 13 15 32767 32767 32767 32767 32767 32767 32767 15 13 -9999 -9999 -9999 -9999 -9999 -9999 -9999 -9999 -9999 -9999 -9999 -9999 -9999 32767 4 17 18 18 13 4 32767 32767 32767 32767 32767 32767 32767 32767 32767 32767 32767 32767 19
-9999 -9999 -9999 -9999 -9999 -9999 -9999 -9999 -9999 -9999 -9999 -9999 -9999 -9999 -9999 -9999 -9999 -9999 -9999 -9999 -9999 -9999 -9999 -9999 -9999 -9999 -9999 -9999 -9999 -9999 -9999 -9999 16 27 25 32767 32767 32767 32767 32767 32767 32767 32767 32767 12 32767 32767 32767 -9999 -9999 32767 32767 32767 32767 32767 32767 32767 32767 32767 32767 32767 -9999 -9999 -9999 -9999 -9999 -9999 -9999 -9999 -9999 -9999 -9999 -9999 2 32767 5 6 32767 32767 32767 32767 32767 32767 32767 32767 32767 32767 32767 32767 32767 32767 32767 11 21
-9999 -9999 -9999 -9999 -9999 -9999 -9999 -9999 -9999 -9999 -9999 -9999 -9999 -9999 -9999 -9999 -9999 -9999 -9999 -9999 -9999 -9999 -9999 -9999 -9999 -9999 -9999 -9999 -9999 -9999 -9999 3 18 25 27 21 19 32767 32767 32767 32767 32767 32767 32767 32767 11 22 17 18 23 10 32767 32767 32767 32767 32767 32767 32767 32767 5 3 2 5 16 17 15 20 5 32767 32767 32767 32767 32767 32767 32767 32767 32767 32767 32767 3 32767 32767 24 28 32767 32767 32767 32767 32767 32767 32767 32767 32767 3
-9999 -9999 -9999 -9999 -9999 -9999 -9999 -9999 -9999 -9999 -9999 -9999 -9999 -9999 -9999 -9999 -9999 -9999 -9999 -9999 -9999 -9999 -9999 -9999 -9999 -9999 -9999 -9999 -9999 -9999 22 22 19 23 33 25 23 25 21 19 9 32767 32767 32767 2 4 13 14 18 20 9 32767 11 10 20 32767 5 0 0 0 3 4 5 6 7 12 16 12 32767 32767 32767 32767 32767 32767 32767 32767 32767 32767 8 32767 32767 5 10 21 16 1 32767 32767 32767 32767 32767 32767 32767 32767
-9999 -9999 -9999 -9999 -9999 -9999 -9999 -9999 -9999 -9999 -9999 -9999 -9999 -9999 -9999 -9999 -9999 -9999 -9999 -9999 -9999 -9999 -9999 -9999 -9999 -9999 -9999 -9999 -9999 -9999 26 25 22 18 27 24 29 21 16 32767 32767 32767 32767 32767 32767 32767 8 13 18 20 14 32767 8 12 1 0 0 0 0 3 4 10 5 6 8 7 13 13 5 32767 32767 32767 32767 32767 32767 32767 32767 32767 23 20 32767 19 14 14 10 18 32767 32767 32767 32767 32767 32767 32767 32767
-9999 -9999 -9999 -9999 -9999 -9999 -9999 -9999 -9999 -9999 -9999 -9999 -9999 -9999 -9999 -9999 -9999 -9999 -9999 -9999 -9999 -9999 -9999 -9999 -9999 -9999 -9999 -9999 23 22 20 19 23 29 26 26 25 18 32767 32767 32767 32767 32767 32767 32767 32767 20 16 15 16 9 32767 9 11 1 0 0 0 0 5 11 7 16 14 11 9 10 11 11 32767 32767 32767 32767 32767 32767 32767 32767 32767 16 26 27 23 10 8 11 17 25 32767 32767 32767 32767 32767 32767 32767
-9999 -9999 -9999 -9999 -9999 -9999 -9999 -9999 -9999 -9999 -9999 -9999 -9999 -9999 -9999 -9999 -9999 -9999 -9999 -9999 -9999 -9999 -9999 -9999 -9999 -9999 -9999 22 20 21 22 22 21 26 18 23 32767 32767 32767 32767 32767 32767 32767 32767 32767 32767 32767 32767 17 21 21 14 8 7 1 0 0 0 0 8 14 9 14 18 12 5 13 14 9 16 32767 32767 32767 32767 32767 32767 32767 32767 2 31 32 24 15 9 14 17 15 32767 32767 32767 32767 32767 32767 32767
-9999 -9999 -9999 -9999 -9999 -9999 -9999 -9999 -9999 -9999 -9999 -9999 -9999 -9999 -9999 -9999 -9999 -9999 -9999 -9999 -9999 -9999 -9999 -9999 -9999 24 21 20 35 22 24 18 16 16 19 32767 32767 32767 32767 32767 32767 32767 32767 32767 32767 32767 15 7 32767 32767 32767 11 1 4 4 0 0 0 0 8 14 8 12 18 7 4 11 16 15 20 7 32767 32767 32767 32767 32767 32767 32767 1 25 25 19 23 12 4 10 14 28 32767 32767 32767 32767 32767 32767
-9999 -9999 -9999 -9999 -9999 -9999 -9999 -9999 -9999 -9999 -9999 -9999 -9999 -9999 -9999 -9999 -9999 -9999 -9999 -9999 -9999 -9999 -9999 -9999 21 21 20 34 24 22 15 15 15 14 15 32767 32767 32767 32767 32767 32767 32767 32767 32767 32767 6 32767 32767 32767 32767 32767 9 5 4 2 0 0 0 2 4 13 13 14 12 4 5 13 16 12 19 13 19 32767 32767 32767 32767 5 6 25 20 22 22 22 16 16 7 17 20 32767 32767 32767 32767 32767 32767
-9999 -9999 -9999 -9999 -9999 -9999 -9999 -9999 -9999 -9999 -9999 -9999 -9999 -9999 -9999 -9999 -9999 -9999 -9999 -9999 -9999 -9999 -9999 19 21 33 29 27 14 12 13 19 16 11 12 17 32767 32767 32767 2 32767 32767 32767 32767 32767 32767 11 12 32767 20 21 32767 4 5 2 0 0 2 3 4 5 12 11 7 4 7 16 15 19 11 18 14 9 32767 32767 3 14 19 18 3 15 26 23 19 21 11 9 32 25 32767 24 23 24 27
-9999 -9999 -9999 -9999 -9999 -9999 -9999 -9999 -9999 -9999 -9999 -9999 -9999 -9999 -9999 -9999 -9999 -9999 -9999 -9999 24 20 20 20 23 35 31 22 18 20 18 19 18 7 1 32767 32767 32767 15 32767 32767 32767 32767 31 22 23 25 27 27 21 20 18 14 9 3 0 0 2 3 5 14 17 8 7 8 16 16 16 22 14 18 16 18 13 9 32767 32767 4 32767 32767 4 18 24 24 17 18 20 22 22 26 27 23 27 24
-9999 -9999 -9999 -9999 -9999 -9999 -9999 -9999 -9999 -9999 -9999 -9999 -9999 -9999 -9999 -9999 -9999 -9999 -9999 20 21 20 19 31 25 33 27 21 14 16 12 8 16 32767 32767 32767 32767 32767 1 32767 32767 32767 32767 27 25 18 21 26 25 25 25 20 17 15 7 2 2 5 7 9 15 17 5 4 11 16 16 20 20 15 17 15 11 11 15 32767 32767 32767 32767 32767 32767 10 21 23 18 19 24 19 33 23 29 27 29 27
-9999 -9999 -9999 -9999 -9999 -9999 -9999 -9999 -9999 -9999 -9999 -9999 -9999 -9999 -9999 -9999 -9999 -9999 18 20 21 19 37 31 29 30 30 23 18 12 11 16 23 2 32767 32767 32767 32767 32767 32767 32767 32767 32767 26 29 22 25 23 29 25 23 32767 16 18 6 3 4 13 15 12 8 13 8 5 11 16 18 21 21 18 14 16 11 15 19 19 32767 32767 32767 32767 32767 32767 8 9 6 32767 16 19 24 28 29 25 26 18
-9999 -9999 -9999 -9999 -9999 -9999 -9999 -9999 -9999 -9999 -9999 -9999 -9999 -9999 -9999 -9999 -9999 -9999 18 19 21 35 29 33 29 29 24 28 24 18 10 21 19 1 32767 32767 32767 32767 32767 32767 32767 32767 32767 23 31 34 24 25 26 25 24 32767 17 15 6 1 4 5 14 14 8 12 17 16 14 17 21 21 21 24 19 16 13 16 2 32767 32767 32767 32767 32767 32767 32767 32767 32767 32767 32767 20 22 20 27 25 27 10 11
-9999 -9999 -9999 -9999 -9999 -9999 -9999 -9999 -9999 -9999 -9999 -9999 -9999 -9999 -9999 -9999 -9999 -9999 16 17 22 28 29 28 29 27 20 29 25 24 17 20 2 32767 32767 32767 21 32767 26 27 32767 32767 20 18 19 22 22 20 21 22 23 32767 15 13 8 1 4 6 8 8 14 12 11 14 15 19 21 23 23 17 15 16 14 10 32767 32767 32767 32767 32767 32767 32767 32767 32767 32767 32767 15 18 24 20 22 28 19 1 1
-9999 -9999 -9999 -9999 -9999 -9999 -9999 -9999 -9999 -9999 -9999 -9999 -9999 -9999 -9999 -9999 -9999 -9999 17 17 23 28 31 27 27 30 24 25 24 18 24 19 32767 32767 32767 32767 32767 32767 32767 24 23 23 23 22 21 20 20 20 21 20 20 32767 13 5 4 1 1 6 8 12 14 15 14 14 16 20 21 21 28 12 9 17 14 10 32767 32767 32767 32767 32767 32767 32767 32767 32767 32767 13 32767 32767 9 11 21 27 21 4 3
-9999 -9999 -9999 -9999 -9999 -9999 -9999 -9999 -9999 -9999 -9999 -9999 -9999 -9999 -9999 -9999 -9999 -9999 21 24 26 30 30 19 22 19 23 22 22 23 26 26 32767 32767 32767 32767 32767 32767 32767 32767 21 18 20 21 22 22 21 20 19 19 20 32767 11 4 6 1 4 4 14 13 14 16 14 15 16 20 21 21 22 19 9 14 15 17 32767 32767 32767 32767 32767 32767 32767 32767 32767 15 32767 32767 12 2 13 15 21 22 11 4
-9999 -9999 -9999 -9999 -9999 -9999 -9999 -9999 -9999 -9999 -9999 -9999 -9999 -9999 -9999 -9999 -9999 -9999 23 33 27 25 26 22 22 24 22 17 22 24 22 18 18 32767 32767 32767 32767 32767 32767 32767 24 14 22 15 22 22 22 23 19 20 20 32767 11 7 3 0 2 7 14 14 14 16 16 15 16 19 21 23 22 19 9 15 11 15 32767 32767 32767 32767 32767 32767 32767 32767 32767 32767 26 19 10 4 11 17 22 24 18 5
-9999 -9999 -9999 -9999 -9999 -9999 -9999 -9999 -9999 -9999 -9999 -9999 -9999 -9999 -9999 -9999 -9999 16 26 29 26 21 17 16 24 26 21 20 25 22 19 16 23 22 17 32767 1 32767 32767 32767 18 15 21 20 22 24 23 21 27 26 22 17 16 12 7 1 1 11 12 13 14 16 18 17 17 16 20 24 30 20 10 15 10 12 32767 32767 32767 32767 32767 32767 32767 32767 32767 32767 32767 14 17 8 12 16 20 20 5 7
-9999 -9999 -9999 -9999 -9999 -9999 -9999 -9999 -9999 -9999 -9999 -9999 -9999 -9999 -9999 -9999 -9999 32767 13 27 25 7 10 13 25 22 20 20 24 23 19 12 19 25 32767 32767 32767 4 16 23 19 15 16 15 12 26 22 21 23 24 23 18 32767 12 12 6 10 14 14 15 15 15 16 16 16 16 18 25 26 21 12 13 16 16 20 32767 32767 32767 32767 32767 32767 32767 32767 32767 32767 0 12 8 10 18 11 16 9 11
-9999 -9999 -9999 -9999 -9999 -9999 -9999 -9999 -9999 -9999 -9999 -9999 -9999 -9999 -9999 -9999 -9999 -9999 32767 1 16 17 14 12 25 20 18 27 24 23 15 15 14 15 32767 32767 32767 32767 22 21 17 15 16 15 14 23 22 22 21 22 20 21 32767 13 12 14 15 15 18 17 16 18 20 21 18 17 18 21 23 21 15 16 12 15 4 32767 32767 32767 32767 32767 32767 32767 32767 32767 32767 32767 6 7 4 13 14 18 21 20
-9999 -9999 -9999 -9999 -9999 -9999 -9999 -9999 -9999 -9999 -9999 -9999 -9999 -9999 -9999 -9999 -9999 -9999 32767 32767 32767 13 19 21 16 21 20 18 23 25 26 29 20 32767 32767 32767 32767 32767 15 22 18 19 20 22 15 17 18 20 23 21 22 21 17 17 16 19 18 14 18 14 16 17 16 17 17 16 16 20 21 24 10 13 13 7 32767 32767 32767 32767 32767 32767 32767 32767 32767 32767 32767 32767 3 6 4 8 14 15 14 16
-9999 -9999 -9999 -9999 -9999 -9999 -9999 -9999 -9999 -9999 -9999 -9999 -9999 -9999 -9999 -9999 -9999 -9999 -9999 32767 32767 32767 10 18 22 11 16 13 17 13 28 23 19 32767 32767 32767 32767 17 17 19 19 20 15 23 24 22 18 22 22 23 21 20 18 32767 16 20 20 15 18 15 15 18 17 16 18 20 21 25 18 17 14 18 12 3 32767 32767 32767 32767 32767 32767 32767 32767 32767 32767 32767 32767 1 16 17 16 17 18 16 16
-9999 -9999 -9999 -9999 -9999 -9999 -9999 -9999 -9999 -9999 -9999 -9999 -9999 -9999 -9999 -9999 -9999 -9999 -9999 16 1 32767 32767 10 28 19 10 16 18 11 14 17 32767 23 18 23 27 22 15 19 21 19 20 23 22 23 23 19 19 16 22 14 14 17 16 19 19 20 17 18 17 14 18 18 18 20 21 20 14 11 18 13 17 18 32767 32767 32767 32767 32767 32767 32767 32767 32767 32767 32767 32767 2 17 18 17 17 14 15 15
-9999 -9999 -9999 -9999 -9999 -9999 -9999 -9999 -9999 -9999 -9999 -9999 -9999 -9999 -9999 -9999 -9999 -9999 -9999 11 6 7 32767 32767 15 24 18 19 8 9 16 32767 32767 18 32767 32767 21 17 9 5 17 13 19 18 21 20 25 20 13 19 19 12 22 12 32767 18 19 19 20 17 16 18 19 19 23 22 28 21 11 13 13 11 14 11 32767 32767 32767 32767 32767 32767 32767 32767 32767 32767 32767 3 32767 22 17 21 14 15 16 14
-9999 -9999 -9999 -9999 -9999 -9999 -9999 -9999 -9999 -9999 -9999 -9999 -9999 -9999 -9999 -9999 -9999 -9999 -9999 10 0 2 4 32767 32767 12 16 20 16 13 19 32767 23 32767 32767 32767 32767 16 32767 32767 32767 5 13 19 23 20 21 20 21 16 18 28 16 15 32767 21 20 23 18 17 18 18 17 20 21 18 20 14 15 11 14 11 10 11 14 32767 32767 32767 32767 32767 32767 32767 32767 5 5 3 32767 28 18 15 16 15 15 11
