ValueNro_2398/sve_ValueNro_2398_TWI_16m.asc
ncols        141
nrows        228
xllcorner    356256.000000000000
yllcorner    6857312.000000000000
cellsize     16.000000000000
NODATA_value  -9999
[rows 160 to 179 of 228, columns 88 to 131 of 141]
9.292999999999999261 13.711999999999999744 9.7889999999999997016 9.0950000000000006395 8.7959999999999993747 7.9889999999999998792 6.8179999999999996163 8.4860000000000006537 7.7419999999999999929 7.5759999999999996234 7.6630000000000002558 9.4480000000000003979 7.9880000000000004334 8.5850000000000008527 11.964999999999999858 9.6929999999999996163 9.4350000000000004974 9.2889999999999997016 8.4369999999999993889 8.1600000000000001421 7.7210000000000000853 7.0529999999999999361 6.0659999999999998366 5.0819999999999998508 4.8600000000000003197 5.2290000000000000924 10.585000000000000853 5.8840000000000003411 4.5380000000000002558 6.6970000000000000639 7.5229999999999996874 6.0579999999999998295 5.6189999999999997726 5.7000000000000001776 5.8300000000000000711 6.7199999999999997513 7.0830000000000001847 5.3719999999999998863 4.5590000000000001634 5.2019999999999999574 8.6370000000000004547 6.4969999999999998863 5.8250000000000001776 5.9589999999999996305
8.4339999999999992752 12.861000000000000654 9.5120000000000004547 9.8659999999999996589 9.3620000000000000995 7.2729999999999996874 6.8529999999999997584 7.1920000000000001705 9.07099999999999973 7.1470000000000002416 7.4669999999999996376 8.1579999999999994742 7.0890000000000004121 7.7649999999999996803 12.220000000000000639 10.276999999999999247 9.7479999999999993321 9.17900000000000027 8.5190000000000001279 8.4770000000000003126 7.7110000000000002984 6.4759999999999999787 5.5510000000000001563 5.1340000000000003411 5.168999999999999595 10.19599999999999973 6.2789999999999999147 5.6399999999999996803 5.8369999999999997442 5.4310000000000000497 7.8579999999999996518 5.793999999999999595 5.6799999999999997158 5.873999999999999666 5.4509999999999996234 5.6500000000000003553 7.9420000000000001705 5.6989999999999998437 5.4580000000000001847 5.1550000000000002487 7.1330000000000000071 5.418999999999999595 5.2469999999999998863 5.748999999999999666
8.0999999999999996447 12.580000000000000071 9.6120000000000000995 10.070000000000000284 8.7319999999999993179 6.9230000000000000426 6.6879999999999997229 6.9439999999999999503 9.3100000000000004974 8.0410000000000003695 7.0739999999999998437 8.1519999999999992468 7.2169999999999996376 6.7439999999999997726 11.996999999999999886 11.461000000000000298 9.5649999999999995026 9.4109999999999995879 9.3010000000000001563 7.9640000000000004121 7.8070000000000003837 5.7549999999999998934 6.4580000000000001847 5.9269999999999996021 10.243000000000000327 5.9980000000000002203 4.7699999999999995737 4.5350000000000001421 5.7750000000000003553 6.3070000000000003837 6.474000000000000199 7.4000000000000003553 4.8659999999999996589 5.1059999999999998721 5.7729999999999996874 6.0279999999999995808 7.8689999999999997726 5.9669999999999996376 7.0369999999999999218 5.0170000000000003482 5.6879999999999997229 7.1280000000000001137 5.5179999999999997939 6.7549999999999998934
7.9589999999999996305 8.3000000000000007105 12.917999999999999261 9.7449999999999992184 7.9699999999999997513 7.4820000000000002061 7.7370000000000000995 7.4509999999999996234 7.0300000000000002487 9.48300000000000054 7.8650000000000002132 7.8349999999999999645 7.4950000000000001066 7.1570000000000000284 7.418999999999999595 14.029999999999999361 10.560999999999999943 10.029999999999999361 9.2019999999999999574 8.3079999999999998295 7.2960000000000002629 7.3079999999999998295 6.9800000000000004263 10.586999999999999744 5.5419999999999998153 4.6840000000000001634 4.293999999999999595 4.1449999999999995737 5.1180000000000003268 5.6849999999999996092 6.1909999999999998366 7.0780000000000002913 5.9569999999999998508 5.0679999999999996163 5.92900000000000027 5.8140000000000000568 7.7050000000000000711 -9999 -9999 -9999 -9999 -9999 5.8360000000000002984 5.7320000000000002061
8.1189999999999997726 8.5980000000000007532 13.46299999999999919 8.6089999999999999858 9.0860000000000002984 8.1340000000000003411 9.7040000000000006253 7.7300000000000004263 7.7599999999999997868 9.1189999999999997726 9.85800000000000054 8.1410000000000000142 7.9349999999999996092 7.900999999999999801 7.6420000000000003482 13.717999999999999972 10.541000000000000369 11.349000000000000199 9.21299999999999919 6.7279999999999997584 7.9530000000000002913 11.654999999999999361 11.026999999999999247 5.8049999999999997158 4.847999999999999865 4.1980000000000003979 3.9399999999999999467 4.972999999999999865 5.2930000000000001492 5.2910000000000003695 5.5940000000000003055 6.0640000000000000568 6.847999999999999865 6.3550000000000004263 5.6890000000000000568 5.4630000000000000782 6.3830000000000000071 -9999 -9999 -9999 -9999 -9999 -9999 5.2400000000000002132
11.80400000000000027 8.4100000000000001421 12.875999999999999446 9.7140000000000004121 8.4220000000000005969 9.8710000000000004405 8.4920000000000008811 9.5899999999999998579 10.273999999999999133 11.444000000000000838 11.252000000000000668 11.551999999999999602 9.6750000000000007105 9.4749999999999996447 9.8819999999999996732 14.101000000000000867 13.827999999999999403 12.314000000000000057 10.819000000000000838 9.9960000000000004405 12.413999999999999702 7.1410000000000000142 6.8559999999999998721 5.8170000000000001705 4.8849999999999997868 4.0300000000000002487 4.527000000000000135 5.4070000000000000284 6.2889999999999997016 5.7220000000000004192 5.7539999999999995595 6.0469999999999997087 6.7329999999999996518 6.9480000000000003979 6.4100000000000001421 6.0049999999999998934 5.5389999999999997016 -9999 -9999 -9999 -9999 -9999 -9999 -9999
11.621999999999999886 8.1519999999999992468 8.4039999999999999147 13.009000000000000341 10.076000000000000512 9 8.1300000000000007816 8.4540000000000006253 8.1180000000000003268 9.4359999999999999432 10.125999999999999446 12.095000000000000639 9.2019999999999999574 9.1730000000000000426 8.17900000000000027 8.17900000000000027 8.6460000000000007958 15.093999999999999417 14.439000000000000057 13.625999999999999446 9.3680000000000003268 7.418999999999999595 5.3170000000000001705 4.7740000000000000213 5.2699999999999995737 5.5929999999999999716 6.0320000000000000284 5.7309999999999998721 5.3150000000000003908 5 5.6600000000000001421 7.2439999999999997726 6.6410000000000000142 5.4679999999999999716 7.8129999999999997229 6.0099999999999997868 5.1020000000000003126 -9999 -9999 -9999 -9999 -9999 -9999 -9999
11.48300000000000054 8.0030000000000001137 8.39199999999999946 13.148999999999999133 9.4760000000000008669 8.7899999999999991473 7.9109999999999995879 7.6929999999999996163 7.8369999999999997442 8.596999999999999531 9.1319999999999996732 7.8049999999999997158 14.10800000000000054 9.2260000000000008669 9.7989999999999994884 9.0899999999999998579 8.6410000000000000142 14.317999999999999616 8.3460000000000000853 9.2980000000000000426 8.0619999999999993889 5.3799999999999998934 4.3289999999999997371 3.9220000000000001528 5.5570000000000003837 6.3940000000000001279 5.9219999999999997087 5.123999999999999666 5.1230000000000002203 4.6849999999999996092 6.9699999999999997513 7.1920000000000001705 5.4480000000000003979 5.6710000000000002629 5.6399999999999996803 7.0970000000000004192 4.7660000000000000142 4.9710000000000000853 -9999 -9999 -9999 -9999 -9999 -9999
7.7869999999999999218 11.598000000000000753 8.9320000000000003837 13.092000000000000526 8.6210000000000004405 8.8810000000000002274 8.0909999999999993037 7.0830000000000001847 8.0719999999999991758 9.4199999999999999289 8.4559999999999995168 8.3650000000000002132 12.564000000000000057 9.2200000000000006395 8.64199999999999946 8.0459999999999993747 8.4710000000000000853 14.566000000000000725 8.9489999999999998437 8.0269999999999992468 6.4439999999999999503 4.8540000000000000924 3.8239999999999998437 4.525999999999999801 5.8730000000000002203 5.3669999999999999929 5.94599999999999973 4.8890000000000002345 5.3099999999999996092 6.1760000000000001563 7.8010000000000001563 4.873999999999999666 5.0019999999999997797 6.7610000000000001208 5.0220000000000002416 6.5480000000000000426 6.3380000000000000782 5.0769999999999999574 6.2290000000000000924 -9999 -9999 -9999 -9999 -9999
7.4169999999999998153 11.199999999999999289 10.75 8.1310000000000002274 12.775000000000000355 9.2560000000000002274 7.6680000000000001492 6.8440000000000003055 7.5119999999999995666 8.8949999999999995737 8.2710000000000007958 7.5940000000000003055 7.6490000000000000213 13.08799999999999919 8.3650000000000002132 7.8959999999999999076 14.944000000000000838 9.6440000000000001279 8.1120000000000000995 9.1289999999999995595 5.8410000000000001918 4.6059999999999998721 4.668999999999999595 5.55400000000000027 5.652000000000000135 5.0170000000000003482 5.1500000000000003553 5.126000000000000334 5.9199999999999999289 8.5600000000000004974 5.1009999999999999787 4.4530000000000002913 4.9349999999999996092 5.375 4.7539999999999995595 4.875 7.1939999999999999503 6.8120000000000002771 -9999 -9999 -9999 -9999 -9999 -9999
7.3220000000000000639 11.252000000000000668 7.6280000000000001137 8.0909999999999993037 13.368000000000000327 8.417999999999999261 8.5449999999999999289 6.900999999999999801 7.4859999999999997655 9.1340000000000003411 7.4299999999999997158 7.3559999999999998721 8.0210000000000007958 12.557999999999999829 8.05400000000000027 14.846000000000000085 10.076999999999999957 8.7699999999999995737 7.8330000000000001847 8.0690000000000008384 7.2720000000000002416 5.0279999999999995808 4.9909999999999996589 5.4710000000000000853 4.8540000000000000924 4.6550000000000002487 4.5019999999999997797 5.474000000000000199 8.8339999999999996305 5.7839999999999998082 4.5940000000000003055 5.1340000000000003411 4.4580000000000001847 4.67900000000000027 5.5670000000000001705 5.1719999999999997087 7.2080000000000001847 7.7350000000000003197 -9999 -9999 -9999 -9999 -9999 -9999
7.5750000000000001776 11.300000000000000711 7.4059999999999996945 7.9470000000000000639 8.5150000000000005684 13.310000000000000497 8.8190000000000008384 7.9349999999999996092 7.6159999999999996589 9.349000000000000199 7.2679999999999997939 7.5179999999999997939 7.9340000000000001634 7.7300000000000004263 14.808999999999999275 8.375 11.093999999999999417 8.3010000000000001563 8.0359999999999995879 8.6950000000000002842 8.1460000000000007958 5.0069999999999996732 5.4630000000000000782 4.849000000000000199 4.5800000000000000711 4.8869999999999995666 4.6769999999999996021 6.275999999999999801 8.9920000000000008811 5.1289999999999995595 5.0860000000000002984 5.9119999999999999218 4.527000000000000135 5.081000000000000405 5.9770000000000003126 5.4619999999999997442 5.293999999999999595 8.0909999999999993037 -9999 -9999 -9999 -9999 -9999 -9999
8.1180000000000003268 11.827999999999999403 8.7040000000000006253 7.8780000000000001137 8.2469999999999998863 13.259999999999999787 9.6129999999999995453 9.5289999999999999147 9.0999999999999996447 7.0199999999999995737 6.8520000000000003126 7.1630000000000002558 7.0380000000000002558 8.0769999999999999574 15.602000000000000313 8.6270000000000006679 8.8659999999999996589 8.3550000000000004263 8.4019999999999992468 8.0229999999999996874 10.189999999999999503 7.0279999999999995808 5.8499999999999996447 4.8109999999999999432 4.7309999999999998721 5.1810000000000000497 5.2590000000000003411 9.2270000000000003126 5.7560000000000002274 5.0069999999999996732 4.8520000000000003126 6.1870000000000002771 5.0650000000000003908 4.8929999999999997939 5.5039999999999995595 6.6200000000000001066 5.0659999999999998366 5.4240000000000003766 -9999 -9999 -9999 -9999 -9999 -9999
13.544000000000000483 8.2690000000000001279 9.28700000000000081 8.2880000000000002558 8.3640000000000007674 13.134000000000000341 9.2650000000000005684 9.1699999999999999289 8.9190000000000004832 7.8360000000000002984 6.400999999999999801 8.5419999999999998153 6.4779999999999997584 7.8109999999999999432 14.999000000000000554 8.7530000000000001137 8.7569999999999996732 8.6229999999999993321 8.6370000000000004547 11.551999999999999602 9.0559999999999991616 9.2490000000000005542 7.1920000000000001705 6.3680000000000003268 5.8659999999999996589 5.5940000000000003055 5.3099999999999996092 8.846999999999999531 4.7149999999999998579 4.5430000000000001492 4.527000000000000135 6.4119999999999999218 5.043999999999999595 6.2069999999999998508 6.6600000000000001421 5.1070000000000002061 4.9089999999999998082 4.9219999999999997087 -9999 -9999 -9999 -9999 -9999 -9999
13.070000000000000284 8.9949999999999992184 8.9359999999999999432 9.2590000000000003411 9.6799999999999997158 8.4250000000000007105 12.795999999999999375 9.44599999999999973 8.7110000000000002984 8.7569999999999996732 7.3929999999999997939 6.8390000000000004121 6.7779999999999995808 7.8440000000000003055 7.831000000000000405 15.077999999999999403 8.2989999999999994884 8.9770000000000003126 8.3339999999999996305 11.776999999999999247 8.2260000000000008669 8.7789999999999999147 7.4859999999999997655 5.0970000000000004192 4.3189999999999999503 4.9749999999999996447 8.5039999999999995595 6.5560000000000000497 4.6399999999999996803 4.94599999999999973 5.0970000000000004192 8.0980000000000007532 7.873999999999999666 6.92900000000000027 5.1390000000000002345 5.0529999999999999361 4.5490000000000003766 4.8970000000000002416 -9999 -9999 -9999 -9999 -9999 -9999
8.2989999999999994884 8.4870000000000000995 9.75 10.436999999999999389 9.7460000000000004405 9.5640000000000000568 13.276999999999999247 8.0739999999999998437 9.26699999999999946 7.652000000000000135 6.8799999999999998934 6.6299999999999998934 8.0619999999999993889 6.8200000000000002842 7.9439999999999999503 14.507999999999999119 8.2539999999999995595 8.9079999999999994742 7.9160000000000003695 12.21299999999999919 8.2650000000000005684 7.8879999999999999005 7.6230000000000002203 5.6660000000000003695 5.0039999999999995595 4.5949999999999997513 8.400999999999999801 7.5880000000000000782 5.6269999999999997797 8.7119999999999997442 8.900999999999999801 7.0209999999999999076 5.6559999999999996945 5.1589999999999998082 5.8730000000000002203 5.0389999999999997016 4.9829999999999996518 5.2160000000000001918 -9999 -9999 -9999 -9999 -9999 -9999
8.8170000000000001705 9.0380000000000002558 8.7159999999999993037 9.1869999999999993889 10.534000000000000696 9.32099999999999973 9.0860000000000002984 13.089999999999999858 8.0489999999999994884 7.42900000000000027 7.8540000000000000924 6.4969999999999998863 7.4080000000000003624 7.0759999999999996234 6.7169999999999996376 7.6529999999999995808 15.864000000000000767 8.8399999999999998579 8.221999999999999531 13.435000000000000497 9.2159999999999993037 8.3629999999999995453 10.060000000000000497 8.1630000000000002558 5.8029999999999999361 5.0229999999999996874 9.1010000000000008669 9.5980000000000007532 8.9760000000000008669 6.9109999999999995879 5.9870000000000000995 4.751000000000000334 4.2820000000000000284 4.9950000000000001066 5.4320000000000003837 6.1630000000000002558 5.7820000000000000284 11.489000000000000767 9.3710000000000004405 -9999 -9999 -9999 -9999 -9999
9.7520000000000006679 9.9149999999999991473 9.3529999999999997584 8.7019999999999999574 9.3840000000000003411 8.7829999999999994742 9.082000000000000739 14.451999999999999957 8.1170000000000008811 9.0790000000000006253 8.5449999999999999289 7.0780000000000002913 6.4930000000000003268 7.4299999999999997158 7.2019999999999999574 7.7069999999999998508 15.220000000000000639 8.9979999999999993321 12.644999999999999574 10.548000000000000043 10.313000000000000611 8.9900000000000002132 8.4890000000000007674 12.553000000000000824 10.560000000000000497 10.143000000000000682 9.5310000000000005826 5.1369999999999995666 4.6810000000000000497 5.5449999999999999289 5.0179999999999997939 4.2430000000000003268 5.0960000000000000853 4.9749999999999996447 4.3529999999999997584 5.2549999999999998934 11.708000000000000185 7.373999999999999666 7.2480000000000002203 -9999 -9999 -9999 -9999 -9999
8.5180000000000006821 9.48300000000000054 9.4839999999999999858 8.6069999999999993179 8.82099999999999973 9.8279999999999994031 9.3019999999999996021 13.920999999999999375 8.5790000000000006253 10.846000000000000085 8.6170000000000008811 6.998999999999999666 6.1029999999999997584 7.8780000000000001137 7.3869999999999995666 8.14199999999999946 14.493000000000000327 8.3300000000000000711 12.861000000000000654 10.077999999999999403 9.8000000000000007105 8.4130000000000002558 8.3200000000000002842 13.026999999999999247 9.1859999999999999432 8.4299999999999997158 5.9029999999999995808 5.1089999999999999858 4.6980000000000003979 5.081000000000000405 5.097999999999999865 4.5839999999999996305 5.0560000000000000497 4.7599999999999997868 4.0949999999999997513 5.1040000000000000924 11.82099999999999973 4.7619999999999995666 4.7980000000000000426 -9999 -9999 -9999 -9999 -9999
9.0519999999999996021 9.5519999999999996021 9.4199999999999999289 9.0150000000000005684 8.8079999999999998295 9.0299999999999993605 8.7789999999999999147 13.726000000000000867 8.5860000000000002984 8.9090000000000006963 11.307000000000000384 7.3499999999999996447 6.2069999999999998508 8.1549999999999993605 6.3840000000000003411 7.650999999999999801 7.5240000000000000213 15.269999999999999574 9.3589999999999999858 10.384999999999999787 8.9839999999999999858 8.5559999999999991616 12.861000000000000654 7.8570000000000002061 6.7779999999999995808 6.8179999999999996163 6.57099999999999973 5.7859999999999995879 5.2259999999999999787 4.668999999999999595 5.6299999999999998934 5.4539999999999997371 4.8949999999999995737 4.3589999999999999858 5.0460000000000002629 11.256000000000000227 5.2359999999999997655 4.4230000000000000426 4.1150000000000002132 -9999 -9999 -9999 -9999 -9999
