ValueNro_2398/sve_ValueNro_2398_ppa.asc
ncols        141
nrows        228
xllcorner    356256.000000000000
yllcorner    6857312.000000000000
cellsize     16.000000000000
NODATA_value -9999
[rows 126 to 167 of 228, columns 0 to 93 of 141]
-9999 -9999 -9999 -9999 -9999 -9999 -9999 -9999 -9999 -9999 -9999 -9999 -9999 -9999 -9999 -9999 -9999 -9999 15 8 11 17 27 27 32767 32767 14 18 22 18 32767 32767 32767 32767 32767 32767 32767 32767 32767 32767 32767 32767 7 27 33 30 18 24 23 22 23 23 24 19 32767 30 24 27 20 19 18 18 17 20 22 22 19 11 13 14 11 7 0 0 0 32767 32767 32767 32767 32767 32767 17 17 5 4 3 32767 12 21 18 12 17 16 16
-9999 -9999 -9999 -9999 -9999 -9999 -9999 -9999 -9999 -9999 -9999 -9999 -9999 -9999 -9999 -9999 -9999 -9999 7 14 21 21 24 25 16 32767 32767 7 28 14 32767 17 27 32767 32767 32767 18 14 32767 32767 32767 32767 32767 17 26 27 24 26 29 22 24 24 21 17 18 20 26 24 20 19 18 18 20 22 23 24 16 11 11 8 1 0 0 0 0 32767 32767 32767 32767 32767 32767 21 19 7 1 5 0 32767 10 17 17 17 15 17
-9999 -9999 -9999 -9999 -9999 -9999 -9999 -9999 -9999 -9999 -9999 -9999 -9999 -9999 -9999 -9999 7 2 7 19 31 28 28 27 25 22 32767 32767 9 32767 32767 32767 13 22 23 24 32767 32767 32767 32767 32767 32767 32767 8 28 24 20 18 19 19 13 16 14 9 16 21 22 27 21 19 16 19 18 20 20 20 15 13 10 2 0 1 1 0 0 0 32767 32767 32767 10 21 22 23 7 0 4 0 32767 3 17 14 19 18 15
-9999 -9999 -9999 -9999 -9999 -9999 -9999 -9999 -9999 -9999 -9999 -9999 -9999 -9999 -9999 3 3 1 10 27 30 31 28 26 25 24 25 32767 32767 32767 28 16 32767 16 21 18 32767 32767 32767 32767 32767 32767 32767 32767 25 22 25 25 17 9 13 6 16 14 14 16 22 29 27 25 18 18 20 19 15 11 10 2 1 0 1 1 0 0 2 0 32767 32767 32767 32767 25 23 22 7 5 0 0 1 32767 10 16 14 18 21
-9999 -9999 -9999 -9999 -9999 -9999 -9999 -9999 -9999 -9999 27 16 7 3 2 2 2 4 18 30 28 29 31 23 23 19 22 10 32767 32767 14 14 17 32767 23 16 32767 32767 32767 32767 32767 32767 32767 32767 23 24 23 26 13 14 15 13 13 10 14 16 23 25 26 21 23 20 20 19 12 8 2 0 1 1 1 0 0 0 3 0 1 32767 32767 23 25 22 20 8 0 0 10 12 32767 2 17 15 16 17
-9999 -9999 -9999 -9999 -9999 -9999 -9999 -9999 -9999 27 26 26 9 3 3 3 14 20 26 28 30 27 23 32767 32767 32767 32767 26 1 32767 32767 27 26 22 32767 16 32767 32767 32767 32767 32767 32767 32767 32767 11 24 22 18 19 18 5 11 13 10 9 14 18 19 30 27 28 21 24 18 11 7 1 1 1 1 1 0 0 0 0 1 1 32767 8 20 23 26 27 8 1 7 12 16 8 32767 7 13 15 32767
-9999 -9999 -9999 -9999 -9999 -9999 -9999 -9999 21 27 28 20 19 16 16 15 27 26 30 28 24 23 25 32767 32767 32767 32767 20 14 32767 32767 1 23 19 17 15 32767 32767 32767 32767 32767 32767 32767 32767 16 28 28 27 22 4 2 10 16 13 12 17 16 18 20 30 25 21 22 22 14 8 1 1 1 1 0 0 0 0 0 2 1 3 8 26 27 23 25 21 19 18 20 23 15 32767 0 5 32767 22
-9999 -9999 -9999 -9999 -9999 -9999 -9999 20 27 24 26 20 23 23 21 24 24 22 32 25 21 17 21 32767 32767 32767 32767 16 32767 25 32767 32767 4 26 11 32767 10 32767 32767 32767 32767 32767 32767 32767 25 19 25 26 29 3 0 7 9 12 16 18 15 18 20 23 22 21 23 21 14 9 1 1 1 1 0 0 1 3 1 0 1 1 1 19 29 27 23 23 19 22 27 27 11 12 32767 8 20 19
-9999 -9999 -9999 -9999 -9999 -9999 -9999 9 16 17 14 18 18 16 17 6 17 20 22 24 21 18 19 21 32767 24 22 19 32767 15 23 32767 32767 11 24 20 32767 32767 32767 32767 32767 32767 32767 32767 20 32767 14 21 20 3 1 1 8 18 16 15 14 14 18 14 23 24 24 22 15 12 2 0 0 0 1 10 16 14 2 0 0 0 6 20 23 27 25 26 27 22 25 24 20 11 11 32767 11 15
-9999 -9999 -9999 -9999 -9999 -9999 4 4 12 11 4 4 7 6 7 4 4 14 17 25 28 19 16 16 17 21 18 11 32767 23 23 20 32767 32767 9 18 19 16 32767 32767 32767 32767 32767 4 7 11 32767 26 22 13 1 2 0 2 14 14 14 14 16 15 16 14 12 17 22 18 9 2 2 4 13 16 19 15 0 0 1 2 10 21 23 30 28 27 29 33 23 26 23 20 15 32767 1 26
-9999 -9999 -9999 -9999 -9999 1 3 13 9 4 3 4 2 2 3 2 2 4 11 15 19 21 25 22 21 32767 17 17 32767 24 18 26 13 32767 32767 20 14 32767 13 32767 32767 32767 0 32767 32767 32767 20 28 18 7 1 3 1 0 4 14 14 14 16 16 17 19 15 17 20 22 20 13 12 12 24 19 15 0 0 0 0 1 11 23 25 27 28 23 29 31 28 23 26 21 21 18 32767 10
-9999 -9999 -9999 -9999 2 4 4 3 3 2 2 2 2 0 0 2 1 1 2 12 14 22 27 22 27 28 25 13 15 19 19 18 26 32767 32767 1 14 17 15 32767 32767 0 32767 4 32767 32767 19 29 21 16 3 1 2 3 0 7 14 14 17 18 18 15 16 14 16 19 30 30 23 23 25 13 1 2 3 0 0 0 0 21 24 22 22 25 26 27 31 34 23 30 21 19 13 32767
-9999 -9999 -9999 10 3 2 2 3 1 1 1 2 2 2 2 1 1 2 2 4 8 8 11 18 27 23 19 32767 25 18 15 16 7 32767 32767 32767 0 15 18 8 32767 32767 3 32767 32767 32767 10 18 23 13 8 1 1 3 0 4 12 14 16 18 17 17 15 15 21 22 22 31 30 26 25 10 1 3 3 3 4 0 0 21 21 27 23 24 24 33 30 36 32 24 20 12 23 10
-9999 -9999 32 13 4 1 2 3 2 2 2 3 1 2 2 1 2 1 2 2 1 3 13 17 26 24 32767 33 26 16 13 5 32767 32767 32767 32767 32767 5 20 32767 32767 32767 32767 32767 32767 32767 32767 6 25 25 11 3 0 3 3 0 13 14 17 17 17 13 14 19 19 16 20 21 23 25 23 15 5 4 0 0 5 2 0 14 21 24 26 21 28 29 31 31 31 35 26 14 22 20
28 32 27 12 11 4 10 10 3 4 2 2 0 0 3 2 2 2 2 1 1 1 3 32767 32767 31 29 30 32 20 13 32767 32767 32767 32767 32767 32767 32767 13 32767 32767 32767 32767 32767 32767 32767 32767 17 28 29 7 4 0 1 3 0 3 14 17 17 13 14 14 14 14 16 23 23 22 23 24 24 20 6 1 0 0 1 0 12 19 27 26 26 26 36 30 26 27 28 27 14 17 16
30 27 27 18 12 9 15 15 8 5 4 2 1 1 3 2 3 3 2 2 1 32767 32767 18 29 29 30 27 32 16 32767 32767 32767 32767 32767 32767 1 32767 32767 32767 32767 32767 32767 0 32767 32767 32767 18 23 27 18 3 0 1 3 4 3 7 15 15 14 14 14 14 14 13 17 12 19 23 24 21 21 15 6 1 7 18 11 15 24 26 26 33 28 24 27 30 30 31 25 11 20 16
-9999 30 26 17 17 18 13 7 6 8 11 8 9 3 3 3 6 2 0 2 32767 3 14 27 27 28 30 25 13 32767 32767 32767 32767 32767 32767 32767 32767 32767 32767 32767 32767 2 2 32767 32767 32767 21 19 24 27 17 4 3 0 3 2 5 10 14 15 16 15 14 14 14 13 15 13 21 22 19 20 21 17 19 21 25 23 25 20 25 32 32 21 19 19 20 30 29 32 23 15 18 16
-9999 -9999 -9999 20 15 17 7 7 7 7 5 9 14 1 1 0 1 3 0 0 11 14 20 20 27 28 27 22 32767 32767 32767 32767 32767 32767 32767 32767 32767 32767 32767 32767 1 7 13 32767 32767 7 15 17 20 26 26 9 3 1 3 2 8 7 13 15 16 14 14 14 14 14 13 16 22 20 16 16 20 20 27 30 29 27 28 27 34 37 24 21 18 18 18 24 29 27 26 18 19 16
-9999 -9999 -9999 15 14 10 7 7 5 8 10 7 13 7 5 4 3 32767 32767 1 8 28 28 33 29 29 25 32767 32767 32767 32767 32767 32767 32767 32767 32767 32767 32767 32767 32767 32767 32767 32767 32767 32767 32767 1 14 27 25 23 19 7 0 3 4 2 9 12 18 17 15 15 14 14 14 12 15 19 20 19 17 23 22 26 23 26 24 18 29 31 30 28 22 18 14 18 22 21 22 22 17 21 14
-9999 -9999 -9999 18 16 10 10 10 9 9 11 8 9 6 6 5 32767 4 3 6 6 14 23 29 28 26 32767 32767 32767 32767 32767 32767 32767 32767 32767 32767 32767 32767 32767 32767 32767 32767 32767 32767 32767 1 32767 13 24 25 25 25 13 1 5 9 1 9 14 17 15 14 13 11 13 14 16 17 18 17 19 21 20 20 19 18 16 18 22 33 31 27 28 24 18 13 14 18 22 21 20 20 21 21
-9999 -9999 -9999 20 17 18 12 21 18 5 9 9 14 7 7 32767 10 10 5 8 7 15 19 20 31 30 32767 32767 32767 32767 32767 32767 32767 32767 32767 32767 32767 32767 32767 32767 32767 32767 32767 32767 32767 32767 32767 18 25 22 22 23 16 3 4 6 6 19 14 14 15 15 15 13 14 14 14 16 16 21 21 18 18 16 17 15 15 13 17 25 31 28 27 26 14 12 13 17 20 16 19 21 18 16
-9999 -9999 -9999 19 22 17 20 24 19 7 9 7 13 6 9 3 4 5 7 14 8 16 20 25 21 21 23 32767 32767 32767 32767 32767 32767 32767 32767 32767 32767 32767 32767 32767 32767 32767 32767 32767 32767 16 15 19 21 19 19 24 18 9 3 8 8 14 11 11 13 14 14 14 13 13 14 14 16 18 23 17 20 15 15 15 14 15 18 21 25 30 27 21 16 12 15 18 19 21 20 19 19 22
-9999 -9999 -9999 11 13 17 17 21 21 14 10 16 11 13 32767 4 3 10 10 9 8 13 24 19 23 24 23 25 32767 32767 32767 32767 2 32767 32767 32767 32767 32767 32767 32767 32767 32767 32767 32767 32767 12 19 14 16 21 20 17 15 5 4 2 5 7 11 13 13 15 16 18 16 16 15 14 16 16 21 17 19 15 13 12 12 13 14 17 19 26 30 34 16 20 19 18 20 16 19 26 23 25
-9999 -9999 -9999 21 16 18 20 18 20 19 20 16 14 32767 11 14 9 9 7 5 10 12 23 23 25 21 24 25 17 32767 0 3 4 32767 32767 32767 32767 32767 32767 32767 32767 32767 32767 32767 32767 13 17 17 14 15 15 15 16 1 7 5 4 8 2 11 13 16 16 17 16 16 13 13 16 19 23 19 19 15 14 14 14 14 15 16 20 26 32 30 23 18 16 16 21 23 26 33 25 28
-9999 -9999 -9999 11 10 17 19 15 17 19 16 32767 19 32 37 31 31 30 19 11 7 15 20 20 20 20 24 25 10 3 2 2 2 3 32767 32767 32767 32767 32767 32767 32767 32767 32767 8 32767 32767 20 11 17 21 16 21 17 10 7 9 5 12 6 11 18 18 16 16 13 13 12 15 17 20 23 21 22 20 15 14 15 13 14 15 18 24 29 29 25 27 17 21 22 22 22 21 17 19
-9999 -9999 -9999 9 5 7 9 15 12 15 32767 23 27 32 32 31 29 32 26 17 7 6 14 13 24 21 33 24 8 4 0 0 0 3 32767 32767 32767 32767 32767 32767 32767 32767 32767 32767 6 32767 7 15 19 21 20 14 8 15 25 15 3 14 8 11 18 18 15 16 17 16 16 14 16 19 25 18 19 17 15 14 15 12 13 13 16 22 29 32 37 23 24 22 20 22 24 26 20 27
-9999 -9999 -9999 14 11 7 9 16 15 32767 23 23 21 20 23 22 18 19 23 19 16 10 12 10 13 29 25 24 12 4 2 3 3 4 1 32767 32767 32767 32767 32767 32767 32767 32767 32767 32767 32767 32767 12 17 15 13 32767 32767 16 19 18 17 11 8 6 16 17 18 17 17 17 16 16 15 16 25 19 19 17 14 14 13 13 12 14 16 20 27 32 31 28 22 21 18 12 11 22 23 18
-9999 -9999 -9999 12 9 9 13 13 32767 14 16 15 15 16 16 18 13 17 15 12 13 15 16 8 16 27 30 21 19 4 3 3 2 0 2 32767 32767 32767 32767 32767 32767 32767 32767 32767 32767 32767 32767 32767 15 27 11 32767 32767 16 20 16 14 7 11 8 13 18 16 16 15 13 13 11 12 16 16 25 16 19 12 14 12 13 14 15 16 20 19 29 32 28 21 20 17 7 12 11 19 23
-9999 -9999 -9999 8 14 14 13 32767 10 18 15 16 19 16 13 16 19 17 13 17 16 9 8 10 14 23 28 29 15 8 1 0 0 0 0 2 32767 32767 32767 32767 32767 32767 32767 32767 32767 32767 32767 32767 32767 18 32767 32767 32767 16 17 8 20 15 19 17 13 15 14 15 10 10 14 14 12 19 17 20 19 17 16 14 14 13 15 14 15 20 25 29 29 27 22 20 15 12 8 12 16 20
-9999 -9999 6 16 12 9 32767 6 9 17 17 16 14 16 11 11 18 19 19 18 14 14 7 5 18 23 22 27 28 14 1 0 1 1 0 0 0 32767 32767 32767 32767 32767 32767 32767 32767 32767 32767 1 32767 8 8 32767 32767 21 18 12 17 18 21 18 18 1 6 9 1 1 1 1 1 14 23 19 18 16 14 17 15 14 14 14 15 19 25 28 32 26 22 20 13 10 17 12 14 16
-9999 -9999 7 11 9 32767 32767 9 14 16 14 17 15 15 15 14 13 17 14 13 14 15 9 7 10 13 19 14 14 20 18 0 2 2 1 0 0 2 4 32767 32767 32767 32767 32767 32767 32767 32767 32767 32767 32767 6 32767 32767 22 21 17 15 21 20 24 17 0 0 0 0 0 0 0 0 6 22 20 21 18 17 16 14 8 8 10 14 17 25 22 33 22 23 20 11 4 16 10 10 14
-9999 -9999 4 15 10 10 3 9 17 14 13 16 11 12 18 14 15 13 16 16 15 16 16 8 20 14 12 8 14 24 19 15 1 2 2 1 1 32767 3 7 32767 32767 32767 32767 32767 32767 32767 32767 32767 32767 32767 15 22 17 18 14 20 12 13 15 12 1 0 0 0 0 0 0 1 4 9 20 21 18 15 16 5 4 3 2 4 16 20 23 22 23 23 20 14 9 11 19 16 16
-9999 -9999 5 20 4 12 9 7 17 17 9 9 15 17 16 11 15 14 13 16 14 16 9 9 12 1 4 7 16 23 24 17 6 3 2 2 2 32767 10 10 9 32767 32767 32767 32767 32767 32767 32767 32767 32767 32767 11 25 25 18 16 19 27 17 9 11 7 0 0 0 0 0 0 0 0 14 22 25 22 16 4 1 3 2 1 3 11 16 30 23 23 22 21 18 12 9 12 11 10
-9999 -9999 9 9 8 5 4 11 9 9 9 7 18 19 11 9 15 18 12 16 18 10 8 16 14 8 6 3 19 26 27 12 5 4 2 0 0 0 6 9 10 32767 32767 32767 32767 32767 32767 32767 32767 32767 32767 32767 18 28 20 18 22 20 27 16 14 6 4 0 0 0 0 0 0 0 2 24 31 24 18 3 1 3 2 2 2 4 14 23 25 21 26 21 20 16 9 1 2 11
-9999 -9999 1 4 2 4 5 11 15 10 8 7 12 13 16 15 16 14 9 18 18 12 9 16 7 10 5 3 15 24 23 12 5 2 0 0 32767 2 7 8 8 9 12 5 32767 32767 32767 32767 32767 32767 2 32767 11 24 27 21 21 24 24 10 8 8 6 4 0 0 0 0 0 0 6 24 27 29 16 3 3 3 1 2 2 0 6 20 24 24 28 22 21 19 9 1 3 4
-9999 -9999 -9999 1 2 5 12 11 12 10 9 9 10 11 10 9 12 14 14 9 14 11 9 10 7 9 6 6 11 20 22 14 9 8 0 0 32767 11 6 8 8 13 7 12 9 32767 32767 32767 32767 32767 32767 32767 32767 16 25 28 22 21 25 22 8 8 6 8 0 0 0 0 0 0 21 20 30 29 22 13 3 1 1 1 1 1 1 10 23 22 23 21 21 18 1 1 8 1
-9999 -9999 -9999 0 1 5 8 14 10 10 9 9 12 12 8 11 15 13 10 8 11 9 10 7 7 17 18 16 18 17 17 17 10 14 10 7 32767 11 14 13 12 13 7 11 7 3 32767 32767 32767 32767 32767 32767 32767 3 29 23 23 20 22 19 16 10 9 5 6 0 0 0 0 1 16 21 29 28 23 16 6 1 0 2 2 1 2 3 17 21 38 21 17 10 0 8 8 8
-9999 -9999 -9999 -9999 0 2 11 12 10 7 9 7 14 9 10 11 11 10 10 6 5 5 8 8 8 7 10 17 17 17 13 15 9 14 16 4 6 12 7 9 6 10 11 7 11 8 0 32767 32767 32767 32767 32767 32767 32767 19 28 20 20 20 18 14 8 9 11 3 0 0 0 0 0 10 23 30 31 34 22 17 2 2 2 2 1 3 2 18 21 35 29 17 8 0 8 7 8
-9999 -9999 -9999 -9999 -9999 4 11 8 8 7 7 14 11 13 8 9 10 9 10 6 9 9 8 8 7 4 12 15 18 13 17 16 13 17 17 32767 1 7 10 10 4 5 8 10 12 9 2 32767 32767 32767 32767 32767 32767 32767 32767 18 29 18 18 18 23 18 8 8 6 3 0 0 0 0 6 15 23 30 32 21 19 9 4 2 2 1 3 1 15 25 33 26 19 8 0 0 0 1
-9999 -9999 -9999 -9999 -9999 -9999 11 9 12 12 16 10 15 12 12 13 9 10 14 15 11 8 8 7 11 15 16 17 17 18 17 16 16 17 13 32767 3 11 6 5 1 5 9 14 15 6 5 32767 32767 32767 32767 32767 32767 32767 32767 9 31 18 20 19 20 16 5 9 8 4 0 0 0 0 0 11 24 30 31 32 16 17 10 5 3 2 4 2 8 20 23 22 15 16 4 1 0 0
-9999 -9999 -9999 -9999 -9999 -9999 13 16 7 9 7 3 10 11 12 10 15 15 16 18 13 8 9 9 13 12 20 17 10 9 15 15 13 17 5 0 10 7 6 7 5 11 13 14 19 6 5 32767 32767 32767 32767 32767 32767 28 32767 32767 4 29 16 15 17 20 20 9 9 5 2 0 0 0 0 1 19 23 31 30 25 21 18 10 5 4 2 5 6 19 25 23 15 2 2 9 0 1
-9999 -9999 -9999 -9999 -9999 -9999 12 11 7 4 3 3 8 14 17 15 15 15 16 13 7 8 11 8 10 19 22 26 8 7 10 15 15 8 32767 0 7 1 0 7 11 6 13 14 17 4 5 4 32767 32767 32767 32767 32767 30 16 32767 1 23 22 19 19 24 25 8 9 10 3 0 0 0 0 0 6 20 26 31 28 27 22 15 6 3 0 5 7 10 20 17 18 1 0 0 0 1
