ValueNro_2398/sve_ValueNro_2398_keskilapimitta.asc
ncols        141
nrows        228
xllcorner    356256.000000000000
yllcorner    6857312.000000000000
cellsize     16.000000000000
NODATA_value -9999
[rows 84 to 125 of 228, columns 0 to 93 of 141]
-9999 -9999 -9999 -9999 -9999 -9999 -9999 -9999 -9999 -9999 -9999 -9999 -9999 -9999 -9999 -9999 -9999 -9999 -9999 -9999 -9999 -9999 -9999 -9999 -9999 -9999 -9999 -9999 -9999 -9999 -9999 -9999 -9999 -9999 -9999 -9999 -9999 -9999 -9999 -9999 -9999 -9999 -9999 -9999 -9999 -9999 -9999 -9999 -9999 -9999 -9999 -9999 -9999 -9999 -9999 -9999 -9999 -9999 -9999 -9999 -9999 -9999 -9999 -9999 -9999 -9999 -9999 -9999 -9999 -9999 -9999 25 28 27 28 24 18 22 22 22 15 22 5 4 4 6 8 9 16 25 23 19 15 18
-9999 -9999 -9999 -9999 -9999 -9999 -9999 -9999 -9999 -9999 -9999 -9999 -9999 -9999 -9999 -9999 -9999 -9999 -9999 -9999 -9999 -9999 -9999 -9999 -9999 -9999 -9999 -9999 -9999 -9999 -9999 -9999 -9999 -9999 -9999 -9999 -9999 -9999 -9999 -9999 -9999 -9999 -9999 -9999 -9999 -9999 -9999 -9999 -9999 -9999 -9999 -9999 -9999 -9999 -9999 -9999 -9999 -9999 -9999 -9999 -9999 -9999 -9999 -9999 -9999 -9999 -9999 -9999 -9999 -9999 -9999 -9999 21 26 27 26 23 20 24 21 18 11 8 8 9 11 20 15 19 18 22 32767 32767 24
-9999 -9999 -9999 -9999 -9999 -9999 -9999 -9999 -9999 -9999 -9999 -9999 -9999 -9999 -9999 -9999 -9999 -9999 -9999 -9999 -9999 -9999 -9999 -9999 -9999 -9999 -9999 -9999 -9999 -9999 -9999 -9999 -9999 -9999 -9999 -9999 -9999 -9999 -9999 -9999 -9999 -9999 -9999 -9999 -9999 -9999 -9999 -9999 -9999 -9999 -9999 -9999 -9999 -9999 -9999 -9999 -9999 -9999 -9999 -9999 -9999 -9999 -9999 -9999 -9999 -9999 -9999 -9999 -9999 -9999 -9999 -9999 -9999 21 24 25 28 25 23 22 25 18 12 11 17 21 22 19 32767 32767 20 19 19 15
-9999 -9999 -9999 -9999 -9999 -9999 -9999 -9999 -9999 -9999 -9999 -9999 -9999 -9999 -9999 -9999 -9999 -9999 -9999 -9999 -9999 -9999 -9999 -9999 -9999 -9999 -9999 -9999 -9999 -9999 -9999 -9999 -9999 -9999 -9999 -9999 -9999 -9999 -9999 -9999 -9999 -9999 -9999 -9999 -9999 -9999 -9999 -9999 -9999 -9999 -9999 -9999 -9999 -9999 -9999 -9999 -9999 -9999 -9999 -9999 -9999 -9999 -9999 -9999 -9999 -9999 -9999 -9999 -9999 -9999 -9999 -9999 -9999 20 18 25 29 29 29 23 19 22 22 22 15 26 32767 32767 31 27 28 22 16 17
-9999 -9999 -9999 -9999 -9999 -9999 -9999 -9999 -9999 -9999 -9999 -9999 -9999 -9999 -9999 -9999 -9999 -9999 -9999 -9999 -9999 -9999 -9999 -9999 -9999 -9999 -9999 -9999 -9999 -9999 -9999 -9999 -9999 -9999 -9999 -9999 -9999 -9999 -9999 -9999 -9999 -9999 -9999 -9999 -9999 -9999 -9999 -9999 -9999 -9999 -9999 -9999 -9999 -9999 -9999 -9999 -9999 -9999 -9999 -9999 -9999 -9999 -9999 -9999 -9999 -9999 -9999 -9999 -9999 -9999 -9999 -9999 -9999 -9999 -9999 29 30 29 24 22 24 23 19 32767 32767 26 26 32 31 22 28 22 17 24
-9999 -9999 -9999 -9999 -9999 -9999 -9999 -9999 -9999 -9999 -9999 -9999 -9999 -9999 -9999 -9999 -9999 -9999 -9999 -9999 -9999 -9999 -9999 -9999 -9999 -9999 -9999 -9999 -9999 -9999 -9999 -9999 -9999 -9999 -9999 -9999 -9999 -9999 -9999 -9999 -9999 -9999 -9999 -9999 -9999 -9999 -9999 -9999 -9999 -9999 -9999 -9999 -9999 -9999 -9999 -9999 -9999 -9999 -9999 -9999 -9999 -9999 -9999 -9999 -9999 -9999 -9999 -9999 -9999 -9999 -9999 -9999 -9999 -9999 -9999 -9999 24 29 28 28 32767 32767 14 11 18 21 27 26 30 24 28 22 22 21
-9999 -9999 -9999 -9999 -9999 -9999 -9999 -9999 -9999 -9999 -9999 -9999 -9999 -9999 -9999 -9999 -9999 -9999 -9999 -9999 -9999 -9999 -9999 -9999 -9999 -9999 -9999 -9999 -9999 -9999 -9999 -9999 -9999 -9999 -9999 -9999 -9999 -9999 -9999 -9999 -9999 -9999 -9999 -9999 -9999 -9999 -9999 -9999 -9999 -9999 -9999 -9999 -9999 -9999 -9999 -9999 -9999 -9999 -9999 -9999 -9999 -9999 -9999 -9999 -9999 -9999 -9999 -9999 -9999 -9999 -9999 -9999 -9999 -9999 -9999 -9999 -9999 25 32767 32 31 28 23 14 12 13 24 27 28 23 25 19 23 16
-9999 -9999 -9999 -9999 -9999 -9999 -9999 -9999 -9999 -9999 -9999 -9999 -9999 -9999 -9999 -9999 -9999 -9999 -9999 -9999 -9999 -9999 -9999 -9999 -9999 -9999 -9999 -9999 -9999 -9999 -9999 -9999 -9999 -9999 -9999 -9999 -9999 -9999 -9999 -9999 -9999 -9999 -9999 -9999 -9999 -9999 -9999 -9999 -9999 -9999 -9999 -9999 -9999 -9999 -9999 -9999 -9999 -9999 -9999 -9999 -9999 -9999 -9999 -9999 -9999 -9999 -9999 -9999 -9999 -9999 -9999 -9999 -9999 -9999 -9999 -9999 -9999 32767 24 32 31 18 20 9 14 9 13 23 21 15 22 18 10 12
-9999 -9999 -9999 -9999 -9999 -9999 -9999 -9999 -9999 -9999 -9999 -9999 -9999 -9999 -9999 -9999 -9999 -9999 -9999 -9999 -9999 -9999 -9999 -9999 -9999 -9999 -9999 -9999 -9999 -9999 -9999 -9999 -9999 -9999 -9999 -9999 -9999 -9999 -9999 -9999 -9999 -9999 -9999 -9999 -9999 -9999 -9999 -9999 -9999 -9999 -9999 -9999 -9999 -9999 -9999 -9999 -9999 -9999 -9999 -9999 -9999 -9999 -9999 -9999 -9999 -9999 -9999 -9999 -9999 -9999 -9999 -9999 -9999 -9999 -9999 -9999 -9999 27 24 21 23 23 12 7 5 10 3 10 19 21 15 5 3 13
-9999 -9999 -9999 -9999 -9999 -9999 -9999 -9999 -9999 -9999 -9999 -9999 -9999 -9999 -9999 -9999 -9999 -9999 -9999 -9999 -9999 -9999 -9999 -9999 -9999 -9999 -9999 -9999 -9999 -9999 -9999 -9999 -9999 -9999 -9999 -9999 -9999 -9999 -9999 -9999 -9999 -9999 -9999 -9999 -9999 -9999 -9999 -9999 -9999 -9999 -9999 -9999 -9999 -9999 -9999 -9999 -9999 -9999 -9999 -9999 -9999 -9999 -9999 -9999 -9999 -9999 -9999 -9999 -9999 -9999 -9999 -9999 -9999 -9999 -9999 -9999 -9999 -9999 7 17 15 11 13 6 8 7 10 14 7 7 10 4 9 2
-9999 -9999 -9999 -9999 -9999 -9999 -9999 -9999 -9999 -9999 -9999 -9999 -9999 -9999 -9999 -9999 -9999 -9999 -9999 -9999 -9999 -9999 -9999 -9999 -9999 -9999 -9999 -9999 -9999 -9999 -9999 -9999 -9999 -9999 -9999 -9999 -9999 -9999 -9999 -9999 -9999 -9999 -9999 -9999 -9999 -9999 -9999 -9999 -9999 -9999 -9999 -9999 -9999 -9999 -9999 -9999 -9999 -9999 -9999 -9999 -9999 -9999 -9999 -9999 -9999 -9999 -9999 -9999 -9999 -9999 -9999 -9999 -9999 -9999 -9999 -9999 -9999 -9999 -9999 -9999 6 32767 32767 9 8 8 9 7 11 17 5 1 0 32767
-9999 -9999 -9999 -9999 -9999 -9999 -9999 -9999 -9999 -9999 -9999 -9999 -9999 -9999 -9999 -9999 -9999 -9999 -9999 -9999 -9999 -9999 -9999 -9999 -9999 -9999 -9999 -9999 -9999 -9999 -9999 -9999 -9999 -9999 -9999 -9999 -9999 -9999 -9999 -9999 -9999 -9999 -9999 -9999 -9999 -9999 -9999 -9999 -9999 -9999 -9999 -9999 -9999 -9999 -9999 -9999 -9999 -9999 -9999 -9999 -9999 -9999 -9999 -9999 -9999 -9999 -9999 -9999 -9999 -9999 -9999 -9999 -9999 -9999 -9999 -9999 -9999 -9999 -9999 32767 32767 32767 10 15 9 12 10 8 7 9 9 0 0 32767
-9999 -9999 -9999 -9999 -9999 -9999 -9999 -9999 -9999 -9999 -9999 -9999 -9999 -9999 -9999 -9999 -9999 -9999 -9999 -9999 -9999 -9999 -9999 -9999 -9999 -9999 -9999 -9999 -9999 -9999 -9999 -9999 -9999 -9999 -9999 -9999 -9999 -9999 -9999 -9999 -9999 -9999 -9999 -9999 -9999 -9999 -9999 -9999 -9999 -9999 -9999 -9999 -9999 -9999 -9999 -9999 -9999 -9999 -9999 -9999 -9999 -9999 -9999 -9999 -9999 -9999 -9999 -9999 -9999 -9999 -9999 -9999 -9999 -9999 -9999 -9999 -9999 -9999 32767 32767 32767 32767 6 9 9 1 4 15 11 8 12 2 1 32767
-9999 -9999 -9999 -9999 -9999 -9999 -9999 -9999 -9999 -9999 -9999 -9999 -9999 -9999 -9999 -9999 -9999 -9999 -9999 -9999 -9999 -9999 -9999 -9999 -9999 -9999 -9999 -9999 -9999 -9999 -9999 -9999 -9999 -9999 -9999 16 21 8 -9999 -9999 -9999 -9999 -9999 -9999 -9999 -9999 -9999 -9999 -9999 -9999 -9999 -9999 -9999 -9999 -9999 -9999 -9999 -9999 -9999 -9999 -9999 -9999 -9999 -9999 -9999 -9999 -9999 -9999 -9999 -9999 -9999 -9999 -9999 -9999 -9999 -9999 -9999 32767 32767 32767 32767 9 5 5 14 11 8 18 14 11 32767 32767 32767 9
-9999 -9999 -9999 -9999 -9999 -9999 -9999 -9999 -9999 -9999 -9999 -9999 -9999 -9999 -9999 -9999 -9999 -9999 -9999 -9999 -9999 -9999 -9999 -9999 -9999 -9999 -9999 -9999 -9999 -9999 -9999 -9999 -9999 -9999 7 22 21 32767 8 -9999 -9999 -9999 -9999 -9999 -9999 -9999 -9999 -9999 -9999 -9999 -9999 -9999 -9999 -9999 32767 32767 32767 32767 32767 -9999 -9999 -9999 -9999 -9999 -9999 -9999 -9999 -9999 -9999 -9999 -9999 -9999 -9999 -9999 -9999 -9999 32767 32767 32767 3 8 32767 6 7 8 4 6 32767 32767 32767 32767 32767 32767 32767
-9999 -9999 -9999 -9999 -9999 -9999 -9999 -9999 -9999 -9999 -9999 -9999 -9999 -9999 -9999 -9999 -9999 -9999 -9999 -9999 -9999 -9999 -9999 -9999 -9999 -9999 -9999 -9999 -9999 -9999 -9999 -9999 -9999 32767 10 21 14 32767 32767 17 24 32767 -9999 -9999 -9999 -9999 -9999 -9999 -9999 -9999 -9999 -9999 -9999 32767 32767 32767 32767 32767 32767 21 -9999 -9999 -9999 -9999 -9999 -9999 -9999 -9999 -9999 -9999 -9999 -9999 -9999 -9999 -9999 32767 32767 32767 14 7 8 8 32767 32767 6 5 32767 32767 32767 32767 32767 32767 32767 32767
-9999 -9999 -9999 -9999 -9999 -9999 -9999 -9999 -9999 -9999 -9999 -9999 -9999 -9999 -9999 -9999 -9999 -9999 -9999 -9999 -9999 -9999 -9999 -9999 -9999 -9999 -9999 -9999 -9999 -9999 -9999 -9999 32767 18 19 11 32767 32767 32767 32767 32767 32767 32767 -9999 -9999 -9999 -9999 -9999 -9999 -9999 12 16 32767 32767 32767 32767 32767 32767 32767 16 16 -9999 -9999 -9999 -9999 -9999 -9999 -9999 -9999 -9999 -9999 -9999 -9999 -9999 32767 4 12 11 19 15 1 32767 32767 32767 32767 32767 32767 32767 32767 32767 32767 32767 32767 12
-9999 -9999 -9999 -9999 -9999 -9999 -9999 -9999 -9999 -9999 -9999 -9999 -9999 -9999 -9999 -9999 -9999 -9999 -9999 -9999 -9999 -9999 -9999 -9999 -9999 -9999 -9999 -9999 -9999 -9999 -9999 -9999 21 30 24 32767 32767 32767 32767 32767 32767 32767 32767 32767 11 32767 32767 32767 -9999 -9999 32767 32767 32767 32767 32767 32767 32767 32767 32767 32767 32767 -9999 -9999 -9999 -9999 -9999 -9999 -9999 -9999 -9999 -9999 -9999 -9999 1 32767 5 5 32767 32767 32767 32767 32767 32767 32767 32767 32767 32767 32767 32767 32767 32767 32767 13 21
-9999 -9999 -9999 -9999 -9999 -9999 -9999 -9999 -9999 -9999 -9999 -9999 -9999 -9999 -9999 -9999 -9999 -9999 -9999 -9999 -9999 -9999 -9999 -9999 -9999 -9999 -9999 -9999 -9999 -9999 -9999 6 21 25 24 16 22 32767 32767 32767 32767 32767 32767 32767 32767 13 21 18 18 20 7 32767 32767 32767 32767 32767 32767 32767 32767 9 5 4 8 18 15 16 18 12 32767 32767 32767 32767 32767 32767 32767 32767 32767 32767 32767 3 32767 32767 23 25 32767 32767 32767 32767 32767 32767 32767 32767 32767 3
-9999 -9999 -9999 -9999 -9999 -9999 -9999 -9999 -9999 -9999 -9999 -9999 -9999 -9999 -9999 -9999 -9999 -9999 -9999 -9999 -9999 -9999 -9999 -9999 -9999 -9999 -9999 -9999 -9999 -9999 20 22 16 27 24 23 25 20 19 17 10 32767 32767 32767 2 4 13 17 20 20 10 32767 9 9 17 32767 7 0 0 0 5 5 7 9 9 14 16 12 32767 32767 32767 32767 32767 32767 32767 32767 32767 32767 7 32767 32767 4 13 20 18 0 32767 32767 32767 32767 32767 32767 32767 32767
-9999 -9999 -9999 -9999 -9999 -9999 -9999 -9999 -9999 -9999 -9999 -9999 -9999 -9999 -9999 -9999 -9999 -9999 -9999 -9999 -9999 -9999 -9999 -9999 -9999 -9999 -9999 -9999 -9999 -9999 20 22 21 18 20 19 20 20 17 32767 32767 32767 32767 32767 32767 32767 7 18 20 21 15 32767 6 12 3 0 0 0 0 4 5 11 7 8 10 10 11 12 5 32767 32767 32767 32767 32767 32767 32767 32767 32767 28 22 32767 19 13 13 11 24 32767 32767 32767 32767 32767 32767 32767 32767
-9999 -9999 -9999 -9999 -9999 -9999 -9999 -9999 -9999 -9999 -9999 -9999 -9999 -9999 -9999 -9999 -9999 -9999 -9999 -9999 -9999 -9999 -9999 -9999 -9999 -9999 -9999 -9999 17 21 21 21 22 19 19 22 22 18 32767 32767 32767 32767 32767 32767 32767 32767 17 19 15 17 11 32767 8 9 4 0 0 0 0 6 12 9 19 14 11 10 11 16 17 32767 32767 32767 32767 32767 32767 32767 32767 32767 19 33 24 21 8 8 11 25 23 32767 32767 32767 32767 32767 32767 32767
-9999 -9999 -9999 -9999 -9999 -9999 -9999 -9999 -9999 -9999 -9999 -9999 -9999 -9999 -9999 -9999 -9999 -9999 -9999 -9999 -9999 -9999 -9999 -9999 -9999 -9999 -9999 24 19 19 20 22 22 18 17 19 32767 32767 32767 32767 32767 32767 32767 32767 32767 32767 32767 32767 17 22 24 16 7 6 3 0 0 0 0 9 17 12 17 19 12 7 13 17 8 13 32767 32767 32767 32767 32767 32767 32767 32767 2 26 23 23 11 7 11 12 18 32767 32767 32767 32767 32767 32767 32767
-9999 -9999 -9999 -9999 -9999 -9999 -9999 -9999 -9999 -9999 -9999 -9999 -9999 -9999 -9999 -9999 -9999 -9999 -9999 -9999 -9999 -9999 -9999 -9999 -9999 23 20 22 26 20 23 16 13 13 19 32767 32767 32767 32767 32767 32767 32767 32767 32767 32767 32767 14 7 32767 32767 32767 12 1 8 5 0 0 0 0 9 17 11 14 17 8 5 10 17 14 16 6 32767 32767 32767 32767 32767 32767 32767 1 22 24 20 15 11 3 9 22 22 32767 32767 32767 32767 32767 32767
-9999 -9999 -9999 -9999 -9999 -9999 -9999 -9999 -9999 -9999 -9999 -9999 -9999 -9999 -9999 -9999 -9999 -9999 -9999 -9999 -9999 -9999 -9999 -9999 21 21 22 26 18 18 13 14 15 13 18 32767 32767 32767 32767 32767 32767 32767 32767 32767 32767 6 32767 32767 32767 32767 32767 6 7 7 3 0 0 0 3 5 13 13 14 11 5 6 12 19 14 12 20 15 32767 32767 32767 32767 4 5 21 19 21 20 19 21 14 4 12 16 32767 32767 32767 32767 32767 32767
-9999 -9999 -9999 -9999 -9999 -9999 -9999 -9999 -9999 -9999 -9999 -9999 -9999 -9999 -9999 -9999 -9999 -9999 -9999 -9999 -9999 -9999 -9999 19 21 24 23 26 14 12 11 15 16 10 17 21 32767 32767 32767 6 32767 32767 32767 32767 32767 32767 10 14 32767 20 21 32767 6 6 3 0 0 3 3 5 6 12 11 8 5 8 14 16 20 10 17 16 19 32767 32767 1 21 12 19 3 11 18 25 24 20 7 10 20 21 32767 26 26 25 23
-9999 -9999 -9999 -9999 -9999 -9999 -9999 -9999 -9999 -9999 -9999 -9999 -9999 -9999 -9999 -9999 -9999 -9999 -9999 -9999 21 22 23 21 24 28 28 25 14 13 14 13 11 9 1 32767 32767 32767 15 32767 32767 32767 32767 30 22 19 20 20 24 22 18 17 19 12 5 0 1 4 3 6 15 17 8 8 8 15 15 16 19 15 15 13 16 14 11 32767 32767 1 32767 32767 3 20 20 21 14 12 14 16 22 23 22 19 23 20
-9999 -9999 -9999 -9999 -9999 -9999 -9999 -9999 -9999 -9999 -9999 -9999 -9999 -9999 -9999 -9999 -9999 -9999 -9999 24 24 19 21 25 25 29 29 23 14 11 11 9 20 32767 32767 32767 32767 32767 1 32767 32767 32767 32767 27 21 12 18 18 24 23 24 23 16 19 10 3 4 7 10 10 17 17 6 5 11 18 17 23 21 18 12 12 6 9 9 32767 32767 32767 32767 32767 32767 8 20 19 16 13 19 15 26 20 29 25 25 24
-9999 -9999 -9999 -9999 -9999 -9999 -9999 -9999 -9999 -9999 -9999 -9999 -9999 -9999 -9999 -9999 -9999 -9999 21 23 22 20 24 29 32 33 19 18 21 12 15 17 25 1 32767 32767 32767 32767 32767 32767 32767 32767 32767 25 21 21 21 19 27 24 24 32767 16 19 9 4 4 16 17 16 11 13 10 7 13 17 19 21 19 18 9 12 9 13 19 17 32767 32767 32767 32767 32767 32767 9 8 5 32767 14 17 22 25 21 23 19 14
-9999 -9999 -9999 -9999 -9999 -9999 -9999 -9999 -9999 -9999 -9999 -9999 -9999 -9999 -9999 -9999 -9999 -9999 20 21 22 23 28 30 29 28 18 20 16 12 13 16 21 4 32767 32767 32767 32767 32767 32767 32767 32767 32767 24 26 27 25 20 25 26 26 32767 17 17 9 3 6 6 17 18 11 14 17 16 17 16 22 22 22 21 18 12 12 14 1 32767 32767 32767 32767 32767 32767 32767 32767 32767 32767 32767 14 18 18 26 25 20 11 9
-9999 -9999 -9999 -9999 -9999 -9999 -9999 -9999 -9999 -9999 -9999 -9999 -9999 -9999 -9999 -9999 -9999 -9999 22 21 24 23 30 29 25 25 18 23 19 14 16 17 0 32767 32767 32767 24 32767 25 29 32767 32767 22 19 20 20 21 16 21 24 23 32767 14 17 11 3 6 8 9 10 19 17 14 19 17 21 21 21 21 13 15 14 14 13 32767 32767 32767 32767 32767 32767 32767 32767 32767 32767 32767 15 13 18 21 18 22 16 6 1
-9999 -9999 -9999 -9999 -9999 -9999 -9999 -9999 -9999 -9999 -9999 -9999 -9999 -9999 -9999 -9999 -9999 -9999 24 25 21 29 32 29 29 22 22 18 16 18 17 15 32767 32767 32767 32767 32767 32767 32767 26 26 25 26 26 21 24 23 17 20 21 21 32767 13 6 7 2 2 7 10 15 20 19 19 18 15 20 21 20 20 14 10 13 14 10 32767 32767 32767 32767 32767 32767 32767 32767 32767 32767 13 32767 32767 11 9 19 26 16 9 3
-9999 -9999 -9999 -9999 -9999 -9999 -9999 -9999 -9999 -9999 -9999 -9999 -9999 -9999 -9999 -9999 -9999 -9999 24 23 28 32 29 22 20 22 18 21 14 16 18 19 32767 32767 32767 32767 32767 32767 32767 32767 25 20 19 22 21 18 18 19 19 21 20 32767 15 6 8 3 5 6 17 19 18 18 17 17 15 19 21 20 20 19 10 9 14 17 32767 32767 32767 32767 32767 32767 32767 32767 32767 21 32767 32767 9 3 13 10 24 19 10 4
-9999 -9999 -9999 -9999 -9999 -9999 -9999 -9999 -9999 -9999 -9999 -9999 -9999 -9999 -9999 -9999 -9999 -9999 21 26 25 25 22 23 24 21 20 17 17 18 18 17 18 32767 32767 32767 32767 32767 32767 32767 27 16 17 16 25 22 22 20 20 19 20 32767 15 9 4 1 4 9 18 19 16 18 18 15 15 19 20 19 20 19 9 13 9 16 32767 32767 32767 32767 32767 32767 32767 32767 32767 32767 21 21 7 8 6 13 24 24 20 12
-9999 -9999 -9999 -9999 -9999 -9999 -9999 -9999 -9999 -9999 -9999 -9999 -9999 -9999 -9999 -9999 -9999 18 24 27 21 18 23 21 22 20 19 19 19 18 15 13 20 20 19 32767 1 32767 32767 32767 19 16 21 18 20 20 21 19 22 22 22 16 14 17 9 2 2 14 14 18 16 18 17 17 16 16 19 20 20 19 9 12 8 12 32767 32767 32767 32767 32767 32767 32767 32767 32767 32767 32767 22 12 11 9 14 19 23 6 5
-9999 -9999 -9999 -9999 -9999 -9999 -9999 -9999 -9999 -9999 -9999 -9999 -9999 -9999 -9999 -9999 -9999 32767 13 28 21 7 10 14 24 17 17 17 17 19 15 11 19 17 32767 32767 32767 7 19 22 16 16 17 16 14 24 24 18 21 23 22 17 32767 17 17 7 13 17 17 18 15 15 16 16 15 15 18 20 22 21 15 8 13 13 19 32767 32767 32767 32767 32767 32767 32767 32767 32767 32767 0 16 10 10 12 10 14 7 12
-9999 -9999 -9999 -9999 -9999 -9999 -9999 -9999 -9999 -9999 -9999 -9999 -9999 -9999 -9999 -9999 -9999 -9999 32767 4 18 18 12 12 24 19 18 17 18 19 12 12 13 13 32767 32767 32767 32767 23 20 17 16 17 17 16 23 21 21 19 21 22 22 32767 12 17 19 19 19 17 18 17 17 20 19 18 18 18 20 21 20 14 11 12 13 4 32767 32767 32767 32767 32767 32767 32767 32767 32767 32767 32767 5 8 8 14 11 21 19 17
-9999 -9999 -9999 -9999 -9999 -9999 -9999 -9999 -9999 -9999 -9999 -9999 -9999 -9999 -9999 -9999 -9999 -9999 32767 32767 32767 17 19 20 20 23 16 14 21 18 19 22 19 32767 32767 32767 32767 32767 17 20 18 19 21 18 17 16 19 20 21 22 21 21 17 17 16 18 18 18 19 18 18 19 17 15 17 17 17 20 22 24 9 13 12 9 32767 32767 32767 32767 32767 32767 32767 32767 32767 32767 32767 32767 3 9 4 4 12 13 13 12
-9999 -9999 -9999 -9999 -9999 -9999 -9999 -9999 -9999 -9999 -9999 -9999 -9999 -9999 -9999 -9999 -9999 -9999 -9999 32767 32767 32767 18 22 18 12 16 11 11 8 19 21 18 32767 32767 32767 32767 18 16 19 22 21 16 24 24 25 17 23 20 25 20 19 19 32767 15 16 17 17 18 17 17 17 19 17 18 20 22 24 20 13 13 12 8 2 32767 32767 32767 32767 32767 32767 32767 32767 32767 32767 32767 32767 0 9 12 13 17 14 13 13
-9999 -9999 -9999 -9999 -9999 -9999 -9999 -9999 -9999 -9999 -9999 -9999 -9999 -9999 -9999 -9999 -9999 -9999 -9999 16 5 32767 32767 17 28 20 9 14 17 16 14 20 32767 25 22 25 22 18 17 18 20 20 20 21 19 25 20 18 18 16 20 16 15 16 16 17 18 17 18 18 17 15 18 18 15 16 18 21 12 7 12 8 14 11 32767 32767 32767 32767 32767 32767 32767 32767 32767 32767 32767 32767 2 25 20 19 17 13 13 11
-9999 -9999 -9999 -9999 -9999 -9999 -9999 -9999 -9999 -9999 -9999 -9999 -9999 -9999 -9999 -9999 -9999 -9999 -9999 15 6 6 32767 32767 17 21 20 20 12 12 14 32767 32767 23 32767 32767 19 18 18 10 16 15 19 17 22 19 22 21 14 19 22 13 20 10 32767 17 17 17 17 15 17 18 19 19 19 17 18 18 8 8 8 8 12 10 32767 32767 32767 32767 32767 32767 32767 32767 32767 32767 32767 3 32767 18 16 15 13 13 11 11
-9999 -9999 -9999 -9999 -9999 -9999 -9999 -9999 -9999 -9999 -9999 -9999 -9999 -9999 -9999 -9999 -9999 -9999 -9999 18 0 8 7 32767 32767 18 15 18 13 13 20 32767 21 32767 32767 32767 32767 16 32767 32767 32767 7 10 20 26 23 22 21 21 20 24 22 11 12 32767 19 17 17 16 15 19 18 16 18 19 16 17 8 10 7 8 12 9 12 16 32767 32767 32767 32767 32767 32767 32767 32767 4 5 2 32767 24 20 14 13 14 12 10
