ValueNro_2398/sve_ValueNro_2398_downslope_distance.asc
ncols        141
nrows        228
xllcorner    356256.000000000000
yllcorner    6857312.000000000000
cellsize     16.000000000000
NODATA_value  -9999
[rows 0 to 20 of 228, columns 46 to 91 of 141]
-9999 -9999 -9999 -9999 -9999 -9999 -9999 -9999 -9999 -9999 -9999 -9999 -9999 -9999 -9999 -9999 -9999 -9999 -9999 -9999 -9999 -9999 -9999 -9999 -9999 -9999 -9999 -9999 -9999 -9999 -9999 -9999 -9999 -9999 -9999 -9999 -9999 -9999 -9999 -9999 -9999 91.2548370361328125 82.4264068603515625 -9999 -9999 -9999
-9999 -9999 -9999 -9999 -9999 -9999 -9999 -9999 -9999 -9999 -9999 -9999 -9999 -9999 -9999 -9999 -9999 -9999 -9999 -9999 -9999 -9999 -9999 -9999 -9999 -9999 -9999 -9999 -9999 -9999 -9999 -9999 -9999 -9999 -9999 -9999 -9999 -9999 -9999 204.4507904052734375 188.6518096923828125 104.56854248046875 112.56854248046875 -9999 -9999 -9999
-9999 -9999 -9999 -9999 -9999 -9999 -9999 -9999 -9999 -9999 -9999 -9999 -9999 -9999 -9999 -9999 -9999 -9999 -9999 -9999 -9999 -9999 -9999 -9999 -9999 -9999 -9999 -9999 -9999 -9999 -9999 -9999 -9999 -9999 -9999 -9999 -9999 -9999 384.132049560546875 193.1370849609375 176.6518096923828125 160.509674072265625 114.22539520263671875 -9999 -9999 -9999
-9999 -9999 -9999 -9999 -9999 -9999 -9999 -9999 -9999 -9999 -9999 -9999 -9999 -9999 -9999 -9999 -9999 -9999 -9999 -9999 -9999 -9999 -9999 -9999 -9999 -9999 -9999 -9999 -9999 -9999 -9999 -9999 -9999 -9999 -9999 -9999 -9999 362.475189208984375 375.303619384765625 190.30865478515625 166.1665191650390625 148.509674072265625 131.195953369140625 91.7401123046875 -9999 -9999
-9999 -9999 -9999 -9999 -9999 -9999 -9999 -9999 -9999 -9999 -9999 -9999 -9999 -9999 -9999 -9999 -9999 -9999 -9999 -9999 -9999 -9999 -9999 -9999 -9999 -9999 -9999 -9999 -9999 -9999 -9999 -9999 -9999 -9999 -9999 -9999 332.04876708984375 352.333038330078125 226.9360809326171875 199.96551513671875 184.6518096923828125 141.195953369140625 119.8822479248046875 104.22539520263671875 -9999 -9999
-9999 -9999 -9999 -9999 -9999 -9999 -9999 -9999 -9999 -9999 -9999 -9999 -9999 -9999 -9999 -9999 -9999 -9999 -9999 -9999 -9999 -9999 -9999 -9999 -9999 -9999 -9999 -9999 157.681243896484375 177.8233795166015625 222.7939453125 -9999 -9999 -9999 -9999 306.39190673828125 325.2203369140625 348.19091796875 230.1076507568359375 221.2792205810546875 209.96551513671875 144.852813720703125 137.5391082763671875 132.7106781005859375 118.7106781005859375 -9999
-9999 -9999 -9999 -9999 -9999 -9999 -9999 -9999 -9999 -9999 -9999 -9999 -9999 -9999 -9999 -9999 -9999 -9999 -9999 -9999 -9999 -9999 -9999 -9999 -9999 -9999 -9999 140.852813720703125 152.509674072265625 170.9949493408203125 201.96551513671875 216.1076507568359375 280.735076904296875 -9999 275.906646728515625 291.906646728515625 315.2203369140625 334.877197265625 244.592926025390625 237.764495849609375 254.249786376953125 261.906646728515625 149.5391082763671875 117.5391082763671875 101.8822479248046875 -9999
-9999 -9999 -9999 -9999 -9999 -9999 -9999 -9999 -9999 -9999 -9999 -9999 -9999 -9999 -9999 -9999 -9999 -9999 -9999 -9999 -9999 -9999 -9999 -9999 -9999 -9999 -9999 157.5391082763671875 168.1665191650390625 177.8233795166015625 192.30865478515625 211.1370849609375 228.7939453125 252.592926025390625 273.078216552734375 285.906646728515625 312.39190673828125 337.70562744140625 262.249786376953125 260.249786376953125 270.735076904296875 150.3675384521484375 124.36753082275390625 109.8822479248046875 88.56854248046875 76.08325958251953125
-9999 -9999 -9999 -9999 -9999 -9999 -9999 -9999 -9999 -9999 -9999 -9999 -9999 -9999 -9999 -9999 -9999 -9999 -9999 -9999 -9999 -9999 -9999 -9999 -9999 -9999 175.195953369140625 174.3675384521484375 191.480224609375 215.96551513671875 207.96551513671875 219.6223602294921875 236.1076507568359375 248.9360809326171875 286.735076904296875 300.39190673828125 318.04876708984375 337.70562744140625 266.249786376953125 268.735076904296875 137.2548370361328125 140.3675384521484375 131.0538177490234375 128.3675384521484375 70.08325958251953125 51.94112396240234375
-9999 -9999 -9999 -9999 -9999 -9999 -9999 -9999 -9999 -9999 -9999 120.36753082275390625 133.0538177490234375 123.7401123046875 121.7401123046875 -9999 -9999 -9999 -9999 -9999 -9999 -9999 -9999 -9999 -9999 -9999 195.480224609375 194.3675384521484375 239.764495849609375 229.2792205810546875 224.4507904052734375 236.9360809326171875 250.592926025390625 260.936065673828125 297.2203369140625 306.877197265625 312.04876708984375 130.22540283203125 121.7401123046875 120.08325958251953125 118.08325958251953125 117.39697265625 105.7401123046875 108.56854248046875 47.455844879150390625 32.970561981201171875
-9999 -9999 -9999 -9999 -9999 -9999 -9999 -9999 -9999 112.56854248046875 126.56854248046875 144.7106781005859375 163.195953369140625 139.39697265625 142.56854248046875 152.7106781005859375 164.3675384521484375 -9999 -9999 -9999 -9999 -9999 -9999 -9999 246.04876708984375 229.6223602294921875 282.249786376953125 272.592926025390625 256.936065673828125 244.592926025390625 244.592926025390625 250.1076507568359375 274.39190673828125 276.39190673828125 288.39190673828125 300.877197265625 134.7106781005859375 115.7401123046875 98.4264068603515625 97.2548370361328125 101.5979766845703125 94.91168975830078125 85.2548370361328125 79.2548370361328125 82.4264068603515625 28.970561981201171875
-9999 -9999 -9999 -9999 -9999 -9999 -9999 -9999 -9999 126.56854248046875 137.8822479248046875 150.024383544921875 175.681243896484375 180.1665191650390625 162.7106781005859375 176.3675384521484375 183.681243896484375 188.1665191650390625 143.112701416015625 149.7401123046875 158.22540283203125 237.5634918212890625 -9999 -9999 255.36248779296875 323.01934814453125 304.877197265625 286.39190673828125 268.735076904296875 261.078216552734375 264.249786376953125 266.592926025390625 292.5340576171875 298.5340576171875 300.5340576171875 309.70562744140625 108.91168975830078125 96.4264068603515625 82.76955413818359375 73.94112396240234375 77.94112396240234375 81.2548370361328125 65.112701416015625 64.76955413818359375 65.5979766845703125 25.313709259033203125
-9999 -9999 -9999 -9999 -9999 -9999 -9999 -9999 -9999 143.0538177490234375 601.21026611328125 618.0386962890625 204.6518096923828125 199.8233795166015625 208.30865478515625 190.852813720703125 204.509674072265625 205.96551513671875 215.6223602294921875 166.91168212890625 175.8822479248046875 230.04876708984375 204.592926025390625 190.1076507568359375 192.1076507568359375 195.764495849609375 315.70562744140625 303.70562744140625 286.39190673828125 273.563507080078125 158.024383544921875 150.3675384521484375 141.195953369140625 129.0538177490234375 314.19091796875 318.19091796875 98.08325958251953125 76.76955413818359375 60.76955413818359375 54.62741851806640625 62.76955413818359375 44.1421356201171875 41.313709259033203125 38.1421356201171875 41.79898834228515625 14.485280990600585938
-9999 -9999 -9999 -9999 -9999 -9999 -9999 -9999 -9999 584.7249755859375 597.55340576171875 616.7249755859375 636.3818359375 650.86712646484375 218.9949493408203125 208.1665191650390625 222.9949493408203125 258.4508056640625 230.1076507568359375 201.681243896484375 241.70562744140625 223.9066314697265625 199.764495849609375 176.4507904052734375 174.7939453125 156.9949493408203125 326.5340576171875 308.04876708984375 300.04876708984375 160.9949493408203125 143.681243896484375 131.5391082763671875 130.7106781005859375 124.22539520263671875 100.91168975830078125 85.2548370361328125 83.5979766845703125 58.284271240234375 45.79898834228515625 38.1421356201171875 38.284271240234375 26.970561981201171875 25.313709259033203125 20.485280990600585938 23.656854629516601562 2.8284270763397216797
-9999 -9999 -9999 -9999 -9999 -9999 -9999 -9999 -9999 576.23968505859375 594.23968505859375 611.068115234375 642.0386962890625 652.86712646484375 238.30865478515625 229.480224609375 255.2792205810546875 282.936065673828125 302.107635498046875 312.936065673828125 245.70562744140625 222.3919219970703125 191.2792205810546875 169.1370849609375 151.8233795166015625 138.1665191650390625 133.681243896484375 135.681243896484375 134.509674072265625 157.681243896484375 140.852813720703125 122.7106781005859375 110.22539520263671875 116.22539520263671875 95.7401123046875 80.4264068603515625 56.284271240234375 39.79898834228515625 30.970561981201171875 17.656854629516601562 18 14.485280990600585938 4 4 4.8284273147583007812 12.485280990600585938
-9999 -9999 -9999 -9999 -9999 -9999 -9999 -9999 -9999 563.75439453125 593.55340576171875 615.21026611328125 626.3818359375 641.695556640625 266.4508056640625 249.96551513671875 264.7939453125 281.62237548828125 298.4508056640625 312.592926025390625 223.421356201171875 206.9360809326171875 188.4507904052734375 155.8233795166015625 135.3380889892578125 122.852813720703125 116.024383544921875 114.024383544921875 108.024383544921875 156.024383544921875 144.024383544921875 90.91168975830078125 93.7401123046875 55.79898834228515625 90.284271240234375 87.112701416015625 47.455844879150390625 24.1421356201171875 11.313708305358886719 2.8284270763397216797 4 2.8284270763397216797 8.8284273147583007812 20.485280990600585938 22.970561981201171875 44.62741851806640625
-9999 -9999 -9999 -9999 -9999 -9999 -9999 -9999 -9999 -9999 578.7249755859375 599.068115234375 615.4112548828125 633.21026611328125 279.27923583984375 265.62237548828125 273.764495849609375 286.936065673828125 211.1370849609375 134.56854248046875 114.56854248046875 103.2548370361328125 72.284271240234375 19.313709259033203125 10.485280990600585938 5.6568541526794433594 96.7106781005859375 91.05382537841796875 92.7106781005859375 70.08325958251953125 63.94112396240234375 65.94112396240234375 41.455844879150390625 32.48528289794921875 37.313709259033203125 67.79898834228515625 57.79898834228515625 14.485280990600585938 2.8284270763397216797 14.1421356201171875 9.6568546295166015625 4 4 34.1421356201171875 40.62741851806640625 65.112701416015625
-9999 -9999 -9999 -9999 -9999 -9999 -9999 -9999 -9999 -9999 574.0975341796875 589.4112548828125 617.068115234375 636.3818359375 658.52392578125 670.52392578125 287.421356201171875 191.8233795166015625 194.6518096923828125 188.9949493408203125 166.509674072265625 95.2548370361328125 72.284271240234375 50.970561981201171875 34.970561981201171875 20.1421356201171875 8.8284273147583007812 72.91168975830078125 68.4264068603515625 59.112697601318359375 47.455844879150390625 42.62741851806640625 26.1421356201171875 15.656854629516601562 22.485280990600585938 33.313709259033203125 43.455844879150390625 12.828427314758300781 4.8284273147583007812 15.313708305358886719 2.8284270763397216797 16.485280990600585938 29.798990249633789062 4.8284273147583007812 22.485280990600585938 55.455844879150390625
-9999 -9999 -9999 -9999 -9999 -9999 -9999 -9999 -9999 -9999 -9999 379.587890625 621.89654541015625 642.3818359375 656.52392578125 673.35235595703125 683.837646484375 182.9949493408203125 167.681243896484375 159.195953369140625 155.681243896484375 166.509674072265625 148.3675384521484375 131.8822479248046875 121.8822479248046875 105.8822479248046875 90.22539520263671875 10 49.112697601318359375 38.62741851806640625 29.313709259033203125 20.970561981201171875 10.485280990600585938 2.8284270763397216797 5.6568541526794433594 16.485280990600585938 27.313709259033203125 10.828427314758300781 4.8284273147583007812 4.8284273147583007812 10.485280990600585938 26.485280990600585938 27.313709259033203125 4 20.1421356201171875 35.79898834228515625
-9999 -9999 -9999 -9999 -9999 -9999 -9999 -9999 -9999 -9999 -9999 -9999 381.9310302734375 389.730010986328125 659.35235595703125 683.4945068359375 697.4945068359375 183.8233795166015625 167.681243896484375 140.7106781005859375 133.0538177490234375 138.3675384521484375 154.024383544921875 180.6518096923828125 172.6518096923828125 163.3380889892578125 80.91168975830078125 60.4264068603515625 34.62741851806640625 24.1421356201171875 13.656854629516601562 4.8284273147583007812 4.8284273147583007812 17.313709259033203125 9.6568546295166015625 2.8284270763397216797 18.485280990600585938 22.485280990600585938 4 4.8284273147583007812 14.485280990600585938 4.8284273147583007812 4 4 17.656854629516601562 34.1421356201171875
-9999 -9999 -9999 -9999 -9999 -9999 -9999 -9999 -9999 -9999 -9999 -9999 361.44573974609375 373.587890625 388.75946044921875 405.730010986328125 703.97979736328125 304.39190673828125 166.024383544921875 127.39697265625 115.7401123046875 125.05382537841796875 147.681243896484375 151.681243896484375 154.509674072265625 153.681243896484375 145.195953369140625 61.254833221435546875 27.313709259033203125 11.656854629516601562 2.8284270763397216797 4.8284273147583007812 10.828427314758300781 33.313709259033203125 31.798990249633789062 7.6568541526794433594 8 13.656854629516601562 4.8284273147583007812 14.485280990600585938 2.8284270763397216797 12.485280990600585938 18.485280990600585938 16 28.970561981201171875 41.455844879150390625
