ValueNro_2398/sve_ValueNro_2398_ika.asc
ncols        141
nrows        228
xllcorner    356256.000000000000
yllcorner    6857312.000000000000
cellsize     16.000000000000
NODATA_value -9999
[rows 164 to 204 of 228, columns 0 to 92 of 141]
-9999 -9999 -9999 -9999 -9999 11 22 17 21 20 15 36 27 36 20 19 21 22 22 15 19 18 14 14 16 15 55 34 34 24 29 41 26 31 21 32767 9 22 38 39 25 26 31 25 35 32 11 32767 32767 32767 32767 32767 32767 32767 32767 67 47 48 43 44 44 42 17 18 33 12 4 4 4 5 35 79 78 90 98 90 74 47 32 18 27 24 35 11 32 49 71 77 82 38 1 0 0
-9999 -9999 -9999 -9999 -9999 -9999 23 16 27 25 47 27 46 37 38 34 21 22 29 31 25 18 21 20 27 40 46 38 32 31 31 41 39 22 40 32767 14 39 30 27 9 27 28 32 35 20 12 32767 32767 32767 32767 32767 32767 32767 32767 12 76 50 47 39 32 35 19 21 14 12 8 5 4 6 6 56 78 93 94 102 89 76 54 41 20 25 42 20 54 49 57 58 106 81 35 2 1
-9999 -9999 -9999 -9999 -9999 -9999 24 32 21 26 24 11 31 27 27 22 31 29 29 43 34 21 20 18 35 55 48 42 31 23 32 26 35 25 13 5 37 30 29 32 27 37 33 34 45 28 16 32767 32767 32767 32767 32767 32767 81 32767 32767 6 64 57 39 70 41 44 20 22 24 12 7 4 4 4 10 94 86 93 108 111 101 70 80 45 31 19 40 48 47 53 46 84 21 20 24 1
-9999 -9999 -9999 -9999 -9999 -9999 33 21 19 12 11 11 23 25 30 30 30 26 41 26 13 25 25 19 30 54 55 49 31 19 21 27 28 27 32767 8 28 11 11 33 40 19 37 39 45 14 17 12 32767 32767 32767 32767 32767 64 42 32767 4 65 54 77 47 53 39 23 21 21 12 7 3 4 5 4 38 73 87 96 100 107 95 90 46 21 7 42 67 25 38 40 92 1 1 1 1
-9999 -9999 -9999 -9999 -9999 -9999 20 27 26 22 11 11 13 46 47 21 17 23 19 27 14 33 21 24 54 55 66 49 34 22 22 43 23 12 32767 9 12 10 7 29 37 33 37 42 49 14 18 32767 32767 32767 32767 32767 14 32 67 32767 32767 37 48 29 67 51 36 33 20 15 11 11 4 5 4 5 21 95 83 95 86 32767 32767 70 38 23 7 38 56 19 50 58 10 1 1 1 1
-9999 -9999 -9999 -9999 -9999 -9999 31 20 43 30 31 41 15 11 13 22 25 25 29 21 17 31 22 36 49 77 80 65 43 28 28 16 23 8 2 7 12 14 32 35 31 37 38 50 27 17 13 32767 32767 32767 32767 32767 32767 33 40 58 32767 32767 51 47 39 48 67 51 31 15 9 10 4 5 4 10 60 70 94 96 98 116 97 32767 62 11 7 18 56 32 25 21 5 1 1 1 1
-9999 -9999 -9999 -9999 -9999 -9999 41 34 39 36 36 33 26 10 14 27 28 20 16 30 28 25 52 50 46 77 0 66 23 42 34 29 32 32767 11 10 13 33 28 22 28 37 43 43 49 27 13 32767 32767 32767 32767 32767 32767 14 45 50 32767 32767 43 42 51 49 41 37 36 14 14 8 4 5 9 39 93 79 82 69 87 105 87 32767 59 23 20 36 56 41 34 46 48 1 1 1 1
-9999 -9999 -9999 -9999 -9999 -9999 -9999 33 20 61 41 45 19 15 20 20 17 15 15 36 30 33 44 48 27 0 0 57 50 26 32 27 16 9 12 77 88 31 19 30 22 59 33 35 29 40 14 32767 32767 32767 32767 32767 32767 10 73 39 47 32767 32767 66 43 44 46 33 50 27 41 8 4 7 59 73 88 96 84 72 72 89 91 99 73 72 23 20 55 41 54 53 62 3 1 1 1
-9999 -9999 -9999 -9999 -9999 -9999 -9999 19 15 20 46 40 59 31 19 24 18 22 13 37 39 26 38 44 54 63 0 57 31 48 27 40 32767 31 48 66 98 87 28 29 37 42 38 52 43 29 18 32767 32767 32767 32767 32767 32767 32767 37 41 51 48 32767 55 50 48 45 37 53 29 44 8 3 7 74 98 104 97 87 85 77 100 101 107 78 68 41 42 30 36 31 36 56 20 3 2 1
-9999 -9999 -9999 -9999 -9999 -9999 -9999 -9999 12 18 37 52 53 47 36 16 21 15 17 48 45 25 28 35 47 59 63 42 41 42 50 35 32767 72 46 67 67 92 79 81 53 58 66 53 50 40 32767 32767 32767 32767 32767 32767 32767 32767 43 41 46 65 32767 32767 44 41 48 37 34 44 30 20 3 4 64 90 105 100 89 73 93 94 113 110 32767 78 83 25 25 26 34 31 7 43 20 2 1
-9999 -9999 -9999 -9999 -9999 -9999 -9999 -9999 -9999 15 19 42 47 57 54 44 30 31 25 47 30 43 26 24 24 40 47 34 42 51 38 30 35 47 35 27 37 39 46 72 51 85 88 79 62 32767 32767 14 32767 32767 32767 32767 32767 32767 27 44 42 48 60 32767 55 60 40 51 30 28 30 7 3 4 55 83 94 85 84 96 96 111 112 109 32767 87 66 31 32 44 50 53 17 16 7 7 18
-9999 -9999 -9999 -9999 -9999 -9999 -9999 -9999 -9999 -9999 13 32 61 67 71 53 38 38 50 18 12 41 44 25 29 28 27 37 35 52 37 32767 26 36 28 11 14 11 36 77 63 63 106 111 68 32767 32767 7 7 32767 32767 32767 32767 32767 32 40 45 41 68 32767 32767 44 67 55 29 31 56 15 5 6 52 100 89 97 88 102 114 103 114 95 32767 107 94 68 40 91 70 97 20 11 7 7 40
-9999 -9999 -9999 -9999 -9999 -9999 -9999 -9999 -9999 -9999 20 30 58 65 50 53 42 36 49 26 29 30 43 26 30 29 32 50 41 29 32767 36 47 39 26 39 16 11 7 80 109 72 94 95 73 72 32767 32767 32767 32767 32767 32767 32767 32767 32767 37 36 59 49 44 32767 32767 67 42 41 32 42 50 73 57 90 99 94 88 84 103 113 113 88 90 92 109 98 89 82 74 76 84 86 20 16 7 30
-9999 -9999 -9999 -9999 -9999 -9999 -9999 -9999 32 44 59 33 47 68 66 53 57 36 47 27 43 40 42 30 25 28 26 32 41 37 46 47 61 27 21 15 13 15 59 71 71 54 98 113 82 48 32767 32767 32767 32767 32767 32767 32767 32767 32767 34 55 52 52 50 32767 32767 42 40 38 31 52 53 75 92 93 104 105 96 89 85 102 101 66 79 88 32767 100 95 104 82 95 84 95 33 32 5 33
-9999 -9999 -9999 -9999 -9999 -9999 -9999 -9999 61 58 41 34 40 36 43 34 36 34 52 26 30 41 28 27 28 28 29 34 30 32767 47 32 25 13 22 37 12 13 46 41 47 72 120 101 126 66 42 32767 32767 32767 32767 32767 32767 32767 32767 27 47 50 58 74 52 32767 32767 76 38 31 56 53 81 97 93 105 114 104 95 95 77 66 87 98 97 97 32767 99 101 73 97 88 95 48 25 5 36
-9999 -9999 -9999 -9999 -9999 -9999 -9999 -9999 84 79 50 41 32 36 24 42 50 45 46 35 28 25 17 45 41 25 26 12 32767 12 24 37 29 11 5 10 9 18 28 46 48 79 92 92 84 96 53 32 32767 32767 32767 32767 32767 32767 32767 32767 30 45 54 54 80 55 32767 30 57 45 56 59 92 95 85 93 103 94 95 114 66 81 84 102 103 96 98 32767 98 91 107 78 99 32 5 5 33
-9999 -9999 -9999 -9999 -9999 -9999 -9999 -9999 72 86 60 87 7 32767 2 38 36 45 45 40 32 24 25 26 28 11 8 32767 5 18 37 23 16 10 8 10 14 27 26 47 62 89 95 77 51 40 61 29 32767 32767 32767 32767 32767 32767 32767 32767 32767 22 40 47 63 60 32767 32767 45 37 29 33 53 60 83 93 118 99 82 110 79 79 92 94 99 91 93 84 83 93 92 78 32 16 7 7 11
-9999 -9999 -9999 -9999 -9999 -9999 -9999 -9999 40 102 32767 32767 32767 32767 32767 32767 1 6 9 22 23 32 11 10 32767 32767 8 10 9 21 32 12 15 15 10 9 30 38 38 51 79 49 77 48 52 47 42 55 52 42 32767 32767 32767 32767 32767 32767 32767 20 30 39 66 99 89 32767 13 30 12 12 8 69 77 98 105 116 90 100 106 89 92 102 97 92 98 78 86 32767 84 85 33 23 7 7 11
-9999 -9999 -9999 -9999 -9999 -9999 -9999 -9999 32767 55 79 91 69 6 11 3 14 32767 32767 2 5 10 32767 32767 10 12 28 12 7 8 10 11 22 30 41 90 53 42 44 40 32 42 50 50 52 56 51 46 50 62 109 114 87 58 40 32767 32767 32767 54 47 97 103 71 32767 32767 4 13 7 5 8 72 89 88 117 115 94 106 89 96 92 93 94 84 96 91 92 89 97 70 8 31 30 20
-9999 -9999 -9999 -9999 -9999 -9999 -9999 -9999 48 55 75 73 87 81 31 2 4 4 2 5 11 12 20 31 35 25 12 14 7 16 18 21 38 21 58 59 72 69 45 40 30 41 48 44 44 50 40 53 47 56 88 84 91 69 57 47 48 47 65 74 86 85 104 69 32767 32767 11 11 6 11 38 88 89 102 109 90 90 95 88 93 82 75 87 91 78 61 89 96 75 69 54 61 20
-9999 -9999 -9999 -9999 -9999 -9999 -9999 -9999 -9999 -9999 89 78 80 74 67 25 8 5 10 14 13 21 21 18 15 14 11 16 16 29 34 14 13 19 72 87 85 95 58 46 44 75 43 44 41 41 37 46 43 49 99 111 85 65 44 41 53 45 68 80 84 99 87 87 43 32767 11 13 10 9 9 40 58 100 77 98 96 86 84 92 93 87 91 94 87 66 32767 89 59 87 88 71 30
-9999 -9999 -9999 -9999 -9999 -9999 -9999 -9999 -9999 -9999 86 78 84 84 106 81 23 13 18 14 14 13 11 10 11 14 10 13 19 10 15 10 14 47 81 98 71 73 71 53 58 44 42 42 51 30 52 35 47 41 39 42 50 36 42 41 42 38 48 50 79 79 76 104 84 32767 32767 10 9 8 9 10 87 94 95 99 95 88 92 89 89 98 89 96 79 61 62 66 32767 50 83 81 76
-9999 -9999 -9999 -9999 -9999 -9999 -9999 -9999 49 48 52 61 89 95 90 76 43 25 27 22 10 11 14 12 8 8 9 13 10 7 11 12 28 44 97 104 105 84 75 104 98 66 61 46 41 40 36 36 49 51 46 38 42 34 38 44 70 49 29 37 59 101 79 84 102 74 32767 10 9 9 7 9 18 65 79 102 86 77 73 92 86 88 86 89 94 62 65 67 74 96 90 80 96
-9999 -9999 -9999 -9999 -9999 -9999 -9999 -9999 33 54 58 72 56 58 83 88 45 20 16 13 19 21 9 6 4 5 5 7 8 7 10 20 27 51 84 98 86 87 87 83 84 88 62 41 35 41 32 27 45 39 26 23 20 13 19 59 35 63 45 44 25 53 79 69 105 81 32767 32767 14 10 8 5 21 59 65 92 75 76 88 100 97 90 89 96 83 58 55 58 60 89 106 104 90
-9999 -9999 -9999 -9999 -9999 -9999 -9999 32767 55 55 85 86 44 39 67 78 42 14 17 14 12 12 6 7 7 7 5 7 9 5 11 25 35 52 100 78 97 89 86 83 82 92 84 55 40 40 30 46 45 20 13 11 11 11 12 22 38 36 23 14 45 43 80 69 83 95 91 32767 7 11 10 2 8 18 49 85 62 78 76 93 100 95 90 92 92 77 69 70 71 32767 93 95 94
-9999 -9999 -9999 -9999 -9999 -9999 -9999 32767 38 48 50 48 60 43 68 77 46 19 11 12 12 11 6 7 8 8 7 8 13 25 30 31 33 51 82 92 79 88 98 99 83 97 97 46 50 60 46 30 28 32 24 17 11 9 11 16 30 15 15 13 38 39 58 86 92 98 84 32767 32767 10 8 3 10 40 50 78 79 84 97 82 85 98 91 73 76 84 81 48 52 74 32767 32767 32767
-9999 -9999 -9999 -9999 -9999 -9999 54 32767 50 48 43 62 56 43 117 106 69 28 14 13 8 11 12 6 7 7 10 19 17 28 28 33 59 61 67 85 99 85 86 92 97 101 115 65 69 64 64 39 38 57 36 48 21 11 11 15 17 21 16 17 31 31 56 89 94 61 101 86 32767 4 23 6 5 78 58 79 71 77 83 83 70 89 85 82 69 90 72 55 65 79 85 93 91
-9999 -9999 -9999 -9999 -9999 43 51 32767 44 48 44 83 44 87 114 106 84 83 84 44 14 12 10 11 14 36 29 26 21 29 28 52 50 59 81 86 88 96 97 91 72 69 79 74 59 63 61 57 59 74 68 51 45 26 20 26 17 17 15 14 15 42 43 87 95 93 95 79 32767 32767 6 21 6 79 95 70 83 90 83 77 89 103 78 75 78 93 86 86 84 84 91 92 106
-9999 -9999 -9999 -9999 -9999 47 37 32767 37 55 72 64 44 88 126 109 103 83 61 70 55 15 14 22 18 18 29 27 27 28 29 38 54 60 64 69 87 116 85 81 68 53 50 56 65 60 57 87 86 86 101 97 83 56 38 17 21 20 16 13 14 43 43 83 83 79 86 81 32767 32767 3 16 6 51 77 90 100 103 97 87 88 68 86 89 80 79 92 86 68 85 78 99 100
-9999 -9999 -9999 -9999 30 62 35 32767 54 44 42 50 93 105 108 110 104 73 89 88 71 90 35 23 17 25 25 25 24 32 36 31 60 86 88 83 80 83 65 81 44 43 50 40 87 54 52 96 103 84 91 87 92 86 67 21 35 18 37 20 18 26 35 59 82 69 95 110 81 32767 32767 12 3 71 54 91 94 98 106 88 84 -9999 -9999 -9999 77 81 69 88 81 87 98 100 103
-9999 -9999 -9999 -9999 50 63 30 32767 64 79 52 50 94 95 77 100 97 76 71 92 87 70 80 35 37 37 27 24 44 35 24 26 40 67 82 85 73 50 96 64 49 43 50 54 76 48 68 81 86 90 90 96 87 84 54 43 32 37 23 31 37 18 43 50 70 68 95 106 99 32767 32767 5 6 -9999 -9999 -9999 -9999 -9999 -9999 -9999 -9999 -9999 -9999 -9999 -9999 -9999 -9999 -9999 94 -9999 -9999 -9999 104
-9999 -9999 -9999 63 40 35 32767 49 85 103 44 58 48 83 77 113 89 94 68 47 88 53 32 38 31 37 39 33 34 37 27 25 60 68 69 82 79 57 68 60 65 50 45 48 66 81 69 79 96 96 86 82 95 90 96 66 44 45 33 20 26 22 42 82 67 60 83 102 99 75 32767 8 -9999 -9999 -9999 -9999 -9999 -9999 -9999 -9999 -9999 -9999 -9999 -9999 -9999 -9999 -9999 -9999 -9999 -9999 -9999 -9999 103
-9999 -9999 -9999 33 40 32767 42 34 92 127 42 61 84 47 83 106 81 87 87 46 66 33 29 47 39 36 38 33 21 35 41 35 56 68 71 52 71 75 61 65 70 90 51 54 88 82 54 55 84 86 91 86 87 95 87 91 58 48 40 44 19 20 42 58 80 69 87 81 85 73 32767 -9999 -9999 -9999 -9999 -9999 -9999 -9999 -9999 -9999 -9999 -9999 -9999 -9999 -9999 -9999 -9999 -9999 -9999 -9999 -9999 -9999 -9999
-9999 -9999 -9999 -9999 36 42 39 46 71 75 40 66 52 59 59 99 47 91 58 65 38 13 36 26 28 33 22 20 33 48 33 52 61 88 76 59 72 81 47 59 55 95 77 72 87 78 53 55 86 82 90 85 73 67 86 78 86 55 42 31 18 20 45 46 66 84 90 85 74 80 -9999 -9999 -9999 -9999 -9999 -9999 -9999 -9999 -9999 -9999 -9999 -9999 -9999 -9999 -9999 -9999 -9999 -9999 -9999 -9999 -9999 -9999 -9999
-9999 -9999 -9999 -9999 53 41 42 38 88 80 45 40 57 50 50 78 56 46 90 25 37 9 12 23 35 47 35 35 41 39 50 47 52 67 76 70 55 55 61 56 57 57 88 74 94 68 66 68 69 79 79 80 76 76 85 89 99 60 55 47 63 35 52 79 48 80 63 67 62 -9999 -9999 -9999 -9999 -9999 -9999 -9999 -9999 -9999 -9999 -9999 -9999 -9999 -9999 -9999 -9999 -9999 -9999 -9999 -9999 -9999 -9999 -9999 -9999
-9999 -9999 -9999 -9999 26 37 43 38 77 111 46 49 42 59 56 106 -9999 -9999 -9999 30 25 11 12 20 21 35 30 46 37 38 34 37 52 56 89 70 51 77 67 75 60 59 71 67 48 77 79 54 54 48 54 76 85 68 76 60 103 97 60 47 25 43 36 48 45 50 54 39 59 -9999 -9999 -9999 -9999 -9999 -9999 -9999 -9999 -9999 -9999 -9999 -9999 -9999 -9999 -9999 -9999 -9999 -9999 -9999 -9999 -9999 -9999 -9999 -9999
-9999 -9999 -9999 -9999 35 36 41 41 73 82 44 44 61 44 57 94 -9999 -9999 -9999 -9999 6 8 9 8 17 43 35 42 25 35 44 35 47 53 85 85 77 62 61 57 52 55 53 48 46 76 72 55 64 48 58 65 57 53 50 64 56 54 56 53 50 48 42 39 56 53 32767 32767 32767 38 -9999 -9999 -9999 -9999 -9999 -9999 -9999 -9999 -9999 -9999 -9999 -9999 -9999 -9999 -9999 -9999 -9999 -9999 -9999 -9999 -9999 -9999 -9999
-9999 -9999 -9999 -9999 -9999 -9999 -9999 37 96 45 49 47 42 47 -9999 -9999 -9999 -9999 -9999 -9999 3 6 7 6 18 24 24 44 15 19 28 43 40 66 56 85 79 70 60 57 65 59 55 73 78 57 62 59 51 66 47 53 58 44 52 58 73 66 65 67 63 59 72 32767 32767 45 86 103 58 32767 -9999 -9999 -9999 -9999 -9999 -9999 -9999 -9999 -9999 -9999 -9999 -9999 -9999 -9999 -9999 -9999 -9999 -9999 -9999 -9999 -9999 -9999 -9999
-9999 -9999 -9999 -9999 -9999 -9999 -9999 -9999 51 47 50 46 49 -9999 -9999 -9999 -9999 -9999 -9999 -9999 3 8 7 7 10 11 14 18 10 8 33 34 42 59 70 70 86 87 84 77 53 55 55 53 61 63 45 41 62 45 55 71 69 60 43 50 70 70 71 58 57 32767 32767 49 57 45 68 58 60 32767 54 53 -9999 -9999 -9999 -9999 -9999 -9999 -9999 -9999 -9999 -9999 -9999 -9999 -9999 -9999 -9999 -9999 -9999 -9999 -9999 -9999 -9999
-9999 -9999 -9999 -9999 -9999 -9999 -9999 -9999 -9999 67 49 49 -9999 -9999 -9999 -9999 -9999 -9999 -9999 -9999 4 9 9 10 8 12 6 5 4 6 13 27 47 64 54 54 52 49 76 75 46 61 52 59 62 64 42 50 59 51 91 83 52 55 47 45 53 62 85 58 32767 73 57 46 44 47 57 68 59 45 39 80 32767 -9999 -9999 -9999 -9999 -9999 -9999 -9999 -9999 -9999 -9999 -9999 -9999 -9999 -9999 -9999 -9999 -9999 -9999 -9999 -9999
-9999 -9999 -9999 -9999 -9999 -9999 -9999 -9999 -9999 -9999 -9999 -9999 -9999 -9999 -9999 -9999 -9999 -9999 -9999 -9999 36 24 11 9 7 6 6 5 3 3 10 19 46 36 49 47 42 67 51 60 64 52 59 64 63 39 63 65 51 51 56 55 43 33 47 46 85 75 32767 63 76 79 56 49 59 49 58 71 121 78 32767 75 32767 -9999 -9999 -9999 -9999 -9999 -9999 -9999 -9999 -9999 -9999 -9999 -9999 -9999 -9999 -9999 -9999 -9999 -9999 -9999 -9999
