ValueNro_2398/sve_ValueNro_2398_keskilapimitta.asc
ncols        141
nrows        228
xllcorner    356256.000000000000
yllcorner    6857312.000000000000
cellsize     16.000000000000
NODATA_value -9999
[rows 126 to 167 of 228, columns 0 to 93 of 141]
-9999 -9999 -9999 -9999 -9999 -9999 -9999 -9999 -9999 -9999 -9999 -9999 -9999 -9999 -9999 -9999 -9999 -9999 15 10 13 19 28 30 32767 32767 16 22 19 19 32767 32767 32767 32767 32767 32767 32767 32767 32767 32767 32767 32767 11 22 26 24 20 25 20 21 23 20 23 15 32767 26 20 20 18 18 19 19 17 19 20 22 13 6 8 16 13 6 0 0 0 32767 32767 32767 32767 32767 32767 13 12 6 4 3 32767 19 17 12 9 13 14 14
-9999 -9999 -9999 -9999 -9999 -9999 -9999 -9999 -9999 -9999 -9999 -9999 -9999 -9999 -9999 -9999 -9999 -9999 7 12 18 20 27 25 22 32767 32767 9 29 18 32767 15 23 32767 32767 32767 24 16 32767 32767 32767 32767 32767 16 24 24 22 18 22 19 17 18 19 16 21 22 24 21 19 18 19 18 23 19 21 22 12 7 11 6 0 0 0 0 0 32767 32767 32767 32767 32767 32767 18 21 8 0 4 1 32767 7 16 13 12 14 13
-9999 -9999 -9999 -9999 -9999 -9999 -9999 -9999 -9999 -9999 -9999 -9999 -9999 -9999 -9999 -9999 4 2 7 16 20 25 23 23 26 26 32767 32767 11 32767 32767 32767 11 19 21 18 32767 32767 32767 32767 32767 32767 32767 12 19 19 18 15 15 15 11 11 12 10 15 22 24 22 20 18 16 16 15 16 17 19 15 15 11 1 0 0 0 0 0 0 32767 32767 32767 10 18 25 18 7 0 3 1 32767 2 17 13 15 14 14
-9999 -9999 -9999 -9999 -9999 -9999 -9999 -9999 -9999 -9999 -9999 -9999 -9999 -9999 -9999 3 3 1 10 24 33 26 25 29 25 26 24 32767 32767 32767 29 16 32767 17 21 14 32767 32767 32767 32767 32767 32767 32767 32767 21 23 22 19 11 9 11 5 14 10 12 12 24 23 24 21 15 15 21 16 11 9 9 1 1 0 0 0 0 0 2 0 32767 32767 32767 32767 25 24 19 7 4 0 1 3 32767 17 19 11 14 15
-9999 -9999 -9999 -9999 -9999 -9999 -9999 -9999 -9999 -9999 22 19 8 3 1 1 2 3 20 30 26 27 27 18 17 19 18 9 32767 32767 20 17 21 32767 26 16 32767 32767 32767 32767 32767 32767 32767 32767 18 23 21 19 8 14 16 11 9 7 8 16 24 23 25 23 21 22 22 16 10 8 1 0 0 0 0 0 0 0 2 0 1 32767 32767 18 25 25 19 12 0 0 9 14 32767 2 20 11 11 12
-9999 -9999 -9999 -9999 -9999 -9999 -9999 -9999 -9999 25 21 19 8 4 4 4 12 19 19 28 29 22 25 32767 32767 32767 32767 23 1 32767 32767 25 21 26 32767 17 32767 32767 32767 32767 32767 32767 32767 32767 12 25 17 15 15 20 8 13 12 10 8 13 19 19 23 26 27 21 24 14 10 5 0 0 0 0 0 0 0 0 0 1 1 32767 8 20 25 20 22 12 1 6 11 15 12 32767 6 21 14 32767
-9999 -9999 -9999 -9999 -9999 -9999 -9999 -9999 16 26 24 19 14 12 12 11 21 23 31 23 25 19 21 32767 32767 32767 32767 21 14 32767 32767 1 22 21 19 15 32767 32767 32767 32767 32767 32767 32767 32767 17 21 19 23 18 4 1 11 16 13 11 15 11 17 17 26 25 20 21 19 11 6 0 0 0 0 0 0 0 0 0 2 1 2 6 26 24 23 20 15 19 16 21 24 14 32767 0 10 32767 21
-9999 -9999 -9999 -9999 -9999 -9999 -9999 16 22 20 18 15 19 18 16 18 19 21 21 20 19 17 23 32767 32767 32767 32767 19 32767 24 32767 32767 8 25 10 32767 10 32767 32767 32767 32767 32767 32767 32767 19 18 21 19 19 3 0 7 10 13 16 17 18 15 17 21 22 20 24 22 12 8 0 0 0 0 0 0 1 4 1 0 1 1 1 18 25 24 24 24 24 24 24 26 11 14 32767 8 16 17
-9999 -9999 -9999 -9999 -9999 -9999 -9999 5 13 19 13 14 14 13 13 6 14 23 19 18 16 14 14 22 32767 21 18 16 32767 24 25 32767 32767 17 19 19 32767 32767 32767 32767 32767 32767 32767 32767 15 32767 12 21 22 2 2 1 7 17 17 17 18 18 15 14 24 24 25 24 15 13 1 0 0 0 0 9 15 13 4 0 0 0 5 19 25 25 22 26 30 25 23 24 21 12 14 32767 9 15
-9999 -9999 -9999 -9999 -9999 -9999 3 4 12 8 3 3 7 6 7 4 4 14 15 24 24 13 11 12 14 18 13 7 32767 18 19 19 32767 32767 8 23 12 13 32767 32767 32767 32767 32767 10 6 17 32767 20 20 14 1 1 0 3 19 19 18 18 18 16 16 13 10 17 23 17 9 1 1 3 15 17 19 14 0 0 1 1 10 21 26 20 21 23 26 28 26 22 23 20 14 32767 8 20
-9999 -9999 -9999 -9999 -9999 1 2 15 11 3 2 4 2 3 3 1 1 4 13 12 14 17 18 14 17 32767 13 15 32767 18 14 19 17 32767 32767 18 18 32767 12 32767 32767 32767 0 32767 32767 32767 19 26 18 9 1 1 1 1 6 19 18 17 17 18 19 15 11 15 20 21 19 11 10 11 24 21 16 0 0 0 0 1 10 21 26 24 20 23 19 26 24 22 22 22 20 17 32767 10
-9999 -9999 -9999 -9999 3 7 4 2 6 1 1 1 1 1 1 1 0 0 3 14 13 18 22 20 20 22 18 12 14 14 15 17 21 32767 32767 6 17 18 15 32767 32767 0 32767 3 32767 32767 19 26 22 15 1 1 2 2 1 10 18 18 18 20 21 15 16 17 17 22 25 24 25 23 23 15 1 2 2 0 0 0 0 22 26 21 22 17 23 22 27 28 24 23 20 20 12 32767
-9999 -9999 -9999 10 2 1 3 3 0 1 1 1 1 2 1 1 1 1 1 3 5 10 8 16 20 16 18 32767 19 15 11 14 6 32767 32767 32767 0 16 19 7 32767 32767 2 32767 32767 32767 8 17 19 15 11 1 1 1 1 6 16 19 16 18 20 21 20 19 18 22 22 25 24 24 23 13 1 2 3 3 4 0 0 21 26 24 22 16 19 21 30 27 28 24 20 12 22 7
-9999 -9999 19 13 4 2 1 2 3 1 1 2 1 1 1 1 2 1 1 1 1 2 13 14 20 19 32767 22 25 16 10 7 32767 32767 32767 32767 32767 4 14 32767 32767 32767 32767 32767 32767 32767 32767 5 20 20 14 2 0 1 2 1 17 18 18 19 21 15 19 18 15 16 19 23 23 23 23 16 5 9 0 1 4 9 0 13 21 27 24 18 25 25 30 26 25 29 24 14 23 21
20 21 19 11 13 4 8 12 3 3 3 3 0 1 1 2 2 1 2 1 1 1 1 32767 32767 21 22 22 22 19 13 32767 32767 32767 32767 32767 32767 32767 12 32767 32767 32767 32767 32767 32767 32767 32767 15 26 28 7 2 0 0 1 0 4 19 19 21 15 16 18 18 15 14 23 23 24 23 24 23 21 8 6 0 0 9 1 11 19 25 25 26 27 28 28 28 26 25 22 14 19 18
27 25 19 15 12 11 13 14 8 4 3 2 1 1 3 1 1 7 6 2 1 32767 32767 18 20 25 21 25 23 10 32767 32767 32767 32767 32767 32767 6 32767 32767 32767 32767 32767 32767 0 32767 32767 32767 16 23 23 16 2 0 0 1 9 4 9 19 17 19 19 18 18 16 14 15 13 21 23 23 21 21 14 12 9 8 19 13 16 24 26 25 28 27 23 27 28 22 25 22 10 14 12
-9999 23 21 19 14 14 13 7 7 8 14 6 12 2 8 8 11 9 0 2 32767 2 12 20 21 28 19 19 9 32767 32767 32767 32767 32767 32767 32767 32767 32767 32767 32767 32767 6 6 32767 32767 32767 20 19 21 24 20 11 2 0 2 8 5 10 19 17 17 18 18 18 15 14 14 13 21 21 19 19 21 18 19 20 18 17 18 22 27 24 25 23 19 19 22 24 24 25 20 11 21 15
-9999 -9999 -9999 18 14 14 9 7 10 7 7 14 17 8 6 1 6 8 0 1 17 15 17 21 25 28 19 18 32767 32767 32767 32767 32767 32767 32767 32767 32767 32767 32767 32767 1 9 14 32767 32767 4 19 19 17 23 22 10 2 1 1 9 6 5 15 16 17 18 17 17 18 15 14 15 23 19 16 17 19 20 24 25 23 18 22 27 26 26 27 22 18 18 19 23 25 25 24 13 16 11
-9999 -9999 -9999 14 14 10 8 6 5 8 12 9 14 12 6 11 8 32767 32767 7 11 20 21 20 24 28 24 32767 32767 32767 32767 32767 32767 32767 32767 32767 32767 32767 32767 32767 32767 32767 32767 32767 32767 32767 2 15 25 20 26 18 14 0 1 12 6 10 15 20 20 19 20 18 19 19 15 14 20 21 19 18 19 22 23 25 22 22 20 27 25 30 23 22 18 15 19 20 24 24 23 15 15 10
-9999 -9999 -9999 17 15 10 8 8 10 9 11 8 9 12 6 11 32767 9 9 13 9 11 17 21 26 25 32767 32767 32767 32767 32767 32767 32767 32767 32767 32767 32767 32767 32767 32767 32767 32767 32767 32767 32767 5 32767 17 24 23 28 21 12 1 3 16 7 7 20 20 19 20 17 15 19 18 14 14 19 17 18 18 17 19 19 20 18 18 21 24 28 28 25 23 19 15 16 17 22 24 18 21 15 16
-9999 -9999 -9999 17 18 17 13 15 14 7 7 11 11 12 13 32767 11 12 5 7 9 16 20 18 22 22 32767 32767 32767 32767 32767 32767 32767 32767 32767 32767 32767 32767 32767 32767 32767 32767 32767 32767 32767 32767 32767 18 18 21 23 24 15 2 3 13 4 22 20 19 19 20 20 19 20 20 18 14 16 20 21 18 16 17 19 16 16 19 15 22 26 27 24 20 14 15 15 20 19 19 21 22 20 20
-9999 -9999 -9999 14 18 17 20 20 16 7 7 6 13 7 11 2 4 4 8 13 9 19 24 23 18 22 24 32767 32767 32767 32767 32767 32767 32767 32767 32767 32767 32767 32767 32767 32767 32767 32767 32767 32767 19 16 19 18 17 18 25 18 6 7 17 6 16 16 16 20 20 20 20 20 20 19 18 17 17 23 15 18 17 18 18 19 20 17 17 23 27 24 22 17 15 14 21 21 18 20 21 20 20
-9999 -9999 -9999 15 12 15 20 21 20 13 12 11 8 14 32767 4 3 11 8 6 8 12 20 17 16 26 22 19 32767 32767 32767 32767 6 32767 32767 32767 32767 32767 32767 32767 32767 32767 32767 32767 32767 16 20 16 16 19 19 18 19 12 10 10 6 8 11 14 15 17 17 17 18 20 19 19 17 15 19 15 18 18 19 15 16 20 15 18 20 22 26 25 17 17 17 19 19 18 18 26 19 20
-9999 -9999 -9999 15 18 17 13 16 17 14 14 12 10 32767 11 12 10 11 7 7 12 9 21 23 25 16 18 21 17 32767 0 3 2 32767 32767 32767 32767 32767 32767 32767 32767 32767 32767 32767 32767 16 20 17 16 16 17 16 12 8 15 10 13 6 1 11 13 18 17 17 17 16 13 14 16 17 19 18 18 18 18 18 19 20 19 18 20 20 29 25 22 18 17 17 21 25 26 25 22 22
-9999 -9999 -9999 9 10 14 16 14 16 18 14 32767 15 26 27 26 25 20 18 9 10 14 15 17 16 21 19 21 15 7 2 2 2 2 32767 32767 32767 32767 32767 32767 32767 32767 32767 13 32767 32767 21 14 18 19 17 22 16 11 8 12 15 11 5 10 18 18 16 16 13 13 12 19 16 18 18 21 18 18 18 18 19 19 20 20 17 23 23 26 20 22 19 21 23 21 20 20 17 18
-9999 -9999 -9999 10 5 8 10 12 11 13 32767 18 23 26 24 27 22 22 25 18 8 5 13 12 17 20 23 15 12 3 0 0 0 3 32767 32767 32767 32767 32767 32767 32767 32767 32767 32767 8 32767 5 20 20 20 21 19 6 10 20 16 12 13 6 10 19 18 15 16 19 17 17 19 17 19 21 20 17 18 19 18 18 15 20 16 19 22 24 27 24 26 21 24 19 16 19 20 21 21
-9999 -9999 -9999 16 13 7 10 11 12 32767 19 18 16 17 19 19 15 19 20 15 13 11 12 11 14 21 21 23 15 3 2 2 3 3 7 32767 32767 32767 32767 32767 32767 32767 32767 32767 32767 32767 32767 19 21 19 13 32767 32767 20 18 12 18 11 6 5 19 19 16 18 18 16 17 15 17 15 18 22 17 18 18 18 14 13 14 19 19 19 24 27 24 27 23 21 18 13 14 19 25 20
-9999 -9999 -9999 13 10 10 8 12 32767 14 15 12 13 14 12 13 12 13 14 11 11 12 13 8 10 24 19 21 20 2 2 3 2 0 2 32767 32767 32767 32767 32767 32767 32767 32767 32767 32767 32767 32767 32767 17 24 9 32767 32767 18 15 16 14 11 10 4 13 16 15 15 17 14 14 14 15 19 16 24 17 19 15 19 13 14 20 20 19 19 21 24 28 27 22 20 21 10 10 14 15 23
-9999 -9999 -9999 9 12 12 10 32767 10 17 12 12 13 11 8 11 12 12 11 13 12 11 7 8 9 24 31 26 13 4 0 0 0 0 0 2 32767 32767 32767 32767 32767 32767 32767 32767 32767 32767 32767 32767 32767 20 32767 32767 32767 18 14 8 15 17 13 15 13 18 20 20 12 14 18 18 15 17 16 22 18 19 19 17 19 20 20 19 18 19 23 25 24 26 22 20 20 11 8 12 13 19
-9999 -9999 7 13 19 11 32767 4 11 16 16 13 12 11 7 8 13 15 15 13 11 13 7 5 17 23 23 20 22 14 7 0 8 8 0 0 0 32767 32767 32767 32767 32767 32767 32767 32767 32767 32767 1 32767 12 12 32767 32767 22 19 15 15 13 16 19 20 2 9 12 2 2 2 2 1 14 23 22 18 17 18 20 20 19 19 20 20 20 23 25 24 25 22 20 14 9 14 8 12 14
-9999 -9999 3 10 9 32767 32767 11 15 14 13 13 12 11 11 10 8 11 11 11 11 13 10 7 14 13 13 10 10 18 13 0 12 11 5 0 0 2 8 32767 32767 32767 32767 32767 32767 32767 32767 32767 32767 32767 8 32767 32767 20 20 13 15 15 18 18 14 0 0 0 0 0 0 0 0 5 23 22 20 18 19 19 20 10 11 13 18 18 21 22 25 24 21 18 14 5 12 12 8 12
-9999 -9999 4 16 12 14 2 8 16 13 14 14 11 11 14 11 11 9 11 11 11 12 15 10 20 18 15 11 10 21 16 10 8 11 9 6 4 32767 8 6 32767 32767 32767 32767 32767 32767 32767 32767 32767 32767 32767 17 20 17 21 12 16 9 10 16 10 0 0 0 0 0 0 0 0 4 10 21 21 20 14 19 6 6 4 4 5 19 24 24 23 25 21 18 20 11 10 20 15 15
-9999 -9999 5 20 6 16 6 9 15 14 10 11 14 14 13 11 11 10 9 13 10 12 10 16 11 10 13 12 18 22 22 16 5 16 9 7 2 32767 9 7 10 32767 32767 32767 32767 32767 32767 32767 32767 32767 32767 18 25 21 21 17 18 17 19 11 8 6 0 0 0 0 0 0 0 0 14 23 24 20 16 5 2 4 2 1 4 12 18 24 20 24 21 19 19 14 9 17 10 10
-9999 -9999 10 11 9 5 3 13 10 10 9 7 15 14 10 10 11 15 10 11 13 9 7 11 18 14 15 9 16 22 19 14 5 9 2 0 0 0 12 11 13 32767 32767 32767 32767 32767 32767 32767 32767 32767 32767 32767 24 23 22 19 17 17 20 15 13 6 3 0 0 0 0 0 0 0 1 23 27 24 19 6 2 4 4 3 3 5 14 24 22 24 27 19 23 20 7 4 2 14
-9999 -9999 1 6 1 3 5 8 11 10 7 7 14 11 11 11 12 8 5 13 13 11 6 15 10 12 10 8 16 20 18 12 6 2 0 0 32767 9 15 12 11 12 10 5 32767 32767 32767 32767 32767 32767 6 32767 18 22 22 18 17 20 19 9 8 8 6 3 0 0 0 0 0 0 4 25 26 23 16 5 4 4 1 3 3 1 9 19 19 25 28 21 19 20 8 1 11 2
-9999 -9999 -9999 1 1 4 10 8 11 10 10 9 10 9 6 5 8 13 12 5 11 9 6 12 12 15 10 11 8 17 15 9 12 13 1 1 32767 17 9 13 12 12 9 17 8 32767 32767 32767 32767 32767 32767 32767 32767 18 26 19 18 17 20 16 11 5 6 7 0 0 0 0 0 0 21 22 21 28 20 18 4 1 1 2 1 1 2 10 19 23 20 23 20 19 0 9 8 4
-9999 -9999 -9999 0 1 4 5 11 10 10 10 9 11 9 5 8 11 12 8 8 10 9 8 7 13 19 17 16 16 20 17 14 10 12 10 5 32767 11 17 15 11 12 8 17 13 5 32767 32767 32767 32767 32767 32767 32767 6 27 23 22 18 23 16 19 6 8 4 8 0 0 0 0 1 16 22 27 25 25 18 7 2 1 3 3 1 3 5 19 21 24 23 16 10 0 8 8 8
-9999 -9999 -9999 -9999 1 2 7 9 9 6 8 6 13 8 10 11 8 10 11 6 6 8 7 11 11 7 12 14 16 15 11 12 10 12 25 10 12 17 12 10 6 10 12 8 17 13 1 32767 32767 32767 32767 32767 32767 32767 20 23 21 23 23 20 15 11 6 12 9 0 0 0 0 0 12 24 25 25 25 20 14 4 3 4 3 2 4 2 21 23 24 27 17 8 0 8 7 8
-9999 -9999 -9999 -9999 -9999 3 8 8 8 7 6 14 10 13 7 8 10 10 10 6 6 5 11 11 13 7 11 14 15 12 12 14 10 13 22 32767 9 9 11 10 5 5 8 10 11 15 7 32767 32767 32767 32767 32767 32767 32767 32767 22 23 20 20 20 18 19 4 4 12 8 0 0 0 1 9 14 24 24 26 22 22 11 6 4 3 2 4 1 13 21 23 26 20 8 0 0 0 4
-9999 -9999 -9999 -9999 -9999 -9999 8 7 11 9 17 11 16 14 14 13 9 10 12 13 8 4 7 8 14 13 15 17 14 15 13 14 11 11 15 32767 3 11 6 6 6 6 8 12 15 7 10 32767 32767 32767 32767 32767 32767 32767 32767 10 29 16 21 16 14 13 8 6 11 9 1 0 0 1 1 12 24 26 26 23 16 17 11 7 4 2 5 2 9 20 22 22 20 15 4 0 0 0
-9999 -9999 -9999 -9999 -9999 -9999 10 12 8 11 9 3 11 10 11 10 13 12 12 13 13 6 6 5 10 12 16 19 9 10 13 9 13 11 10 0 16 12 6 7 6 12 12 12 17 11 7 32767 32767 32767 32767 32767 32767 27 32767 32767 3 24 16 17 22 16 19 7 8 11 6 1 0 0 0 2 20 25 26 25 22 20 20 12 7 5 2 5 8 18 24 18 15 2 2 8 0 1
-9999 -9999 -9999 -9999 -9999 -9999 11 8 7 5 3 3 9 10 13 13 13 11 12 14 3 8 8 7 11 15 19 21 9 7 9 10 15 8 32767 1 14 2 1 7 12 7 11 12 16 6 6 9 32767 32767 32767 32767 32767 24 17 32767 1 23 22 23 20 21 16 10 6 6 7 1 0 0 0 0 9 20 25 26 27 26 23 19 8 4 1 5 10 10 18 17 18 0 0 0 0 1
