ValueNro_2398/sve_ValueNro_2398_tilavuus.asc
ncols        141
nrows        228
xllcorner    356256.000000000000
yllcorner    6857312.000000000000
cellsize     16.000000000000
NODATA_value -9999
[rows 156 to 194 of 228, columns 0 to 88 of 141]
-9999 -9999 59 83 89 32767 32767 75 98 107 66 95 104 100 98 94 63 86 62 61 82 98 40 27 92 90 107 76 96 106 178 5 38 38 9 1 1 8 14 32767 32767 32767 32767 32767 32767 32767 32767 32767 32767 32767 34 32767 32767 152 148 102 95 147 133 162 119 2 3 3 3 3 2 2 2 58 190 192 150 115 95 78 86 40 41 55 76 103 199 195 268 185 151 101 65
-9999 -9999 24 183 91 40 16 39 129 114 97 95 51 73 107 67 93 56 98 98 99 98 111 53 200 159 126 55 56 172 116 145 15 40 41 32 7 32767 46 46 32767 32767 32767 32767 32767 32767 32767 32767 32767 32767 32767 117 179 126 149 91 145 59 69 91 94 12 2 2 2 2 0 0 0 42 76 173 160 107 82 71 22 17 13 11 15 86 151 184 186 194 167 103 77
-9999 -9999 32 189 26 46 36 70 135 132 42 48 97 99 90 53 90 92 103 125 97 103 37 82 121 9 37 49 117 173 238 91 39 43 44 43 10 32767 92 104 67 32767 32767 32767 32767 32767 32767 32767 32767 32767 32767 75 183 218 149 94 139 210 133 43 99 64 2 2 2 2 0 0 0 10 117 197 179 153 94 13 4 8 9 4 12 44 84 205 132 174 160 115 102
-9999 -9999 59 65 109 25 6 107 40 41 38 38 134 117 44 47 93 122 107 151 148 45 63 147 150 49 49 11 180 279 220 81 36 18 4 1 10 2 48 71 94 32767 32767 32767 32767 32767 32767 32767 32767 32767 32767 32767 148 281 129 116 228 153 249 105 110 66 36 2 2 2 2 0 0 2 6 189 268 186 131 16 4 8 9 10 11 15 67 185 183 177 211 124 109
-9999 -9999 10 34 28 29 26 99 98 44 24 21 80 67 102 99 103 119 83 150 147 66 76 158 46 63 31 11 114 196 146 83 43 7 10 2 32767 24 51 53 58 67 109 62 32767 32767 32767 32767 32767 32767 19 32767 77 227 195 149 139 194 195 48 62 37 65 36 2 2 1 1 0 3 24 213 255 214 117 14 8 8 5 11 10 2 19 171 204 209 209 162 114
-9999 -9999 -9999 11 26 27 94 100 66 44 39 38 44 70 79 73 101 74 103 71 97 71 80 66 54 81 34 54 45 117 125 66 74 98 0 0 32767 115 33 75 71 124 44 115 110 32767 32767 32767 32767 32767 32767 32767 32767 94 269 240 149 127 181 149 55 56 14 77 3 2 1 1 1 2 143 183 303 199 153 61 12 4 4 8 4 4 3 49 181 182 169 160 120
-9999 -9999 -9999 1 0 30 77 103 44 46 37 38 65 100 71 103 108 65 32 25 60 67 82 62 52 158 177 116 106 129 121 125 71 126 62 13 32767 109 141 138 121 121 41 97 80 33 32767 32767 32767 32767 32767 32767 32767 10 260 179 146 138 177 124 126 63 56 58 44 3 1 1 1 3 108 181 240 206 152 82 26 8 3 12 9 4 7 9 107 150 283 162 108
-9999 -9999 -9999 -9999 0 23 104 97 29 22 36 22 76 31 42 62 60 38 44 20 17 17 65 49 48 40 71 114 124 105 66 96 47 85 179 32 58 104 48 82 77 84 85 40 100 92 5 32767 32767 32767 32767 32767 32767 32767 158 261 149 168 167 145 126 50 62 96 27 3 2 1 1 1 43 200 209 289 246 146 70 11 11 14 12 8 9 6 87 163 275 226 107
-9999 -9999 -9999 -9999 -9999 7 105 47 25 23 22 81 75 92 23 31 45 46 35 20 75 64 52 48 51 16 97 88 112 85 111 117 94 110 130 32767 8 42 85 102 48 53 68 64 118 98 18 32767 32767 32767 32767 32767 32767 32767 32767 127 244 128 138 146 151 134 34 30 35 17 3 1 1 2 20 117 171 258 270 154 95 42 20 10 11 9 8 4 121 240 259 185 93
-9999 -9999 -9999 -9999 -9999 -9999 97 67 67 75 114 42 117 77 82 75 39 45 90 99 76 32 63 59 115 147 126 117 124 134 117 117 150 99 103 32767 11 100 70 55 8 57 87 120 110 38 32 32767 32767 32767 32767 32767 32767 32767 32767 47 234 142 112 127 128 98 18 66 52 21 5 2 1 2 2 45 186 210 284 263 100 99 44 19 12 9 17 13 35 202 196 182 90
-9999 -9999 -9999 -9999 -9999 -9999 91 109 18 42 37 7 64 79 65 43 98 91 110 151 74 64 65 63 122 72 145 127 42 41 96 121 175 122 30 1 111 96 64 83 55 87 115 133 192 57 19 32767 32767 32767 32767 32767 32767 186 32767 32767 44 220 129 111 118 144 129 67 68 25 14 4 1 1 1 5 129 183 265 264 184 187 93 54 20 13 13 28 25 106 243 165 66
-9999 -9999 -9999 -9999 -9999 -9999 95 105 31 19 7 3 33 93 114 111 111 96 156 152 63 39 78 64 64 157 195 243 47 18 39 108 165 66 32767 0 91 5 3 87 94 43 136 148 179 15 30 27 32767 32767 32767 32767 32767 239 74 32767 7 151 163 105 136 173 206 43 72 69 17 5 3 1 1 1 20 152 193 233 214 235 176 77 21 12 10 27 30 65 125 123 119
-9999 -9999 -9999 -9999 -9999 -9999 23 67 111 27 7 4 4 115 119 39 19 51 70 109 69 70 77 51 120 154 185 126 127 39 44 119 115 5 32767 0 30 6 9 64 80 109 135 148 163 16 46 32767 32767 32767 32767 32767 53 88 186 32767 32767 66 168 61 91 143 179 107 69 47 15 5 1 1 0 1 15 128 137 180 177 32767 32767 121 25 7 10 26 23 11 146 104 31
-9999 -9999 -9999 -9999 -9999 -9999 67 41 122 71 69 97 6 4 6 66 52 66 102 63 54 95 43 126 130 119 113 110 112 99 100 74 102 14 2 24 31 9 73 81 104 140 141 176 51 51 31 32767 32767 32767 32767 32767 32767 36 186 163 32767 32767 96 132 100 125 90 77 66 44 5 4 1 1 0 4 43 55 116 103 187 225 200 32767 46 4 9 14 22 14 10 48 32
-9999 -9999 -9999 -9999 -9999 -9999 115 130 98 97 81 72 60 10 4 59 32 63 20 110 97 78 156 202 128 47 0 45 115 171 110 115 106 32767 18 32 21 72 60 57 90 119 141 130 172 65 47 32767 32767 32767 32767 32767 32767 50 163 199 32767 32767 72 129 149 67 108 82 89 51 10 5 1 1 3 35 83 80 63 96 94 101 145 32767 84 8 5 9 23 28 17 22 89
-9999 -9999 -9999 -9999 -9999 -9999 -9999 111 65 103 97 112 21 25 60 64 36 17 27 92 118 107 149 218 52 0 0 53 117 76 110 111 29 29 30 64 91 110 68 148 81 126 187 141 47 107 49 32767 32767 32767 32767 32767 32767 8 146 140 144 32767 32767 122 117 56 84 91 128 67 49 14 2 2 64 79 60 70 88 64 83 94 106 196 117 51 7 12 29 26 28 38 95
-9999 -9999 -9999 -9999 -9999 -9999 -9999 40 16 53 114 162 188 45 62 57 32 42 7 86 116 85 105 190 123 44 0 57 101 112 45 117 32767 117 119 115 113 83 107 133 178 157 136 212 221 81 48 32767 32767 32767 32767 32767 32767 32767 109 131 234 106 32767 74 107 110 62 104 87 61 50 14 3 2 66 77 76 70 78 97 93 97 103 195 144 87 29 19 12 17 22 40 46
-9999 -9999 -9999 -9999 -9999 -9999 -9999 -9999 14 63 93 197 156 183 77 53 64 8 43 121 130 94 101 133 174 170 182 201 141 122 104 118 32767 146 118 133 107 103 97 96 112 139 183 222 154 170 32767 32767 32767 32767 32767 32767 32767 32767 105 118 227 277 32767 32767 112 107 97 128 137 156 79 50 2 1 58 88 78 86 87 92 110 123 138 207 32767 182 110 11 10 11 17 23 10
-9999 -9999 -9999 -9999 -9999 -9999 -9999 -9999 -9999 27 59 126 204 270 258 223 40 52 17 115 101 149 96 67 59 97 249 108 166 129 89 48 74 128 100 72 91 56 66 115 143 137 224 174 165 32767 32767 32 32767 32767 32767 32767 32767 32767 109 137 172 243 127 32767 56 279 124 139 120 80 79 24 2 1 53 76 91 92 101 119 111 103 104 207 32767 180 81 24 16 20 28 28 9
-9999 -9999 -9999 -9999 -9999 -9999 -9999 -9999 -9999 -9999 7 98 299 319 267 258 181 177 179 77 69 152 127 69 108 86 103 151 147 217 63 32767 65 134 78 20 6 8 50 116 162 156 277 134 212 32767 32767 1 11 32767 32767 32767 32767 32767 127 203 172 134 271 32767 32767 134 141 74 119 94 105 29 4 1 44 89 112 127 102 105 96 106 102 191 32767 199 145 69 28 88 50 70 12
-9999 -9999 -9999 -9999 -9999 -9999 -9999 -9999 -9999 -9999 42 75 285 267 254 285 196 125 231 84 108 99 155 97 99 104 108 173 256 109 32767 85 211 99 71 107 11 15 3 123 226 210 249 191 182 138 32767 32767 32767 32767 32767 32767 32767 32767 32767 147 142 139 257 112 32767 32767 141 123 78 95 100 66 71 78 91 124 139 103 102 98 101 101 117 176 211 226 202 126 108 140 109 99 75
-9999 -9999 -9999 -9999 -9999 -9999 -9999 -9999 72 141 200 158 231 243 313 288 248 124 179 93 156 153 155 109 58 98 53 128 153 96 125 130 111 31 35 44 32 30 64 129 79 173 224 220 223 269 32767 32767 32767 32767 32767 32767 32767 32767 32767 49 327 201 178 131 32767 32767 115 169 130 81 74 99 142 158 160 157 105 100 106 104 119 114 157 161 206 32767 217 180 156 135 142 140 71
-9999 -9999 -9999 -9999 -9999 -9999 -9999 -9999 165 190 182 132 149 136 145 116 127 147 182 54 109 117 104 98 101 99 106 128 63 32767 130 70 31 31 44 103 5 47 104 127 188 223 259 157 229 222 91 32767 32767 32767 32767 32767 32767 32767 32767 81 168 165 201 283 154 32767 32767 226 125 121 135 186 230 229 210 218 92 95 89 111 135 158 173 195 222 272 32767 226 177 159 207 93 67
-9999 -9999 -9999 -9999 -9999 -9999 -9999 -9999 188 172 157 131 118 112 57 203 333 243 195 118 100 89 52 131 119 117 112 33 32767 10 56 89 77 14 3 6 5 38 78 136 223 197 207 122 146 222 265 123 32767 32767 32767 32767 32767 32767 32767 32767 76 113 187 188 274 71 32767 11 212 120 206 167 290 295 215 201 104 90 90 108 157 161 143 205 195 221 275 32767 243 198 185 101 74
-9999 -9999 -9999 -9999 -9999 -9999 -9999 -9999 106 105 82 94 18 32767 39 65 128 137 153 151 108 88 114 163 178 16 14 32767 0 20 91 69 32 2 0 0 28 36 72 120 161 184 220 132 130 119 193 100 32767 32767 32767 32767 32767 32767 32767 32767 32767 94 137 152 214 224 32767 32767 99 87 74 73 138 190 184 154 112 102 82 98 177 162 146 181 212 199 249 259 279 197 151 71 21
-9999 -9999 -9999 -9999 -9999 -9999 -9999 -9999 202 100 32767 32767 32767 32767 32767 32767 0 7 25 117 138 123 15 4 32767 32767 1 14 12 42 192 22 25 26 11 8 67 102 163 160 109 150 172 144 173 169 183 180 290 237 32767 32767 32767 32767 32767 32767 32767 77 102 119 265 290 207 32767 9 34 25 28 10 122 147 184 123 110 91 101 157 162 201 203 197 218 224 264 254 32767 162 81 17
-9999 -9999 -9999 -9999 -9999 -9999 -9999 -9999 32767 257 171 117 71 5 8 7 11 32767 32767 3 2 10 32767 32767 26 31 146 37 0 1 27 7 17 78 161 116 156 194 123 126 42 59 151 151 178 185 160 200 172 233 340 346 246 199 189 32767 32767 32767 231 132 252 268 229 32767 32767 31 18 0 0 3 131 147 115 111 110 113 165 198 196 255 259 261 213 286 266 219 168 106 52
-9999 -9999 -9999 -9999 -9999 -9999 -9999 -9999 154 177 197 171 174 84 83 11 4 7 3 2 10 20 41 100 206 155 27 34 25 29 33 41 96 74 102 159 228 225 134 169 66 55 172 145 158 180 141 157 186 152 238 212 213 211 161 198 258 159 206 310 224 211 301 126 32767 32767 15 18 1 10 17 127 167 103 110 187 176 201 217 257 238 277 212 277 253 140 240 197 137
-9999 -9999 -9999 -9999 -9999 -9999 -9999 -9999 -9999 -9999 253 230 259 134 88 105 4 0 14 8 5 56 57 25 6 6 4 32 28 73 98 7 4 28 149 236 244 259 238 109 104 90 138 148 158 141 120 119 174 135 280 286 178 135 62 116 225 178 186 244 311 187 344 209 121 32767 15 40 13 15 5 18 129 212 157 199 236 236 211 255 259 242 222 250 274 160 32767 288 159
-9999 -9999 -9999 -9999 -9999 -9999 -9999 -9999 -9999 -9999 248 225 261 188 194 105 69 46 31 6 7 4 7 13 12 6 3 6 42 17 10 9 27 159 259 187 293 388 320 198 195 167 161 131 164 122 167 144 178 174 148 150 137 89 82 59 78 70 153 152 313 257 259 394 221 32767 32767 31 12 14 12 5 103 164 234 303 258 243 264 219 218 225 219 206 240 223 229 240 32767
-9999 -9999 -9999 -9999 -9999 -9999 -9999 -9999 153 207 172 239 253 222 179 137 83 28 69 44 12 11 5 5 12 11 3 5 26 13 23 14 55 209 362 281 336 293 295 363 368 202 161 120 76 78 96 123 143 221 221 83 74 60 70 111 132 145 109 101 190 364 312 294 416 98 32767 12 13 24 0 3 14 127 206 258 258 243 235 258 207 221 218 221 255 201 197 189 248
-9999 -9999 -9999 -9999 -9999 -9999 -9999 -9999 90 183 218 231 200 181 137 154 93 58 33 16 38 34 2 0 2 0 0 1 1 2 15 66 76 190 344 339 288 284 286 290 334 262 231 156 113 119 66 59 153 106 28 78 61 30 37 95 133 97 122 175 33 161 324 284 314 214 32767 32767 21 26 0 0 5 56 132 264 233 238 250 257 225 216 261 261 263 162 154 144 221
-9999 -9999 -9999 -9999 -9999 -9999 -9999 32767 106 203 242 264 190 120 130 153 81 48 22 30 18 12 8 0 2 0 0 0 25 14 3 62 178 151 282 258 224 251 289 347 256 231 213 193 104 103 54 125 164 31 3 8 10 10 9 50 146 168 51 50 204 137 315 334 236 292 163 32767 21 33 6 0 0 14 70 236 152 196 206 231 254 257 284 270 291 164 142 145 157
-9999 -9999 -9999 -9999 -9999 -9999 -9999 32767 135 224 136 162 167 151 132 139 109 36 13 16 14 10 10 2 11 12 1 4 23 59 71 119 166 165 263 383 258 252 222 185 252 184 248 144 201 244 170 80 94 115 54 44 5 5 4 10 73 47 43 30 152 50 199 334 354 243 225 32767 32767 49 5 0 5 18 163 202 184 395 337 301 245 205 224 226 231 261 226 121 168
-9999 -9999 -9999 -9999 -9999 -9999 179 32767 92 219 150 169 97 137 146 101 134 60 29 19 15 12 11 3 0 1 3 30 43 63 104 118 144 216 159 250 241 204 201 210 258 312 367 183 172 208 192 164 176 274 171 166 24 7 7 6 7 51 44 22 115 80 190 226 331 195 294 144 32767 4 63 0 4 119 291 323 289 258 292 303 362 256 217 210 210 284 265 152 223
-9999 -9999 -9999 -9999 -9999 126 174 32767 106 268 151 85 159 180 169 91 134 136 109 137 16 16 14 3 6 94 80 70 83 79 102 188 143 187 214 292 295 187 192 271 202 216 276 213 178 205 222 181 242 247 263 201 161 67 41 59 8 24 5 18 28 163 153 248 342 284 185 240 32767 32767 22 30 22 160 333 291 303 220 231 216 333 241 170 202 209 241 263 193 154
-9999 -9999 -9999 -9999 -9999 85 115 32767 74 181 146 75 126 189 136 95 87 188 144 150 123 48 29 59 17 29 33 66 88 35 126 95 136 216 167 262 333 389 213 288 248 179 149 155 228 197 241 273 312 279 255 209 280 159 97 19 63 27 6 16 10 152 139 282 353 365 243 215 32767 32767 44 28 19 160 260 197 249 249 254 218 218 230 245 212 216 208 221 184 114
-9999 -9999 -9999 -9999 66 96 119 32767 75 156 173 114 193 181 145 114 178 158 198 154 174 105 124 37 21 44 53 53 54 82 83 102 142 235 252 243 314 299 176 265 142 141 179 122 228 160 175 311 375 279 292 291 278 283 196 42 130 33 110 45 31 70 125 241 360 363 333 342 283 32767 32767 32 11 143 156 253 205 239 299 270 210 -9999 -9999 -9999 231 294 225 194 168
-9999 -9999 -9999 -9999 121 129 142 32767 175 155 166 172 255 212 155 103 147 156 279 180 195 85 59 132 136 136 50 53 81 93 55 69 147 320 229 248 256 171 257 131 141 142 146 151 253 181 286 321 277 382 266 257 289 297 152 166 77 135 69 109 110 17 116 185 260 351 357 362 247 32767 32767 13 14 -9999 -9999 -9999 -9999 -9999 -9999 -9999 -9999 -9999 -9999 -9999 -9999 -9999 -9999 -9999 203
