ValueNro_2398/sve_ValueNro_2398_dem_16mo.asc
ncols        141
nrows        228
xllcorner    356256.000000000000
yllcorner    6857312.000000000000
cellsize     16.000000000000
NODATA_value  -9999
[rows 105 to 125 of 228, columns 92 to 137 of 141]
154.626007080078125 155.641998291015625 155.9539947509765625 156.087005615234375 154.800994873046875 154.2790069580078125 153.7469940185546875 154.031005859375 154.639007568359375 154.8170013427734375 155.2469940185546875 155.2969970703125 156.04400634765625 157.3979949951171875 158.9290008544921875 160.699005126953125 164.14599609375 168.81500244140625 170.7089996337890625 171.4149932861328125 171.093994140625 171.774993896484375 173.3860015869140625 174.6009979248046875 173.82000732421875 173.63299560546875 173.6620025634765625 174.4929962158203125 173.5319976806640625 172.272003173828125 171.1820068359375 171.5529937744140625 -9999 -9999 -9999 -9999 -9999 -9999 -9999 -9999 -9999 -9999 -9999 -9999 -9999 -9999
153.925994873046875 155.03900146484375 155.673004150390625 155.449005126953125 155.0590057373046875 155.6909942626953125 153.677001953125 154.063995361328125 154.41900634765625 155.45599365234375 155.6280059814453125 155.735992431640625 155.899993896484375 158.3470001220703125 160.837005615234375 161.2230072021484375 163.9219970703125 167.9799957275390625 170.4290008544921875 171.3809967041015625 171.4799957275390625 172.1399993896484375 173.3079986572265625 174.04400634765625 173.274993896484375 173.8979949951171875 173.7920074462890625 174.2339935302734375 174.9199981689453125 174.4340057373046875 174.3480072021484375 172.3780059814453125 -9999 -9999 -9999 -9999 -9999 -9999 -9999 -9999 -9999 -9999 -9999 -9999 -9999 -9999
153.28900146484375 154.272003173828125 154.7169952392578125 154.2129974365234375 154.5050048828125 154.9459991455078125 154.0189971923828125 154.3300018310546875 154.7310028076171875 155.949005126953125 156.0679931640625 156.14599609375 157.3430023193359375 158.8809967041015625 161.805999755859375 163.5359954833984375 165.4799957275390625 167.0149993896484375 169.602996826171875 171.0930023193359375 171.0720062255859375 172.39599609375 174.1190032958984375 173.3769989013671875 172.7960052490234375 174.451995849609375 174.5619964599609375 174.1829986572265625 175.069000244140625 174.9929962158203125 176.102996826171875 176.235992431640625 174.80499267578125 174.343994140625 -9999 -9999 -9999 -9999 -9999 -9999 -9999 -9999 -9999 -9999 -9999 -9999
152.2760009765625 153.001007080078125 153.2599945068359375 153.529998779296875 153.4900054931640625 153.9839935302734375 153.6439971923828125 153.6230010986328125 154.0850067138671875 154.998992919921875 156.2920074462890625 157.8509979248046875 156.89599609375 158.2920074462890625 162.0160064697265625 164.9380035400390625 166.4069976806640625 166.162994384765625 167.4720001220703125 169.9980010986328125 171.10400390625 171.337005615234375 172.910003662109375 171.57000732421875 172.266998291015625 175.4210052490234375 174.6820068359375 175.378997802734375 175.8990020751953125 176.6609954833984375 176.0630035400390625 177.7030029296875 176.4900054931640625 176.563995361328125 -9999 -9999 -9999 -9999 -9999 -9999 -9999 -9999 -9999 -9999 -9999 -9999
150.259002685546875 150.6020050048828125 151.51300048828125 152.266998291015625 150.8950042724609375 150.725006103515625 152.0059967041015625 152.5829925537109375 153.6490020751953125 154.3179931640625 157.3350067138671875 158.626007080078125 157.2129974365234375 157.4029998779296875 159.6510009765625 163.2729949951171875 165.675994873046875 166.225006103515625 166.7400054931640625 167.423004150390625 169.3589935302734375 170.51300048828125 170.6880035400390625 170.764007568359375 172.3860015869140625 175.4949951171875 176.1450042724609375 176.3459930419921875 176.1510009765625 178.0070037841796875 177.21099853515625 178.58599853515625 -9999 -9999 -9999 -9999 -9999 -9999 -9999 -9999 -9999 -9999 -9999 -9999 -9999 -9999
148.3220062255859375 148.7969970703125 149.0449981689453125 149.2100067138671875 149.5410003662109375 149.8130035400390625 150.1660003662109375 150.667999267578125 151.7100067138671875 154.1450042724609375 156.8800048828125 157.246002197265625 157.337005615234375 157.904998779296875 158.649993896484375 162.718994140625 164.996002197265625 165.4889984130859375 166.44500732421875 166.123992919921875 166.427001953125 168.996002197265625 170.511993408203125 170.4290008544921875 171.1710052490234375 175.1199951171875 177.9539947509765625 178.3430023193359375 177.6929931640625 177.733001708984375 180.24200439453125 178.1490020751953125 -9999 -9999 -9999 -9999 -9999 -9999 -9999 -9999 -9999 -9999 -9999 -9999 -9999 -9999
149.6519927978515625 149.386993408203125 149.13800048828125 149.326995849609375 149.5260009765625 149.7180023193359375 150.022003173828125 150.15899658203125 151.41900634765625 152.2559967041015625 153.7230072021484375 156.1280059814453125 157.4109954833984375 158.9629974365234375 158.8040008544921875 160.8209991455078125 163.634002685546875 164.5449981689453125 165.462005615234375 166.608001708984375 164.582000732421875 166.0189971923828125 168.1360015869140625 169.9579925537109375 171.343994140625 174.7389984130859375 178.4409942626953125 181.2989959716796875 181.753997802734375 178.7050018310546875 181.462005615234375 -9999 -9999 -9999 -9999 -9999 -9999 -9999 -9999 -9999 -9999 -9999 -9999 -9999 -9999 -9999
152.1660003662109375 151.7239990234375 151.680999755859375 150.912994384765625 151.1049957275390625 152.00799560546875 153.5030059814453125 152.988006591796875 152.3280029296875 152.930999755859375 153.332000732421875 154.188995361328125 155.1609954833984375 157.035003662109375 158.5099945068359375 160.496002197265625 162.0590057373046875 163.39599609375 164.822998046875 166.0749969482421875 165.8130035400390625 163.2910003662109375 164.623992919921875 167.227996826171875 170.67999267578125 175.4369964599609375 179.425994873046875 180.5780029296875 184.4799957275390625 182.0290069580078125 179.26300048828125 -9999 -9999 -9999 -9999 -9999 -9999 -9999 -9999 -9999 -9999 -9999 -9999 -9999 -9999 -9999
152.0930023193359375 152.8159942626953125 153.313995361328125 152.4010009765625 152.9160003662109375 153.3280029296875 154.8820037841796875 155.701995849609375 155.6179962158203125 156.41400146484375 154.7350006103515625 154.4499969482421875 155.4069976806640625 156.4499969482421875 157.2559967041015625 159.014007568359375 159.699005126953125 161.9329986572265625 163.4010009765625 164.0879974365234375 163.425994873046875 161.00799560546875 161.7989959716796875 163.759002685546875 168.5619964599609375 175.5829925537109375 180.64300537109375 181.899993896484375 184.21600341796875 184.21600341796875 -9999 -9999 -9999 -9999 -9999 -9999 -9999 -9999 -9999 -9999 -9999 -9999 -9999 -9999 -9999 -9999
151.871002197265625 152.2559967041015625 153.3090057373046875 152.9340057373046875 152.9839935302734375 153.58099365234375 154.654998779296875 155.522003173828125 155.78399658203125 155.996002197265625 155.7660064697265625 156.0260009765625 156.6620025634765625 156.9969940185546875 157.423004150390625 157.2920074462890625 158.35699462890625 160.378997802734375 162.5760040283203125 161.628997802734375 160.28399658203125 160.0269927978515625 160.822998046875 162.4940032958984375 165.201995849609375 171.1790008544921875 178.832000732421875 181.298004150390625 183.5919952392578125 184.052001953125 -9999 -9999 -9999 -9999 -9999 -9999 -9999 -9999 -9999 -9999 -9999 -9999 -9999 -9999 -9999 -9999
151.889007568359375 152.65899658203125 153.7050018310546875 154.220001220703125 153.272003173828125 153.63800048828125 154.162994384765625 154.843994140625 155.2209930419921875 155.7220001220703125 156.5319976806640625 157.9889984130859375 158.9539947509765625 159.9429931640625 160.751007080078125 159.6909942626953125 158.58599853515625 158.9010009765625 161.391998291015625 159.925994873046875 159.4759979248046875 159.51800537109375 160.824005126953125 162.423004150390625 165.2100067138671875 167.1320037841796875 175.55499267578125 182.0630035400390625 182.4739990234375 182.639007568359375 -9999 -9999 -9999 -9999 -9999 -9999 -9999 -9999 -9999 -9999 -9999 -9999 -9999 -9999 -9999 -9999
152.1529998779296875 153.59100341796875 153.7740020751953125 155.0839996337890625 154.300994873046875 154.1970062255859375 155.774993896484375 157.220001220703125 157.1750030517578125 156.2660064697265625 157.339996337890625 159.11700439453125 160.8430023193359375 162.548004150390625 163.4290008544921875 162.266998291015625 159.3809967041015625 158.2740020751953125 158.947998046875 159.259002685546875 159.3979949951171875 160.1199951171875 161.6529998779296875 162.962005615234375 165.376007080078125 167.5469970703125 175.688995361328125 183.865997314453125 184.2649993896484375 -9999 -9999 -9999 -9999 -9999 -9999 -9999 -9999 -9999 -9999 -9999 -9999 -9999 -9999 -9999 -9999 -9999
152.891998291015625 153.4889984130859375 153.8170013427734375 154.50799560546875 155.2550048828125 155.33099365234375 156.61700439453125 158.5579986572265625 158.4420013427734375 156.7519989013671875 157.6360015869140625 161.9470062255859375 164.186004638671875 165 165.2299957275390625 164.4210052490234375 160.3289947509765625 159.266998291015625 159.2100067138671875 158.8809967041015625 160.417999267578125 163.1399993896484375 162.9250030517578125 163.6049957275390625 166.6020050048828125 169.4409942626953125 172.490997314453125 179.49200439453125 183.615997314453125 -9999 -9999 -9999 -9999 -9999 -9999 -9999 -9999 -9999 -9999 -9999 -9999 -9999 -9999 -9999 -9999 -9999
153.6139984130859375 153.628997802734375 154.41900634765625 155.78399658203125 155.8509979248046875 155.8780059814453125 157.5469970703125 158.55499267578125 158.5709991455078125 156.9170074462890625 157.423004150390625 163.2660064697265625 165.7559967041015625 166.1510009765625 166.207000732421875 163.64599609375 161.0229949951171875 160.8430023193359375 161.9770050048828125 160.024993896484375 160.531005859375 162.2599945068359375 163.41400146484375 164.2559967041015625 168.28399658203125 172.0030059814453125 173.8289947509765625 174.6519927978515625 178.7209930419921875 181.5720062255859375 178.6049957275390625 177.998992919921875 177.9680023193359375 -9999 -9999 -9999 -9999 -9999 -9999 -9999 -9999 -9999 -9999 -9999 -9999 -9999
153.60400390625 153.8459930419921875 154.839996337890625 155.9170074462890625 155.990997314453125 156.94000244140625 158.1540069580078125 159.86700439453125 159.3179931640625 157.376007080078125 157.3170013427734375 164.5200042724609375 167.6020050048828125 167.23699951171875 167.7039947509765625 164.5749969482421875 161.8470001220703125 162.8719940185546875 165.649993896484375 162.69500732421875 161.470001220703125 162.2660064697265625 163.535003662109375 165.451995849609375 169.44000244140625 174.2089996337890625 174.727996826171875 174.1519927978515625 174.3480072021484375 178.613006591796875 178.71600341796875 178.2129974365234375 177.001007080078125 178.7339935302734375 -9999 -9999 -9999 -9999 -9999 -9999 -9999 -9999 -9999 -9999 -9999 -9999
154.074005126953125 154.7769927978515625 155.0420074462890625 155.625 156.19000244140625 157.0630035400390625 159.42999267578125 162.31500244140625 162.7079925537109375 158.14300537109375 157.7140045166015625 164.8000030517578125 169.0659942626953125 169.00799560546875 169.576995849609375 164.089996337890625 161.845001220703125 163.3179931640625 166.99200439453125 166.4219970703125 163.86700439453125 163.248992919921875 166.8379974365234375 169.298004150390625 175.3339996337890625 177.6450042724609375 178.436004638671875 176.5529937744140625 173.102996826171875 175.89300537109375 178.1880035400390625 177.3480072021484375 176.3339996337890625 177.0780029296875 -9999 -9999 -9999 -9999 -9999 -9999 -9999 -9999 -9999 -9999 -9999 -9999
154.5070037841796875 155.639007568359375 155.7480010986328125 156.3560028076171875 156.686004638671875 158.4459991455078125 161.279998779296875 163.20599365234375 162.8209991455078125 160.7469940185546875 158.6009979248046875 166.78900146484375 170.764007568359375 169.2779998779296875 166.6739959716796875 161.977996826171875 161.8560028076171875 162.725006103515625 168.871002197265625 169.873992919921875 167.8820037841796875 164.7270050048828125 167.7570037841796875 170.9329986572265625 176.0709991455078125 179.503997802734375 180.1929931640625 178.2570037841796875 173.2920074462890625 171.89599609375 176.0839996337890625 175.7180023193359375 175.1410064697265625 176.186004638671875 -9999 -9999 -9999 -9999 -9999 -9999 -9999 -9999 -9999 -9999 -9999 -9999
156.25 158.0160064697265625 157.4429931640625 157.47900390625 158.65899658203125 160.1190032958984375 162.3070068359375 163.3489990234375 163.7339935302734375 162.9329986572265625 160.1790008544921875 165.4669952392578125 168.675994873046875 165.9720001220703125 162.6280059814453125 161.9850006103515625 161.9029998779296875 164.089996337890625 170.1569976806640625 171.022003173828125 171.298004150390625 167.587005615234375 168.6660003662109375 171.95599365234375 176.313995361328125 181.220001220703125 182.8350067138671875 179.6190032958984375 174.218994140625 170.889007568359375 175.46099853515625 176.1360015869140625 174.477996826171875 173.9279937744140625 175.3119964599609375 178.2089996337890625 -9999 -9999 -9999 -9999 -9999 -9999 -9999 -9999 -9999 -9999
159.46600341796875 159.9040069580078125 159.3899993896484375 159.5540008544921875 159.608001708984375 160.5970001220703125 161.259002685546875 162.7519989013671875 163.5149993896484375 162.6320037841796875 160.96600341796875 162.9759979248046875 162.7100067138671875 163.7870025634765625 161.8809967041015625 162.0789947509765625 162.001007080078125 168.0930023193359375 172.0619964599609375 173.0890045166015625 172.11199951171875 170.371002197265625 168.7089996337890625 173.4470062255859375 177.180999755859375 183.1479949951171875 182.0030059814453125 178.5570068359375 175.076995849609375 170.412994384765625 170.2220001220703125 174.5449981689453125 174.0930023193359375 173.490997314453125 173.1309967041015625 174.8329925537109375 -9999 -9999 -9999 -9999 -9999 -9999 -9999 -9999 -9999 -9999
159.0410003662109375 159.4589996337890625 159.5399932861328125 159.680999755859375 159.3260040283203125 159.9900054931640625 159.8820037841796875 161.01800537109375 161.7429962158203125 162.28900146484375 162.25 162.162994384765625 161.180999755859375 161.5030059814453125 161.977996826171875 162.2550048828125 166.4219970703125 171.735992431640625 172.33599853515625 173.3719940185546875 171.6540069580078125 171.8549957275390625 170.1320037841796875 173.5570068359375 179.16900634765625 182.322998046875 181.9279937744140625 176.6670074462890625 174.4550018310546875 169.8679962158203125 169.6230010986328125 172.34100341796875 174.6580047607421875 173.4290008544921875 173.725006103515625 172.123992919921875 -9999 -9999 -9999 -9999 -9999 -9999 -9999 -9999 -9999 -9999
158.501007080078125 159.0839996337890625 158.774993896484375 158.576995849609375 158.7480010986328125 159.17999267578125 159.4839935302734375 159.75 160.10400390625 162.10699462890625 159.8690032958984375 159.332000732421875 159.5160064697265625 161.253997802734375 164.628997802734375 164.6190032958984375 167.824005126953125 171.35699462890625 173.134002685546875 173.2089996337890625 172.5579986572265625 171.14300537109375 172.2010040283203125 173.47900390625 179.10699462890625 182.0709991455078125 182.33099365234375 178.9080047607421875 172.6020050048828125 169.5839996337890625 169.509002685546875 169.938995361328125 173.51800537109375 171.511993408203125 171.86199951171875 170.5850067138671875 169.9250030517578125 -9999 -9999 -9999 -9999 -9999 -9999 -9999 -9999 -9999
