ValueNro_2398/sve_ValueNro_2398_manty.asc
ncols        141
nrows        228
xllcorner    356256.000000000000
yllcorner    6857312.000000000000
cellsize     16.000000000000
NODATA_value -9999
[rows 164 to 204 of 228, columns 0 to 92 of 141]
-9999 -9999 -9999 -9999 -9999 0 32 9 9 10 0 11 19 14 8 6 9 5 1 2 9 5 20 20 22 5 57 33 18 4 8 3 3 9 94 32767 0 8 36 45 28 31 32 23 7 51 16 32767 32767 32767 32767 32767 32767 32767 32767 42 95 99 109 119 101 73 4 1 29 13 0 0 0 1 18 77 111 107 98 90 70 32 20 10 9 8 8 4 39 91 174 136 74 49 2 2 2
-9999 -9999 -9999 -9999 -9999 -9999 28 20 17 18 21 11 20 12 12 12 6 7 7 7 15 2 2 2 19 7 22 26 7 34 8 3 15 8 41 32767 3 41 43 33 0 34 5 31 73 9 23 32767 32767 32767 32767 32767 32767 32767 32767 35 70 88 101 90 55 59 2 2 20 17 1 1 0 1 1 39 112 94 124 123 87 97 41 19 11 8 16 13 35 99 118 159 85 83 18 11 2
-9999 -9999 -9999 -9999 -9999 -9999 3 39 10 10 8 0 20 19 16 6 6 9 8 19 26 7 2 5 3 60 13 30 2 2 5 18 21 3 21 0 57 58 38 45 33 33 24 27 61 15 3 32767 32767 32767 32767 32767 32767 71 32767 32767 40 91 71 74 90 55 38 5 3 20 10 1 0 0 0 4 100 128 117 156 134 129 86 54 20 13 13 28 25 45 140 140 64 14 13 35 2
-9999 -9999 -9999 -9999 -9999 -9999 19 32 8 0 0 0 9 3 9 4 4 9 15 0 19 10 14 5 48 37 32 77 2 1 6 19 0 16 32767 0 57 3 0 47 42 15 7 7 40 5 7 20 32767 32767 32767 32767 32767 90 40 32767 6 33 88 81 112 109 129 26 7 10 13 1 0 0 0 0 19 66 125 95 89 101 127 57 21 12 9 26 30 26 97 100 92 2 2 2 2
-9999 -9999 -9999 -9999 -9999 -9999 10 17 32 9 0 0 0 20 21 10 4 5 10 0 0 21 15 34 16 5 71 31 41 5 8 3 3 0 32767 0 22 0 0 38 27 4 7 7 33 5 23 32767 32767 32767 32767 32767 19 41 52 32767 32767 31 51 26 71 122 110 56 4 18 12 3 0 0 0 0 12 99 105 119 107 32767 32767 80 23 6 9 25 22 11 62 57 25 2 2 2 2
-9999 -9999 -9999 -9999 -9999 -9999 24 27 1 1 1 10 0 0 0 11 34 34 6 5 5 6 27 23 5 77 81 61 3 6 8 0 3 0 0 22 23 3 44 39 4 7 7 32 32 20 20 32767 32767 32767 32767 32767 32767 3 89 88 32767 32767 49 83 45 109 70 39 28 27 3 1 0 0 0 3 33 42 108 92 95 119 94 32767 40 4 9 14 22 14 8 16 25 2 2 2 2
-9999 -9999 -9999 -9999 -9999 -9999 33 21 39 5 1 1 9 0 0 2 2 4 0 5 8 10 19 27 22 43 0 36 54 22 26 6 14 32767 0 25 16 32 26 26 53 86 77 71 75 31 23 32767 32767 32767 32767 32767 32767 21 76 10 32767 32767 67 101 124 38 75 27 35 21 7 1 0 0 3 32 69 60 60 87 85 90 77 32767 65 7 4 8 22 28 16 21 67 3 2 2 2
-9999 -9999 -9999 -9999 -9999 -9999 -9999 3 4 68 3 3 11 1 2 2 5 3 1 10 7 24 55 36 18 0 0 39 64 49 9 45 15 22 22 47 58 72 42 111 64 69 121 70 24 42 22 32767 32767 32767 32767 32767 32767 0 73 43 66 32767 32767 20 104 34 63 40 60 32 31 8 0 1 59 74 60 65 59 52 75 85 93 91 84 39 7 12 29 26 27 34 73 14 2 2 2
-9999 -9999 -9999 -9999 -9999 -9999 -9999 26 3 3 3 35 16 30 5 0 2 31 0 8 4 10 23 54 18 37 0 44 67 97 22 46 32767 7 55 68 67 57 72 36 62 52 65 99 56 36 24 32767 32767 32767 32767 32767 32767 32767 64 46 64 57 32767 72 85 82 38 66 43 46 29 9 0 1 63 67 72 65 60 85 86 89 91 136 77 69 25 19 10 17 22 37 43 33 14 9 2
-9999 -9999 -9999 -9999 -9999 -9999 -9999 -9999 0 5 2 22 6 16 2 5 7 0 1 20 8 3 7 38 32 29 66 103 53 94 37 83 32767 78 5 62 71 64 66 67 61 20 82 69 101 25 32767 32767 32767 32767 32767 32767 32767 32767 49 31 97 92 32767 32767 68 90 82 110 61 79 6 4 0 0 53 77 78 85 71 86 92 109 124 112 32767 119 96 10 8 10 16 23 10 17 14 11 3
-9999 -9999 -9999 -9999 -9999 -9999 -9999 -9999 -9999 1 5 30 48 22 36 2 25 27 2 22 24 16 8 8 9 16 3 32 79 99 33 11 33 3 5 4 5 38 36 72 21 77 125 88 76 32767 32767 5 32767 32767 32767 32767 32767 32767 24 89 66 120 60 32767 56 78 102 114 44 34 6 10 0 0 50 66 89 90 89 101 94 103 99 115 32767 103 66 20 16 20 28 28 9 9 1 9 24
-9999 -9999 -9999 -9999 -9999 -9999 -9999 -9999 -9999 -9999 0 62 7 17 21 38 32 7 2 21 24 24 3 9 4 5 23 26 69 104 23 32767 30 51 4 0 0 0 34 87 56 115 164 97 164 32767 32767 0 0 32767 32767 32767 32767 32767 21 140 94 90 95 32767 32767 85 93 48 38 42 26 15 1 1 42 88 99 107 98 105 92 106 96 142 32767 131 98 64 25 62 50 67 12 4 1 1 27
-9999 -9999 -9999 -9999 -9999 -9999 -9999 -9999 -9999 -9999 30 35 38 17 12 25 88 29 12 9 28 24 21 4 4 3 21 2 30 48 32767 36 77 3 0 8 0 0 3 82 112 83 186 145 110 103 32767 32767 32767 32767 32767 32767 32767 32767 32767 53 31 63 130 69 32767 32767 69 112 32 51 2 39 67 70 83 106 115 103 102 98 99 99 115 133 100 109 93 92 101 88 98 88 60 11 8 8 15
-9999 -9999 -9999 -9999 -9999 -9999 -9999 -9999 3 80 35 55 83 3 20 25 41 31 11 6 21 24 22 4 8 4 9 8 57 43 79 23 63 2 6 25 21 14 39 87 58 8 194 172 159 137 32767 32767 32767 32767 32767 32767 32767 32767 32767 15 131 84 110 84 32767 32767 69 99 77 39 17 39 69 91 115 143 105 100 106 100 117 112 146 115 86 32767 90 102 142 134 126 115 65 18 14 9 17
-9999 -9999 -9999 -9999 -9999 -9999 -9999 -9999 82 26 83 72 25 50 37 51 54 22 2 9 8 3 7 8 3 3 8 35 13 32767 23 1 0 19 24 57 0 24 31 56 73 109 240 126 193 128 50 32767 32767 32767 32767 32767 32767 32767 32767 56 77 118 111 143 102 32767 32767 66 98 55 12 23 51 105 82 150 92 95 87 111 133 147 110 115 91 78 32767 91 109 111 154 87 57 21 22 10 18
-9999 -9999 -9999 -9999 -9999 -9999 -9999 -9999 129 108 33 89 81 7 27 107 101 13 3 41 22 3 8 8 3 2 10 24 32767 0 6 33 3 0 0 0 0 5 32 92 115 120 197 102 109 123 92 44 32767 32767 32767 32767 32767 32767 32767 32767 41 90 110 90 56 69 32767 11 115 14 11 26 74 84 87 128 104 87 90 105 147 120 83 100 97 117 77 32767 76 91 141 99 62 14 9 8 16
-9999 -9999 -9999 -9999 -9999 -9999 -9999 -9999 77 78 82 74 12 32767 33 33 48 24 8 20 25 3 2 2 2 0 0 32767 0 2 5 4 1 0 0 0 15 2 25 101 113 91 147 122 60 76 90 65 32767 32767 32767 32767 32767 32767 32767 32767 32767 34 124 117 175 99 32767 32767 49 16 6 1 37 73 75 114 108 101 82 98 152 113 67 103 110 93 123 66 42 92 110 64 21 8 1 1 4
-9999 -9999 -9999 -9999 -9999 -9999 -9999 -9999 24 93 32767 32767 32767 32767 32767 32767 0 0 18 45 60 14 0 0 32767 32767 0 0 0 0 2 0 0 0 0 0 12 34 66 97 83 75 90 69 96 88 77 106 64 113 32767 32767 32767 32767 32767 32767 32767 0 76 75 140 155 101 32767 4 27 13 0 1 79 83 124 120 108 90 96 143 108 91 103 96 76 104 90 70 32767 100 75 17 8 1 1 4
-9999 -9999 -9999 -9999 -9999 -9999 -9999 -9999 32767 96 122 101 53 0 1 6 1 32767 32767 0 0 0 32767 32767 0 0 0 0 0 0 0 0 8 3 6 89 18 91 104 47 24 36 81 67 103 103 79 87 90 25 121 176 142 156 106 32767 32767 32767 121 46 187 187 81 32767 32767 23 0 0 0 3 91 93 113 105 107 113 151 88 94 67 72 107 60 68 102 123 89 95 47 3 11 10 11
-9999 -9999 -9999 -9999 -9999 -9999 -9999 -9999 129 7 98 90 108 63 40 9 0 0 0 0 0 0 4 15 2 0 0 0 0 0 1 1 8 3 70 38 114 52 114 98 55 29 97 92 111 98 49 98 88 54 76 98 150 169 74 108 89 103 73 31 50 96 77 75 32767 32767 0 0 0 0 17 91 113 97 104 164 125 81 32 69 74 78 59 51 100 100 106 92 87 68 27 32 12
-9999 -9999 -9999 -9999 -9999 -9999 -9999 -9999 -9999 -9999 14 9 101 79 72 16 0 0 0 0 0 6 6 0 0 0 0 1 0 3 0 0 0 2 79 116 8 18 62 94 94 71 109 121 112 107 80 95 73 63 147 221 152 114 38 83 91 76 102 31 108 61 32 63 67 32767 1 0 0 0 1 18 74 148 116 126 104 62 33 68 71 16 40 87 107 93 32767 53 35 99 90 46 16
-9999 -9999 -9999 -9999 -9999 -9999 -9999 -9999 -9999 -9999 10 9 56 86 146 72 46 33 0 0 0 0 0 0 0 0 0 0 21 0 0 0 1 82 118 61 22 29 37 67 98 55 72 104 105 51 108 69 98 71 59 86 115 29 54 33 45 42 100 81 15 37 32 136 6 32767 32767 0 0 0 0 3 68 102 142 154 105 72 77 34 33 32 33 87 102 84 67 19 32767 34 100 104 58
-9999 -9999 -9999 -9999 -9999 -9999 -9999 -9999 35 2 33 94 72 65 76 100 17 0 3 1 0 0 0 0 0 0 0 0 0 0 0 0 36 64 101 46 78 29 23 43 78 76 94 100 37 37 37 39 81 111 111 48 36 20 23 18 107 105 76 69 69 78 40 30 108 96 32767 1 0 0 0 1 11 66 69 96 53 58 69 70 63 34 56 74 83 73 76 52 51 84 88 115 126
-9999 -9999 -9999 -9999 -9999 -9999 -9999 -9999 39 104 98 94 104 82 78 90 36 4 4 0 19 21 0 0 0 0 0 0 0 0 0 2 25 0 97 38 33 34 33 29 75 58 11 67 49 29 43 42 80 19 0 7 2 20 9 49 83 42 72 33 10 60 37 23 38 11 32767 32767 4 14 0 0 4 50 101 77 31 29 14 11 32 95 65 82 70 77 70 62 83 51 86 127 108
-9999 -9999 -9999 -9999 -9999 -9999 -9999 32767 30 121 146 150 104 70 82 78 16 21 6 20 0 0 0 0 0 0 0 0 0 0 0 30 88 50 29 36 46 26 32 19 37 81 89 70 88 88 29 82 30 24 0 0 0 0 0 20 7 0 20 22 69 108 16 15 64 75 89 32767 13 6 0 0 0 12 59 62 68 46 36 18 11 75 56 55 94 94 40 65 73 32767 89 87 139
-9999 -9999 -9999 -9999 -9999 -9999 -9999 32767 93 128 67 82 121 81 84 100 52 21 0 0 0 0 0 0 0 0 0 0 0 11 18 4 83 60 54 80 37 24 47 61 40 83 84 38 85 75 91 50 50 56 39 1 0 0 0 0 3 18 27 20 4 24 8 84 26 87 6 32767 32767 41 0 0 0 18 31 18 44 12 58 22 9 89 94 70 73 73 101 72 95 55 32767 32767 32767
-9999 -9999 -9999 -9999 -9999 -9999 124 32767 62 109 82 120 72 81 115 96 70 16 16 3 0 0 0 0 0 0 0 0 1 11 9 43 17 12 23 69 45 44 45 94 85 145 53 64 4 14 22 66 79 8 85 20 11 0 0 0 0 1 24 6 7 68 82 91 62 24 71 58 32767 2 36 0 0 91 8 51 23 33 26 23 31 86 56 34 24 56 99 81 65 126 86 95 116
-9999 -9999 -9999 -9999 -9999 83 97 32767 51 100 124 62 113 100 132 82 93 94 82 69 5 0 0 0 0 8 3 3 8 34 9 5 59 21 35 75 83 82 87 80 109 97 167 119 79 80 86 80 18 11 26 11 55 19 27 10 0 0 0 0 13 34 111 74 44 41 80 29 32767 32767 13 17 9 90 35 21 46 49 98 55 64 22 21 20 57 87 115 54 59 90 108 166 128
-9999 -9999 -9999 -9999 -9999 28 45 32767 32 107 123 50 79 113 123 86 82 103 57 60 58 20 14 2 2 2 0 29 29 2 32 23 48 5 20 23 87 70 94 83 128 103 111 70 124 90 117 81 82 76 39 42 73 55 78 4 7 0 0 0 0 6 111 83 48 12 20 11 32767 32767 37 3 0 28 34 74 43 79 76 123 93 58 15 21 35 60 82 58 42 108 131 106 108
-9999 -9999 -9999 -9999 54 41 56 32767 49 113 70 91 67 95 131 109 126 111 90 73 81 68 7 4 8 26 25 26 27 35 6 10 12 20 8 7 20 81 103 177 98 88 103 75 132 60 67 61 57 73 9 47 45 53 84 18 5 2 8 1 2 30 41 12 93 21 15 172 58 32767 32767 0 0 95 54 93 72 80 77 60 95 -9999 -9999 -9999 73 111 50 84 120 144 106 93 83
-9999 -9999 -9999 -9999 68 70 118 32767 137 79 101 85 92 105 116 98 117 108 162 100 106 52 54 25 7 7 31 24 19 75 32 28 54 29 6 7 65 68 138 87 76 87 119 90 167 73 56 24 74 100 60 51 46 41 53 62 48 2 2 2 9 2 56 60 16 23 44 59 127 32767 32767 8 8 -9999 -9999 -9999 -9999 -9999 -9999 -9999 -9999 -9999 -9999 -9999 -9999 -9999 -9999 -9999 156 -9999 -9999 -9999 100
-9999 -9999 -9999 72 42 79 32767 41 87 100 75 76 33 101 111 137 110 128 90 90 116 40 33 94 76 23 7 23 25 76 39 22 26 34 33 16 55 71 34 97 88 72 72 93 96 154 19 16 62 96 101 42 92 51 60 63 87 79 5 2 7 10 98 69 16 14 68 77 157 44 32767 28 -9999 -9999 -9999 -9999 -9999 -9999 -9999 -9999 -9999 -9999 -9999 -9999 -9999 -9999 -9999 -9999 -9999 -9999 -9999 -9999 103
-9999 -9999 -9999 11 75 32767 59 48 123 128 80 28 87 106 121 152 114 156 85 111 82 4 55 47 26 71 7 35 30 75 47 35 21 9 15 17 48 68 48 86 91 132 81 52 67 73 86 54 97 77 80 55 66 63 52 79 108 96 38 31 2 2 60 7 21 21 70 77 110 50 32767 -9999 -9999 -9999 -9999 -9999 -9999 -9999 -9999 -9999 -9999 -9999 -9999 -9999 -9999 -9999 -9999 -9999 -9999 -9999 -9999 -9999 -9999
-9999 -9999 -9999 -9999 82 128 37 35 93 90 45 51 50 77 76 99 74 124 67 77 20 23 50 48 28 54 3 6 5 26 23 91 70 52 64 14 6 66 81 60 27 160 97 101 78 75 83 54 76 87 66 76 63 79 57 37 50 54 71 48 5 2 80 120 10 73 90 74 23 95 -9999 -9999 -9999 -9999 -9999 -9999 -9999 -9999 -9999 -9999 -9999 -9999 -9999 -9999 -9999 -9999 -9999 -9999 -9999 -9999 -9999 -9999 -9999
-9999 -9999 -9999 -9999 40 58 153 37 121 98 51 109 143 137 98 96 66 72 137 20 59 0 26 5 4 55 75 73 47 70 70 81 39 75 65 27 17 5 48 54 4 78 142 91 166 117 63 83 102 70 74 110 86 120 42 36 26 16 70 99 29 26 45 105 11 30 62 116 111 -9999 -9999 -9999 -9999 -9999 -9999 -9999 -9999 -9999 -9999 -9999 -9999 -9999 -9999 -9999 -9999 -9999 -9999 -9999 -9999 -9999 -9999 -9999 -9999
-9999 -9999 -9999 -9999 24 50 68 45 132 121 114 60 82 120 110 134 -9999 -9999 -9999 29 29 3 0 44 6 75 27 94 94 55 113 81 78 63 105 19 43 12 23 25 22 91 111 143 52 166 113 85 70 32 72 57 76 23 73 13 81 100 40 74 45 73 41 93 10 20 136 72 92 -9999 -9999 -9999 -9999 -9999 -9999 -9999 -9999 -9999 -9999 -9999 -9999 -9999 -9999 -9999 -9999 -9999 -9999 -9999 -9999 -9999 -9999 -9999 -9999
-9999 -9999 -9999 -9999 93 51 79 58 118 86 60 63 121 73 51 124 -9999 -9999 -9999 -9999 0 0 0 0 20 74 0 117 26 49 36 65 86 29 76 66 116 47 92 82 87 71 70 77 49 129 94 12 21 90 104 12 20 29 41 16 59 26 21 59 89 41 57 55 86 83 32767 32767 32767 51 -9999 -9999 -9999 -9999 -9999 -9999 -9999 -9999 -9999 -9999 -9999 -9999 -9999 -9999 -9999 -9999 -9999 -9999 -9999 -9999 -9999 -9999 -9999
-9999 -9999 -9999 -9999 -9999 -9999 -9999 64 121 87 78 84 73 106 -9999 -9999 -9999 -9999 -9999 -9999 8 0 0 0 28 20 47 50 3 30 38 122 82 83 52 69 38 20 12 13 16 17 72 90 126 71 77 106 73 107 114 70 81 71 78 50 66 54 80 73 129 95 76 32767 32767 23 94 238 132 32767 -9999 -9999 -9999 -9999 -9999 -9999 -9999 -9999 -9999 -9999 -9999 -9999 -9999 -9999 -9999 -9999 -9999 -9999 -9999 -9999 -9999 -9999 -9999
-9999 -9999 -9999 -9999 -9999 -9999 -9999 -9999 85 73 71 68 100 -9999 -9999 -9999 -9999 -9999 -9999 -9999 10 0 0 0 0 23 18 23 0 0 20 32 79 75 74 24 78 78 97 70 21 24 60 81 50 84 70 67 111 64 66 90 81 83 67 82 56 77 65 56 100 32767 32767 99 108 80 150 119 179 32767 119 28 -9999 -9999 -9999 -9999 -9999 -9999 -9999 -9999 -9999 -9999 -9999 -9999 -9999 -9999 -9999 -9999 -9999 -9999 -9999 -9999 -9999
-9999 -9999 -9999 -9999 -9999 -9999 -9999 -9999 -9999 88 96 86 -9999 -9999 -9999 -9999 -9999 -9999 -9999 -9999 9 0 17 15 0 0 0 0 0 0 19 15 96 68 136 57 54 32 64 90 49 37 15 18 66 106 76 116 120 75 103 123 91 114 94 88 45 35 48 84 32767 103 74 65 81 17 45 154 121 89 147 73 32767 -9999 -9999 -9999 -9999 -9999 -9999 -9999 -9999 -9999 -9999 -9999 -9999 -9999 -9999 -9999 -9999 -9999 -9999 -9999 -9999
-9999 -9999 -9999 -9999 -9999 -9999 -9999 -9999 -9999 -9999 -9999 -9999 -9999 -9999 -9999 -9999 -9999 -9999 -9999 -9999 71 31 3 18 0 0 0 0 0 0 0 2 25 100 83 95 63 35 9 86 14 60 16 69 64 77 113 69 136 73 70 72 56 73 85 108 110 64 32767 64 22 4 107 95 93 9 105 94 160 79 32767 60 32767 -9999 -9999 -9999 -9999 -9999 -9999 -9999 -9999 -9999 -9999 -9999 -9999 -9999 -9999 -9999 -9999 -9999 -9999 -9999 -9999
