ValueNro_2398/sve_ValueNro_2398_bm_lehtip_juuret.asc
ncols        141
nrows        228
xllcorner    356256.000000000000
yllcorner    6857312.000000000000
cellsize     16.000000000000
NODATA_value -9999
[rows 117 to 155 of 228, columns 0 to 87 of 141]
-9999 -9999 -9999 -9999 -9999 -9999 -9999 -9999 -9999 -9999 -9999 -9999 -9999 -9999 -9999 -9999 -9999 -9999 176 817 387 194 489 91 122 527 344 484 769 1012 984 768 438 32767 32767 32767 32767 32767 32767 32767 189 196 132 0 208 132 161 173 627 174 536 32767 29 27 3 0 2 27 353 247 49 3 3 197 187 18 11 300 315 212 172 1042 665 1222 32767 32767 32767 32767 32767 32767 32767 32767 32767 32767 618 699 863 374
-9999 -9999 -9999 -9999 -9999 -9999 -9999 -9999 -9999 -9999 -9999 -9999 -9999 -9999 -9999 -9999 -9999 85 369 277 206 345 41 0 365 572 497 893 760 1008 581 595 952 1130 106 32767 55 32767 32767 32767 63 217 100 18 61 41 22 174 437 854 534 562 431 136 34 0 0 121 236 282 51 3 3 14 19 17 18 362 479 232 473 1075 702 1364 32767 32767 32767 32767 32767 32767 32767 32767 32767 32767 32767 1680 1720 781
-9999 -9999 -9999 -9999 -9999 -9999 -9999 -9999 -9999 -9999 -9999 -9999 -9999 -9999 -9999 -9999 -9999 32767 31 434 279 32 89 53 298 399 225 697 568 1079 583 543 344 1568 32767 32767 32767 0 5 458 118 215 40 210 240 253 161 154 258 273 569 620 32767 117 125 26 140 153 328 306 204 17 18 18 19 16 3 372 191 769 383 919 1619 1841 1247 32767 32767 32767 32767 32767 32767 32767 32767 32767 32767 53 978 787
-9999 -9999 -9999 -9999 -9999 -9999 -9999 -9999 -9999 -9999 -9999 -9999 -9999 -9999 -9999 -9999 -9999 -9999 32767 0 177 263 109 65 283 131 496 599 1028 1034 489 461 342 82 32767 32767 32767 32767 91 165 210 232 211 229 216 186 31 182 170 175 229 615 32767 767 107 346 379 406 365 356 219 68 48 0 4 4 71 241 625 650 1138 949 1599 1156 677 32767 32767 32767 32767 32767 32767 32767 32767 32767 32767 32767 262 621
-9999 -9999 -9999 -9999 -9999 -9999 -9999 -9999 -9999 -9999 -9999 -9999 -9999 -9999 -9999 -9999 -9999 -9999 32767 32767 32767 111 156 3 0 553 660 427 462 468 523 554 112 32767 32767 32767 32767 32767 214 4 37 40 23 97 0 47 85 53 27 192 186 583 491 893 868 353 492 463 422 341 68 49 134 75 103 199 138 537 495 990 1270 1461 1382 448 32767 32767 32767 32767 32767 32767 32767 32767 32767 32767 32767 32767 235 641
-9999 -9999 -9999 -9999 -9999 -9999 -9999 -9999 -9999 -9999 -9999 -9999 -9999 -9999 -9999 -9999 -9999 -9999 -9999 32767 32767 32767 0 532 97 100 175 262 571 248 419 164 0 32767 32767 32767 32767 106 337 0 121 50 230 187 224 206 25 66 58 181 39 523 424 32767 595 68 257 378 385 196 204 4 365 667 591 553 773 791 524 1335 1461 1694 1635 353 32767 32767 32767 32767 32767 32767 32767 32767 32767 32767 32767 32767 832 1508
-9999 -9999 -9999 -9999 -9999 -9999 -9999 -9999 -9999 -9999 -9999 -9999 -9999 -9999 -9999 -9999 -9999 -9999 -9999 485 0 32767 32767 0 490 0 71 913 1102 599 157 0 32767 326 16 399 793 956 577 165 188 15 17 132 54 217 63 0 0 43 46 285 103 865 525 72 162 309 235 5 80 47 797 639 878 1073 820 515 815 890 1654 996 1280 1366 32767 32767 32767 32767 32767 32767 32767 32767 32767 32767 32767 32767 102 729
-9999 -9999 -9999 -9999 -9999 -9999 -9999 -9999 -9999 -9999 -9999 -9999 -9999 -9999 -9999 -9999 -9999 -9999 -9999 27 143 0 32767 32767 71 377 204 1287 469 602 119 32767 32767 3 32767 32767 834 1121 30 146 1284 345 0 41 120 19 151 41 244 68 31 361 954 359 32767 153 66 7 0 74 106 798 773 581 901 864 1037 768 720 1013 1018 915 735 1046 32767 32767 32767 32767 32767 32767 32767 32767 32767 32767 32767 251 32767 609
-9999 -9999 -9999 -9999 -9999 -9999 -9999 -9999 -9999 -9999 -9999 -9999 -9999 -9999 -9999 -9999 -9999 -9999 -9999 37 4 6 0 32767 32767 0 19 266 129 100 183 32767 444 32767 32767 32767 32767 662 32767 32767 32767 120 184 16 186 147 119 46 210 0 89 632 622 592 32767 219 34 0 0 81 402 646 651 742 683 462 787 818 1172 865 1509 844 1402 854 1170 32767 32767 32767 32767 32767 32767 32767 32767 207 225 202 32767 527
-9999 -9999 -9999 -9999 -9999 -9999 -9999 -9999 -9999 -9999 -9999 -9999 -9999 -9999 -9999 -9999 -9999 -9999 1125 352 584 186 385 223 32767 32767 59 545 30 42 32767 32767 32767 32767 32767 32767 32767 32767 32767 32767 32767 32767 164 846 371 547 206 167 262 397 989 840 471 809 32767 1108 209 444 46 132 582 590 541 622 534 589 1203 838 815 1081 797 1092 0 0 0 32767 32767 32767 32767 32767 32767 843 1320 138 316 196 32767 86
-9999 -9999 -9999 -9999 -9999 -9999 -9999 -9999 -9999 -9999 -9999 -9999 -9999 -9999 -9999 -9999 -9999 -9999 180 386 874 152 156 482 440 32767 32767 686 364 35 32767 30 980 32767 32767 32767 807 677 32767 32767 32767 32767 32767 641 401 607 494 555 383 860 1172 1308 921 461 493 536 943 139 79 130 442 600 740 845 1070 1066 1175 873 1250 1437 448 0 0 0 40 32767 32767 32767 32767 32767 32767 1068 491 30 407 503 0 32767
-9999 -9999 -9999 -9999 -9999 -9999 -9999 -9999 -9999 -9999 -9999 -9999 -9999 -9999 -9999 -9999 402 34 105 120 201 471 342 316 408 153 32767 32767 614 32767 32767 32767 260 1033 911 736 32767 32767 32767 32767 32767 32767 32767 46 853 676 247 553 740 1064 442 954 624 328 870 501 748 685 197 179 510 881 972 1052 690 635 1210 715 709 466 0 0 0 0 19 23 32767 32767 32767 407 580 328 230 70 0 372 0 32767
-9999 -9999 -9999 -9999 -9999 -9999 -9999 -9999 -9999 -9999 -9999 -9999 -9999 -9999 -9999 312 75 0 389 610 149 37 350 395 314 194 519 32767 32767 32767 534 150 32767 25 197 528 32767 32767 32767 32767 32767 32767 32767 32767 314 523 264 1192 1030 1248 1245 1088 1229 1126 633 716 612 1613 947 325 295 769 707 1008 992 806 1525 538 94 0 0 0 0 0 201 19 32767 32767 32767 32767 1213 390 176 12 817 0 0 0
-9999 -9999 -9999 -9999 -9999 -9999 -9999 -9999 -9999 -9999 1291 626 19 337 271 273 318 383 503 295 284 481 381 217 484 155 1155 205 32767 32767 165 86 0 32767 188 836 32767 32767 32767 32767 32767 32767 32767 32767 144 367 453 844 718 1045 1202 1257 1248 1319 1090 685 692 824 540 188 659 611 681 912 706 1258 554 0 0 0 0 0 0 0 225 0 0 32767 32767 485 904 347 807 47 0 0 955 1033
-9999 -9999 -9999 -9999 -9999 -9999 -9999 -9999 -9999 494 413 667 154 256 252 264 902 942 602 333 610 405 284 32767 32767 32767 32767 221 85 32767 32767 667 250 61 32767 847 32767 32767 32767 32767 32767 32767 32767 32767 619 255 489 744 849 1584 591 818 1149 1237 707 821 707 320 626 697 1360 816 880 890 966 955 377 251 0 0 0 0 0 0 0 111 0 32767 658 501 1216 732 548 47 118 328 1032 684
-9999 -9999 -9999 -9999 -9999 -9999 -9999 -9999 344 599 782 931 562 1235 1172 1063 910 512 216 341 261 289 320 32767 32767 32767 32767 916 444 32767 32767 82 218 278 201 848 32767 32767 32767 32767 32767 32767 32767 32767 850 406 543 757 416 448 522 734 1048 1015 700 825 92 90 295 1008 1092 659 639 818 979 1189 365 272 0 0 0 0 0 0 0 177 0 5 634 1229 1179 552 672 547 589 745 392 543
-9999 -9999 -9999 -9999 -9999 -9999 -9999 927 1179 252 510 540 958 850 1094 1404 904 782 1129 344 523 340 474 32767 32767 32767 32767 1089 32767 1022 32767 32767 187 517 264 32767 170 32767 32767 32767 32767 32767 32767 32767 694 867 438 600 453 124 0 722 632 599 572 90 256 55 85 389 500 420 673 531 838 1290 404 0 0 0 0 0 86 0 0 0 0 0 0 544 937 720 340 263 265 617 1009 1131
-9999 -9999 -9999 -9999 -9999 -9999 -9999 540 268 452 597 520 612 524 553 253 1248 579 460 1426 1255 742 677 694 32767 670 1269 1519 32767 971 715 32767 32767 166 415 811 32767 32767 32767 32767 32767 32767 32767 32767 707 32767 135 731 664 0 0 109 463 870 6 186 236 231 53 468 738 821 906 768 694 977 145 379 0 0 407 1273 890 909 16 0 0 0 643 702 646 589 227 226 612 365 664 1048
-9999 -9999 -9999 -9999 -9999 -9999 404 305 381 279 374 377 344 140 160 446 466 401 1022 1103 1541 1098 907 1128 674 636 1244 513 32767 554 1138 383 32767 32767 171 709 988 1560 32767 32767 32767 32767 32767 78 103 136 32767 620 589 688 0 160 0 6 34 213 206 293 116 457 732 514 533 956 612 817 493 127 557 308 363 861 627 1073 0 0 0 0 799 511 1140 327 139 333 516 384 477 694
-9999 -9999 -9999 -9999 -9999 159 395 1165 896 373 347 307 342 253 344 135 263 233 292 1201 721 1253 1615 1166 1252 32767 1396 1258 32767 1381 631 687 239 32767 32767 1008 1172 32767 1191 32767 32767 32767 0 32767 32767 32767 109 341 529 367 0 286 0 0 0 109 32 242 76 183 538 76 77 889 543 587 713 817 800 803 778 789 603 0 0 0 0 0 644 509 899 419 146 321 268 403 711 319
-9999 -9999 -9999 -9999 184 445 326 348 571 281 272 269 272 164 162 257 7 7 254 357 415 901 1230 919 552 986 1607 542 1119 824 833 876 580 32767 32767 12 1477 1312 1572 32767 32767 17 32767 13 32767 32767 139 223 0 226 1268 0 0 1160 0 6 32 203 5 119 93 227 270 420 129 427 1679 1493 702 554 1200 723 112 6 236 0 0 0 0 480 785 558 407 403 661 235 646 437
-9999 -9999 -9999 406 369 264 172 141 6 146 151 252 252 263 273 141 6 236 240 121 418 44 175 451 533 1060 586 32767 1105 654 1270 1666 95 32767 32767 32767 0 1519 1424 658 32767 32767 16 32767 32767 32767 139 115 485 655 525 0 0 146 0 0 29 227 7 6 93 205 322 339 113 677 739 1900 1307 1213 1212 496 106 155 231 1034 76 0 0 746 891 531 428 461 658 593 340 335
-9999 -9999 556 457 223 0 0 33 0 274 274 292 165 235 248 0 0 150 229 243 7 34 690 292 526 1005 32767 857 1089 360 500 310 32767 32767 32767 32767 32767 422 1517 32767 32767 32767 32767 32767 32767 32767 32767 528 1293 490 807 992 0 289 164 0 38 229 178 65 128 122 343 339 48 130 615 540 730 1194 803 950 30 61 0 0 77 11 0 594 496 594 664 553 420 195 239 273
550 231 289 410 316 124 346 401 120 113 156 149 0 0 277 31 0 0 33 7 0 0 872 32767 32767 285 513 529 760 554 450 32767 32767 32767 32767 32767 32767 32767 1152 32767 32767 32767 32767 32767 32767 32767 32767 86 196 286 26 1832 0 121 200 0 7 305 203 205 128 119 337 329 34 725 703 741 584 730 789 569 476 98 0 15 4 3 0 441 568 627 410 313 501 524 256 42
256 934 452 622 532 444 435 603 204 33 33 0 0 0 178 0 902 0 0 0 0 32767 32767 394 439 268 200 207 548 609 32767 32767 32767 32767 32767 32767 13 32767 32767 32767 32767 32767 32767 31 32767 32767 32767 68 62 363 361 958 19 123 193 174 0 2 152 234 298 345 228 35 88 399 775 665 725 720 708 585 396 975 122 4 170 801 372 153 611 394 562 358 247 173 287 592
-9999 671 764 436 648 654 340 7 99 165 407 392 221 1411 172 104 175 11 0 169 32767 148 391 1346 458 129 318 448 478 32767 32767 32767 32767 32767 32767 32767 32767 32767 32767 32767 32767 90 21 32767 32767 32767 115 79 223 343 39 130 1052 0 176 10 162 19 35 200 30 33 33 29 61 40 685 876 748 683 177 580 532 243 613 947 1711 1435 1122 529 501 575 518 132 79 82 131 312
-9999 -9999 -9999 748 552 629 223 7 77 10 8 426 198 4 0 0 0 176 0 4 214 757 501 305 260 228 607 829 32767 32767 32767 32767 32767 32767 32767 32767 32767 32767 32767 32767 85 142 216 32767 32767 27 110 27 171 104 233 105 1474 0 147 11 20 20 0 15 11 35 41 43 40 63 464 678 620 622 225 139 485 553 1048 1521 1091 695 453 401 274 376 138 519 77 142 120 188
-9999 -9999 -9999 22 403 250 72 115 40 86 397 12 566 107 4 123 139 32767 32767 0 516 538 641 240 221 168 231 32767 32767 32767 32767 32767 32767 32767 32767 32767 32767 32767 32767 32767 32767 32767 32767 32767 32767 32767 0 6 466 469 161 327 194 0 153 12 15 514 0 125 117 33 31 39 40 118 136 715 483 522 200 151 275 600 1446 736 1091 398 274 481 70 418 321 153 95 85 124 288
-9999 -9999 -9999 496 902 161 471 397 300 130 514 501 25 139 12 97 32767 177 10 161 431 173 392 168 116 373 32767 32767 32767 32767 32767 32767 32767 32767 32767 32767 32767 32767 32767 32767 32767 32767 32767 32767 32767 0 32767 4 290 104 95 196 209 0 216 12 158 24 28 103 50 32 0 31 31 39 104 74 368 471 585 199 137 547 554 496 185 142 156 633 123 290 581 163 117 112 50 137
-9999 -9999 -9999 16 724 621 391 612 508 5 630 338 320 421 371 32767 607 393 0 454 322 632 72 236 268 291 32767 32767 32767 32767 32767 32767 32767 32767 32767 32767 32767 32767 32767 32767 32767 32767 32767 32767 32767 32767 32767 17 187 125 105 190 174 34 59 13 13 154 31 32 0 0 31 36 32 31 214 97 143 391 577 186 116 118 173 101 93 30 18 93 79 44 589 194 113 143 36 194
-9999 -9999 -9999 53 21 93 342 270 665 7 623 110 131 86 392 0 349 362 17 676 409 485 84 363 228 198 214 32767 32767 32767 32767 32767 32767 32767 32767 32767 32767 32767 32767 32767 32767 32767 32767 32767 32767 64 27 30 115 76 73 201 630 433 0 14 13 203 29 29 26 26 31 32 28 25 26 238 76 181 559 185 14 226 241 34 31 0 66 214 113 517 624 279 101 143 33 175
-9999 -9999 -9999 26 86 273 260 562 797 428 438 1162 454 532 32767 242 256 330 412 480 471 123 503 212 212 489 470 1267 32767 32767 32767 32767 0 32767 32767 32767 32767 32767 32767 32767 32767 32767 32767 32767 32767 3 152 220 196 92 82 0 119 156 60 11 0 0 23 23 0 73 75 93 68 212 184 31 222 79 378 87 268 405 262 0 0 26 0 9 187 401 673 537 139 14 14 123
-9999 -9999 -9999 565 649 408 530 349 997 746 714 1109 533 32767 675 920 408 286 7 45 356 209 290 352 667 267 207 316 932 32767 0 299 146 32767 32767 32767 32767 32767 32767 32767 32767 32767 32767 32767 32767 0 274 38 225 151 169 206 209 4 159 93 13 143 15 25 25 71 25 26 23 25 25 0 234 66 228 171 316 269 242 0 0 27 0 2 11 399 474 416 188 165 145 325
-9999 -9999 -9999 443 90 559 600 571 336 514 466 32767 558 1177 590 314 475 424 504 64 79 470 338 262 171 375 1025 295 502 0 190 160 155 174 32767 32767 32767 32767 32767 32767 32767 32767 32767 66 32767 32767 219 30 30 32 34 92 647 135 95 466 60 105 19 24 255 236 26 23 25 25 26 0 78 0 67 316 14 245 309 31 0 27 30 28 4 103 867 503 388 250 66 162
-9999 -9999 -9999 412 40 84 405 492 428 554 32767 785 622 1173 1096 309 477 910 1116 349 75 121 267 208 416 850 1295 268 48 1564 21 28 23 991 32767 32767 32767 32767 32767 32767 32767 32767 32767 32767 546 32767 657 152 65 69 145 114 21 810 650 693 18 110 17 199 296 239 26 69 364 82 78 0 15 17 230 402 74 246 318 224 0 0 26 0 0 102 839 248 677 195 152 550
-9999 -9999 -9999 459 313 85 386 917 1225 32767 844 1195 976 1056 1076 908 397 328 958 516 595 447 625 203 291 864 446 270 706 1960 161 224 275 350 0 32767 32767 32767 32767 32767 32767 32767 32767 32767 32767 32767 32767 60 471 80 36 32767 32767 108 363 604 1004 143 14 144 235 298 95 298 318 119 91 81 60 16 481 455 187 253 338 161 23 27 23 31 28 41 209 692 859 236 72 99
-9999 -9999 -9999 441 387 419 1102 305 32767 910 296 487 523 560 614 483 626 585 618 514 1019 1107 1125 256 505 609 319 201 1054 1913 228 244 186 0 158 32767 32767 32767 32767 32767 32767 32767 32767 32767 32767 32767 32767 32767 71 560 18 32767 32767 176 289 623 721 505 151 26 26 105 97 88 83 74 70 0 0 62 68 635 108 72 192 203 0 68 27 30 26 64 110 832 623 240 80 0
-9999 -9999 -9999 394 899 827 1256 32767 557 850 485 622 746 948 701 869 948 668 379 481 904 476 80 493 530 275 483 647 341 478 723 0 0 0 8 156 32767 32767 32767 32767 32767 32767 32767 32767 32767 32767 32767 32767 32767 221 32767 32767 32767 197 174 86 475 824 1032 50 27 70 34 100 0 28 200 219 36 14 45 823 251 56 83 31 32 33 30 29 26 0 110 256 286 172 72 36
-9999 -9999 122 1577 1098 439 32767 407 272 509 349 770 587 992 712 699 1059 1064 1042 747 545 980 83 114 391 167 375 442 551 742 3 155 0 0 0 0 0 32767 32767 32767 32767 32767 32767 32767 32767 32767 32767 81 32767 538 468 32767 32767 112 0 386 495 700 284 243 792 0 21 104 0 0 0 0 0 924 481 759 163 76 262 107 233 35 33 32 219 222 112 305 378 157 60 35
