ValueNro_2398/sve_ValueNro_2398_TWI_16m.asc
ncols        141
nrows        228
xllcorner    356256.000000000000
yllcorner    6857312.000000000000
cellsize     16.000000000000
NODATA_value  -9999
[rows 20 to 39 of 228, columns 44 to 87 of 141]
-9999 -9999 -9999 -9999 -9999 -9999 -9999 -9999 -9999 -9999 -9999 -9999 -9999 -9999 5.7750000000000003553 5.4960000000000004405 5.4260000000000001563 5.42900000000000027 5.9180000000000001492 5.9640000000000004121 5.1609999999999995879 6.0220000000000002416 8.082000000000000739 5.6059999999999998721 4.9340000000000001634 4.5609999999999999432 4.8589999999999999858 5.3940000000000001279 5.6879999999999997229 6.5380000000000002558 6.775999999999999801 7.5739999999999998437 10.569000000000000838 12.275000000000000355 7.8509999999999999787 8.5950000000000006395 9.0299999999999993605 8.9949999999999992184 6.3449999999999997513 5.9720000000000004192 12.685000000000000497 6.7690000000000001279 10.156000000000000583 5.9230000000000000426
-9999 -9999 -9999 -9999 -9999 -9999 -9999 -9999 -9999 -9999 -9999 -9999 -9999 -9999 -9999 -9999 4.9749999999999996447 5.4770000000000003126 6.2640000000000002345 5.25 5.8349999999999999645 5.8120000000000002771 8.6669999999999998153 5.0140000000000002345 4.9409999999999998366 4.7519999999999997797 4.9269999999999996021 6.2439999999999997726 6.4599999999999999645 6.2160000000000001918 5.9889999999999998792 6.8390000000000004121 10.080999999999999517 8.3650000000000002132 12.884000000000000341 7.7469999999999998863 8.3190000000000008384 7.1660000000000003695 9.3450000000000006395 12.326000000000000512 8.3309999999999995168 7.0919999999999996376 5.9029999999999995808 5.3280000000000002913
-9999 -9999 -9999 -9999 -9999 -9999 -9999 -9999 -9999 -9999 -9999 -9999 -9999 -9999 -9999 -9999 5.2560000000000002274 5.0499999999999998224 5.6529999999999995808 5.7179999999999999716 6.8830000000000000071 5.6230000000000002203 7.9139999999999997016 7.05400000000000027 4.6390000000000002345 5.4150000000000000355 5.9930000000000003268 7.8799999999999998934 6.6059999999999998721 5.0599999999999996092 5.3959999999999999076 6.1980000000000003979 9.4689999999999994174 7.8429999999999999716 13.583000000000000185 7.5240000000000000213 7.6449999999999995737 7.4359999999999999432 13.339000000000000412 13.066000000000000725 7.2619999999999995666 6.3799999999999998934 5.5250000000000003553 6.1210000000000004405
-9999 -9999 -9999 -9999 -9999 -9999 -9999 -9999 -9999 -9999 -9999 -9999 -9999 -9999 -9999 -9999 -9999 4.597999999999999865 4.9180000000000001492 5.4909999999999996589 6.5309999999999996945 6.2290000000000000924 7.0369999999999999218 7.1970000000000000639 6.7329999999999996518 6.0620000000000002771 8.6210000000000004405 6.7249999999999996447 5.9450000000000002842 5.1769999999999996021 5.4649999999999998579 5.8719999999999998863 8.9250000000000007105 7.6379999999999999005 7.9539999999999997371 12.967999999999999972 7.5499999999999998224 7.5099999999999997868 13.708000000000000185 8.07099999999999973 7.2599999999999997868 6.9820000000000002061 6.0970000000000004192 5.7190000000000003055
-9999 -9999 -9999 -9999 -9999 -9999 -9999 -9999 -9999 -9999 -9999 -9999 -9999 -9999 -9999 -9999 -9999 -9999 4.7409999999999996589 5.8899999999999996803 5.7389999999999998792 6.3890000000000002345 6.2249999999999996447 6.8150000000000003908 8.0510000000000001563 9.275999999999999801 7.8810000000000002274 6.4379999999999997229 5.7309999999999998721 5.3940000000000001279 5.1410000000000000142 5.5380000000000002558 6.5560000000000000497 10.010999999999999233 7.5069999999999996732 13.654999999999999361 8.0180000000000006821 13.996000000000000441 7.6870000000000002771 7.9279999999999999361 11.484999999999999432 6.1660000000000003695 10.006000000000000227 10.650000000000000355
-9999 -9999 -9999 -9999 -9999 -9999 -9999 -9999 -9999 -9999 -9999 -9999 -9999 -9999 -9999 -9999 -9999 4.8810000000000002274 5.4450000000000002842 6.1939999999999999503 6.3369999999999997442 6.1730000000000000426 6.5069999999999996732 7.5110000000000001208 10.205000000000000071 7.1619999999999999218 5.7720000000000002416 5.44599999999999973 5.6890000000000000568 5.3099999999999996092 4.7629999999999999005 5.5289999999999999147 6.92900000000000027 8.9410000000000007248 7.4070000000000000284 7.3869999999999995666 14.305999999999999162 8.9730000000000007532 8.0020000000000006679 11.582000000000000739 7.2699999999999995737 10.013999999999999346 5.8730000000000002203 6.5380000000000002558
-9999 -9999 -9999 -9999 -9999 -9999 -9999 -9999 -9999 -9999 -9999 -9999 -9999 -9999 -9999 -9999 -9999 5.42900000000000027 6.1200000000000001066 6.1299999999999998934 6.8200000000000002842 6.2580000000000000071 10.451000000000000512 11.776999999999999247 10.663999999999999702 6.0309999999999996945 4.9699999999999997513 4.6449999999999995737 4.8899999999999996803 5.3079999999999998295 5.6089999999999999858 5.9130000000000002558 5.9820000000000002061 7.2969999999999997087 7.4180000000000001492 7.081000000000000405 13.753000000000000114 7.9240000000000003766 7.8509999999999999787 11.195000000000000284 7.668999999999999595 8.0500000000000007105 5.7679999999999997939 6.9790000000000000924
-9999 -9999 -9999 -9999 -9999 -9999 -9999 -9999 -9999 -9999 -9999 -9999 -9999 -9999 -9999 -9999 -9999 5.400999999999999801 5.7210000000000000853 5.6829999999999998295 7.7400000000000002132 10.583000000000000185 5.6799999999999997158 5.7119999999999997442 9.792999999999999261 5.8600000000000003197 5.1109999999999997655 5.0410000000000003695 5.1159999999999996589 4.9089999999999998082 5.626000000000000334 5.3010000000000001563 5.4530000000000002913 6.6639999999999997016 7.3019999999999996021 7.1399999999999996803 13.242000000000000881 7.8990000000000000213 10.91200000000000081 6.6529999999999995808 8.0449999999999999289 8.028000000000000469 5.5890000000000004121 6.6799999999999997158
-9999 -9999 -9999 -9999 -9999 -9999 -9999 -9999 -9999 -9999 -9999 -9999 -9999 -9999 -9999 -9999 4.8079999999999998295 5.3680000000000003268 5.5560000000000000497 5.9390000000000000568 10.877000000000000668 5.5970000000000004192 5.1449999999999995737 5.2679999999999997939 9.2040000000000006253 5.5350000000000001421 4.7030000000000002913 5.9649999999999998579 5.0030000000000001137 4.8019999999999996021 5.6360000000000001208 5.0599999999999996092 5.3669999999999999929 6.2279999999999997584 9.3979999999999996874 7.6820000000000003837 6.8419999999999996376 13.018000000000000682 5.7450000000000001066 6.0149999999999996803 6.1429999999999997939 7.3949999999999995737 6.6900000000000003908 6.1580000000000003624
-9999 -9999 -9999 -9999 -9999 -9999 -9999 -9999 -9999 -9999 -9999 -9999 -9999 -9999 -9999 -9999 -9999 6.2130000000000000782 5.8830000000000000071 10.686999999999999389 5.8380000000000000782 4.6109999999999997655 5.5060000000000002274 5.0080000000000000071 9.1430000000000006821 5.2300000000000004263 4.625 5.7690000000000001279 4.6970000000000000639 5.4870000000000000995 6.1159999999999996589 6.30400000000000027 6.3869999999999995666 7.2389999999999998792 10.532000000000000028 9.6050000000000004263 7.0410000000000003695 13.150999999999999801 5.5499999999999998224 6.8830000000000000071 6.2530000000000001137 8.0250000000000003553 6.8910000000000000142 6.6029999999999997584
-9999 -9999 -9999 -9999 -9999 -9999 -9999 -9999 -9999 -9999 -9999 -9999 -9999 -9999 -9999 -9999 -9999 -9999 9.4440000000000008384 6.5350000000000001421 5.6619999999999999218 4.652000000000000135 7.9919999999999999929 5.1360000000000001208 9.2940000000000004832 4.8579999999999996518 5.0160000000000000142 5.1130000000000004334 5.5019999999999997797 5.80400000000000027 5.0170000000000003482 6.0410000000000003695 6.6479999999999996874 8.0069999999999996732 11.875999999999999446 8.7449999999999992184 7.5519999999999996021 7.4500000000000001776 11.792999999999999261 6.1859999999999999432 6.7009999999999996234 8.1159999999999996589 6.8609999999999997655 6.4950000000000001066
-9999 -9999 -9999 -9999 -9999 -9999 -9999 -9999 -9999 -9999 -9999 -9999 -9999 -9999 -9999 -9999 -9999 -9999 -9999 -9999 -9999 4.9150000000000000355 5.8860000000000001208 5.9519999999999999574 8.8930000000000006821 5.1619999999999999218 4.8570000000000002061 4.8639999999999998792 5.6009999999999999787 6.1559999999999996945 6.375 6.6980000000000003979 7.9029999999999995808 8.26699999999999946 7.5670000000000001705 13.067999999999999616 8.3339999999999996305 11.589000000000000412 12.76699999999999946 5.9589999999999996305 5.9359999999999999432 8.9580000000000001847 7.3049999999999997158 7.3830000000000000071
-9999 -9999 -9999 -9999 -9999 -9999 -9999 -9999 -9999 -9999 -9999 -9999 -9999 -9999 -9999 -9999 -9999 -9999 -9999 -9999 -9999 -9999 5.6230000000000002203 5.6740000000000003766 6.9880000000000004334 5.4749999999999996447 4.8550000000000004263 5.2400000000000002132 5.9960000000000004405 7.3810000000000002274 6.9660000000000001918 8.1460000000000007958 4.9299999999999997158 5.7880000000000002558 9.3539999999999992042 9.4410000000000007248 10.881000000000000227 6.4000000000000003553 6.6360000000000001208 13.807999999999999829 7.0640000000000000568 6.7629999999999999005 10.138999999999999346 11.490000000000000213
-9999 -9999 -9999 -9999 -9999 -9999 -9999 -9999 -9999 -9999 -9999 -9999 -9999 -9999 -9999 -9999 -9999 -9999 -9999 -9999 -9999 -9999 -9999 -9999 6.1070000000000002061 8.0549999999999997158 6.597999999999999865 6.2729999999999996874 5.1280000000000001137 6.0320000000000000284 8.3699999999999992184 5.9660000000000001918 5.6310000000000002274 6.3129999999999997229 9.3460000000000000853 5.9530000000000002913 7.0689999999999999503 7.5300000000000002487 6.5080000000000000071 13.477000000000000313 7.3979999999999996874 6.7210000000000000853 6.8710000000000004405 6.1269999999999997797
-9999 -9999 -9999 -9999 -9999 -9999 -9999 -9999 -9999 -9999 -9999 -9999 -9999 -9999 -9999 -9999 -9999 -9999 -9999 -9999 -9999 -9999 -9999 -9999 -9999 -9999 5.6550000000000002487 5.5 5.0309999999999996945 5.5759999999999996234 6.4489999999999998437 7.0910000000000001918 5.2110000000000002984 8.0909999999999993037 6.5049999999999998934 6.3220000000000000639 5.9169999999999998153 7.5800000000000000711 6.7930000000000001492 12.808999999999999275 6.5220000000000002416 6.5380000000000002558 6.6970000000000000639 6.0679999999999996163
-9999 -9999 -9999 -9999 -9999 -9999 -9999 -9999 -9999 -9999 -9999 -9999 -9999 -9999 -9999 -9999 -9999 -9999 -9999 -9999 -9999 -9999 -9999 -9999 -9999 -9999 -9999 6.3339999999999996305 5.0830000000000001847 5.6500000000000003553 6.5300000000000002487 7.0560000000000000497 7.418999999999999595 7.9279999999999999361 5.8360000000000002984 5.8680000000000003268 6.0999999999999996447 8.6760000000000001563 8.0920000000000005258 6.2549999999999998934 13.571999999999999176 6.0430000000000001492 6.1130000000000004334 6.07099999999999973
-9999 -9999 -9999 -9999 -9999 -9999 -9999 -9999 -9999 -9999 -9999 -9999 -9999 -9999 -9999 -9999 -9999 -9999 -9999 -9999 -9999 -9999 -9999 -9999 -9999 -9999 -9999 -9999 5.3129999999999997229 5.2679999999999997939 6.2279999999999997584 5.8010000000000001563 5.7469999999999998863 6.3189999999999999503 7.8509999999999999787 5.6609999999999995879 5.9269999999999996021 9.8049999999999997158 6.7809999999999996945 6.4530000000000002913 13.91200000000000081 8.82099999999999973 8.5559999999999991616 8.474000000000000199
-9999 -9999 -9999 -9999 -9999 -9999 -9999 -9999 -9999 -9999 -9999 -9999 -9999 -9999 -9999 -9999 -9999 -9999 -9999 -9999 -9999 -9999 -9999 -9999 -9999 -9999 -9999 -9999 -9999 5.4679999999999999716 6.0480000000000000426 6.9800000000000004263 5.4210000000000002629 5.9000000000000003553 5.9859999999999997655 5.6870000000000002771 5.8639999999999998792 9.1240000000000005542 6.3170000000000001705 6.7599999999999997868 13.788999999999999702 6.6760000000000001563 7.2809999999999996945 7.1269999999999997797
-9999 -9999 -9999 -9999 -9999 -9999 -9999 -9999 -9999 -9999 -9999 -9999 -9999 -9999 -9999 -9999 -9999 -9999 -9999 -9999 -9999 -9999 -9999 -9999 -9999 -9999 -9999 -9999 -9999 4.9809999999999998721 5.4279999999999999361 6.6810000000000000497 6.7859999999999995879 6.2900000000000000355 6.3700000000000001066 5.4880000000000004334 5.6879999999999997229 9.0190000000000001279 6.7270000000000003126 13.153999999999999915 6.9379999999999997229 6.4930000000000003268 6.8630000000000004334 6.9909999999999996589
-9999 -9999 -9999 -9999 -9999 -9999 -9999 -9999 -9999 -9999 -9999 -9999 -9999 -9999 -9999 -9999 -9999 -9999 -9999 -9999 -9999 -9999 -9999 -9999 -9999 -9999 -9999 -9999 -9999 -9999 5.2329999999999996518 5.5679999999999996163 7.2709999999999999076 6.8029999999999999361 6.82099999999999973 6.0279999999999995808 6.3049999999999997158 7.5240000000000000213 12.526999999999999247 6.4249999999999998224 6.1769999999999996021 6.7329999999999996518 6.373999999999999666 6.2709999999999999076
