ValueNro_2398/sve_ValueNro_2398_TWI_16m.asc
ncols        141
nrows        228
xllcorner    356256.000000000000
yllcorner    6857312.000000000000
cellsize     16.000000000000
NODATA_value  -9999
[rows 160 to 179 of 228, columns 0 to 43 of 141]
-9999 -9999 12.730000000000000426 6.2519999999999997797 6.1440000000000001279 5.9429999999999996163 6.4720000000000004192 6.1410000000000000142 5.5049999999999998934 5.0129999999999999005 4.9640000000000004121 5.3650000000000002132 5.5330000000000003624 6.375 5.3390000000000004121 5.8129999999999997229 5.5549999999999997158 5.7099999999999999645 5.5170000000000003482 5.599000000000000199 6.277000000000000135 6.1970000000000000639 6.222999999999999865 7.3630000000000004334 7.7539999999999995595 6.3669999999999999929 5.1589999999999998082 5.4000000000000003553 7.7560000000000002274 7.6630000000000002558 5.7430000000000003268 6.3460000000000000853 5.293999999999999595 5.0060000000000002274 5.3029999999999999361 6.2740000000000000213 9.0530000000000008242 7.8659999999999996589 7.1650000000000000355 7.206000000000000405 8.3439999999999994174 7.9800000000000004263 8.0839999999999996305 8.8230000000000003979
-9999 -9999 -9999 10.637999999999999901 7.2039999999999997371 7.0970000000000004192 7.5279999999999995808 6.8579999999999996518 6.1169999999999999929 5.4770000000000003126 4.9450000000000002842 4.8140000000000000568 6.3460000000000000853 6.722999999999999865 7.123999999999999666 5.8369999999999997442 5.9359999999999999432 6.8639999999999998792 7.123999999999999666 6.9329999999999998295 6.7080000000000001847 6.6390000000000002345 6.8869999999999995666 7.8060000000000000497 8.1809999999999991616 5.8990000000000000213 5.4669999999999996376 7.1660000000000003695 6.1500000000000003553 7.3669999999999999929 5.7050000000000000711 8.1699999999999999289 5.1100000000000003197 4.8269999999999999574 5.7339999999999999858 8.0730000000000003979 8.66200000000000081 6.4589999999999996305 6.4219999999999997087 7.8429999999999999716 8.3650000000000002132 6.5220000000000002416 6.6980000000000003979 7.2969999999999997087
-9999 -9999 -9999 11.143000000000000682 5.5400000000000000355 4.75 5.2539999999999995595 7.1639999999999997016 5.6719999999999997087 4.7009999999999996234 4.6609999999999995879 4.5209999999999999076 5.8890000000000002345 8.4190000000000004832 8.7449999999999992184 5.8250000000000001776 5.9649999999999998579 6.5599999999999996092 6.831000000000000405 6.4779999999999997584 6.3419999999999996376 6.7290000000000000924 7.5970000000000004192 6.4550000000000000711 6.6669999999999998153 7.9900000000000002132 7.0949999999999997513 5.6529999999999995808 5.7089999999999996305 6.251000000000000334 6.599000000000000199 6.1379999999999999005 5.3710000000000004405 5.7220000000000004192 7.0689999999999999503 8.6289999999999995595 6.5430000000000001492 6.1909999999999998366 7.7560000000000002274 8.3130000000000006111 6.6340000000000003411 6.2329999999999996518 6.3440000000000003055 7.1779999999999999361
-9999 -9999 -9999 -9999 5.9919999999999999929 5.7430000000000003268 6.9790000000000000924 8.2370000000000000995 6.0460000000000002629 5.4379999999999997229 5.0400000000000000355 5.001000000000000334 6.75 6.1340000000000003411 6.1139999999999998792 5.4169999999999998153 6.05400000000000027 6.2179999999999999716 6.1550000000000002487 6.5240000000000000213 6.5049999999999998934 6.5549999999999997158 7.3049999999999997158 7.69599999999999973 5.8860000000000001208 6.7350000000000003197 8.1639999999999997016 6.4089999999999998082 5.7270000000000003126 5.3280000000000002913 6.0330000000000003624 5.2930000000000001492 5.1420000000000003482 6.4930000000000003268 7.5759999999999996234 7.248999999999999666 6.7019999999999999574 7.7859999999999995879 8.8840000000000003411 5.6740000000000003766 6.4690000000000003055 6.0279999999999995808 6.1020000000000003126 6.7679999999999997939
-9999 -9999 -9999 -9999 -9999 6.543999999999999595 7.2750000000000003553 5.418999999999999595 6.8940000000000001279 5.8959999999999999076 5.9409999999999998366 6.099000000000000199 5.277000000000000135 4.8099999999999996092 5.9199999999999999289 5.2999999999999998224 6.0199999999999995737 6.5620000000000002771 5.5250000000000003553 5.4790000000000000924 5.44599999999999973 5.5359999999999995879 6.1879999999999997229 6.7539999999999995595 7.4539999999999997371 7.3010000000000001563 8.7989999999999994884 5.7069999999999998508 6.599000000000000199 5.4790000000000000924 6.0400000000000000355 6.2779999999999995808 6.3830000000000000071 7.4199999999999999289 5.4349999999999996092 6.2270000000000003126 7.8799999999999998934 7.7069999999999998508 6.9080000000000003624 5.8269999999999999574 6.2820000000000000284 5.8899999999999996803 6.4630000000000000782 6.1109999999999997655
-9999 -9999 -9999 -9999 -9999 -9999 5.2419999999999999929 4.7409999999999996589 5.1769999999999996021 6.0140000000000002345 5.2419999999999999929 4.94599999999999973 5.5300000000000002487 5.0949999999999997513 4.4390000000000000568 5.1539999999999999147 5.206000000000000405 6.5659999999999998366 6.4029999999999995808 5.5700000000000002842 4.8090000000000001634 4.9269999999999996021 5.4230000000000000426 5.9210000000000002629 4.9180000000000001492 6.2050000000000000711 9.6649999999999991473 6.1529999999999995808 5.6349999999999997868 6.0430000000000001492 5.3289999999999997371 5.8429999999999999716 6.8990000000000000213 5.6379999999999999005 5.998999999999999666 7.9260000000000001563 5.6280000000000001137 6.0670000000000001705 6.0560000000000000497 6.0330000000000003624 6.1219999999999998863 6.8959999999999999076 5.6650000000000000355 6.3499999999999996447
-9999 -9999 -9999 -9999 -9999 -9999 10.39199999999999946 5.1920000000000001705 4.7279999999999997584 6.4240000000000003766 5.1449999999999995737 5.3300000000000000711 4.8090000000000001634 5.6159999999999996589 4.92900000000000027 4.4519999999999999574 4.7309999999999998721 4.5620000000000002771 6.4439999999999999503 5.9420000000000001705 5.3470000000000004192 5.1660000000000003695 5.3349999999999999645 5.7419999999999999929 5.9279999999999999361 6.1470000000000002416 10.128999999999999559 5.4980000000000002203 5.3979999999999996874 5.974000000000000199 5.1020000000000003126 5.2889999999999997016 5.9829999999999996518 6.6070000000000002061 7.2990000000000003766 7.3520000000000003126 6.3099999999999996092 5.6289999999999995595 6.0419999999999998153 6.7800000000000002487 6.9759999999999999787 7.1630000000000002558 7.1429999999999997939 5.2949999999999999289
-9999 -9999 -9999 -9999 -9999 -9999 5.5919999999999996376 10.329000000000000625 6.3910000000000000142 6.3719999999999998863 5.9000000000000003553 4.8349999999999999645 5.1070000000000002061 5.8579999999999996518 5.376000000000000334 4.8049999999999997158 4.7430000000000003268 4.6369999999999995666 6.5179999999999997939 6.3109999999999999432 6.2980000000000000426 6.4039999999999999147 6.1650000000000000355 6.5640000000000000568 5.9889999999999998792 6.1920000000000001705 10.33799999999999919 6.2019999999999999574 6.4029999999999995808 5.6429999999999997939 5.1470000000000002416 4.9080000000000003624 5.6369999999999995666 6.92900000000000027 6.125 6.5060000000000002274 6.3060000000000000497 5.6650000000000000355 5.7720000000000002416 6.7169999999999996376 7.4679999999999999716 7.1500000000000003553 7.7430000000000003268 5.7000000000000001776
-9999 -9999 -9999 -9999 -9999 -9999 5.8680000000000003268 11.282000000000000028 6.623999999999999666 7.3159999999999998366 6.7409999999999996589 5.2350000000000003197 5.3410000000000001918 6.4580000000000001847 7.2729999999999996874 6.2190000000000003055 4.7670000000000003482 5.1630000000000002558 5.5890000000000004121 7.7270000000000003126 6.5659999999999998366 6.6269999999999997797 6.498999999999999666 6.8550000000000004263 7.3349999999999999645 9.9060000000000005826 6.4889999999999998792 6.7779999999999995808 7.2670000000000003482 6.1089999999999999858 5.1799999999999997158 5.8259999999999996234 6.4230000000000000426 6.8250000000000001776 5.5179999999999997939 6.0019999999999997797 6.597999999999999865 5.4180000000000001492 5.6980000000000003979 6.17900000000000027 6.2699999999999995737 6.8360000000000002984 7.7800000000000002487 7.8559999999999998721
-9999 -9999 -9999 -9999 -9999 -9999 5.9379999999999997229 6.2000000000000001776 11.506000000000000227 8.6349999999999997868 7.6390000000000002345 5.9589999999999996305 6.19599999999999973 8.0239999999999991331 6.1699999999999999289 5.4770000000000003126 5.4820000000000002061 6.5510000000000001563 6.4509999999999996234 6.17900000000000027 7.9039999999999999147 8.3589999999999999858 6.224000000000000199 6.0389999999999997016 9.9519999999999999574 6.3360000000000002984 6.7430000000000003268 6.7080000000000001847 6.9119999999999999218 8.0769999999999999574 5.6269999999999997797 5.9619999999999997442 6.1420000000000003482 6.956000000000000405 6.6230000000000002203 5.8440000000000003055 6.974000000000000199 6.7990000000000003766 6.44599999999999973 6.7210000000000000853 6.206000000000000405 6.6840000000000001634 7.7859999999999995879 6.2610000000000001208
-9999 -9999 -9999 -9999 -9999 -9999 4.5689999999999999503 5.3730000000000002203 6.3070000000000003837 11.134999999999999787 6.4450000000000002842 7.6920000000000001705 7.0670000000000001705 4.5149999999999996803 5.1900000000000003908 4.5579999999999998295 4.5389999999999997016 5.0220000000000002416 4.974000000000000199 4.9829999999999996518 5.0400000000000000355 6.0970000000000004192 8.5020000000000006679 10.226000000000000867 6.1390000000000002345 6.626000000000000334 8.2279999999999997584 6.7599999999999997868 7.6859999999999999432 6.025999999999999801 7.3419999999999996376 5.6169999999999999929 5.9420000000000001705 5.7820000000000000284 6.6490000000000000213 6.6699999999999999289 7.5579999999999998295 8.3119999999999993889 10.051000000000000156 9.1969999999999991758 8.7750000000000003553 8.3640000000000007674 12.542999999999999261 5.8280000000000002913
-9999 -9999 -9999 -9999 -9999 -9999 -9999 4.4199999999999999289 5.0510000000000001563 5.9820000000000002061 11.003000000000000114 7.4180000000000001492 5.8680000000000003268 5.375 5.1829999999999998295 4.9199999999999999289 4.8700000000000001066 5.5640000000000000568 5.0460000000000002629 5.0179999999999997939 5.0449999999999999289 4.9269999999999996021 6.2720000000000002416 10.038999999999999702 6.7709999999999999076 7.1280000000000001137 9.1730000000000000426 8.5700000000000002842 6.2089999999999996305 5.7119999999999997442 5.5279999999999995808 7.2419999999999999929 6.0570000000000003837 6.1070000000000002061 6.9429999999999996163 6.7580000000000000071 7.3669999999999999929 8.2019999999999999574 6.8250000000000001776 6.4210000000000002629 5.3719999999999998863 11.740000000000000213 6.4439999999999999503 13.651999999999999247
-9999 -9999 -9999 -9999 -9999 -9999 -9999 6.0599999999999996092 4.4649999999999998579 5.1769999999999996021 6.1210000000000004405 11.153999999999999915 6.668999999999999595 5.7039999999999997371 4.8899999999999996803 4.2469999999999998863 4.6870000000000002771 5.7729999999999996874 5.3769999999999997797 5.626000000000000334 5.5590000000000001634 6.2080000000000001847 5.5350000000000001421 6.4800000000000004263 10.644999999999999574 6.4900000000000002132 7.9279999999999999361 8.5120000000000004547 6.2270000000000003126 5.4720000000000004192 5.474000000000000199 5.8269999999999999574 7.4059999999999996945 8.2010000000000005116 8.4480000000000003979 6.0620000000000002771 7.6079999999999996518 8.2520000000000006679 7.3349999999999999645 5.7409999999999996589 5.44599999999999973 12.381000000000000227 5.9059999999999996945 5.8319999999999998508
-9999 -9999 -9999 -9999 -9999 -9999 -9999 -9999 5.5 4.5499999999999998224 5.4530000000000002913 7.0640000000000000568 9.3190000000000008384 5.6399999999999996803 4.8929999999999997939 4.8129999999999997229 5.0549999999999997158 5.1529999999999995808 6.7690000000000001279 5.1319999999999996732 6.0350000000000001421 5.0110000000000001208 5.0819999999999998508 5.5730000000000003979 5.7690000000000001279 10.259999999999999787 6.376000000000000334 8.7449999999999992184 6.2549999999999998934 5.3680000000000003268 5.1950000000000002842 5.69599999999999973 6.5179999999999997939 7.1150000000000002132 8.6799999999999997158 12.279999999999999361 12.560999999999999943 12.564000000000000057 12.476000000000000867 6.3669999999999999929 5.9210000000000002629 13.685999999999999943 5.5919999999999996376 5.2339999999999999858
-9999 -9999 -9999 -9999 -9999 -9999 -9999 -9999 -9999 5.0389999999999997016 4.3639999999999998792 5.3970000000000002416 6.9489999999999998437 8.9550000000000000711 6.2690000000000001279 5.5 4.902000000000000135 5.2779999999999995808 5.2039999999999997371 6.5419999999999998153 5.0380000000000002558 5.3879999999999999005 4.5720000000000000639 4.7290000000000000924 5.17900000000000027 5.1139999999999998792 10.651999999999999247 11.689000000000000057 6.3259999999999996234 5.2030000000000002913 5.3079999999999998295 5.8259999999999996234 6.7099999999999999645 7.373999999999999666 11.930999999999999162 6.6470000000000002416 6.1529999999999995808 5.7560000000000002274 6.2980000000000000426 12.881000000000000227 14.173000000000000043 6.2480000000000002203 5.1920000000000001705 5.4930000000000003268
-9999 -9999 -9999 -9999 -9999 -9999 -9999 -9999 -9999 -9999 5.0240000000000000213 4.57099999999999973 5.8070000000000003837 6.4720000000000004192 8.6170000000000008811 8.2789999999999999147 5.8250000000000001776 5.3300000000000000711 4.9219999999999997087 5.1459999999999999076 6.5350000000000001421 5.5320000000000000284 4.4919999999999999929 4.8509999999999999787 5.3239999999999998437 6.1210000000000004405 7.1349999999999997868 11.378000000000000114 5.972999999999999865 5.0380000000000002558 5.3499999999999996447 5.9610000000000002984 6.0449999999999999289 10.932000000000000384 6.7980000000000000426 6.0019999999999997797 5.3799999999999998934 5.3840000000000003411 6.7019999999999999574 6.3410000000000001918 11.135999999999999233 5.876000000000000334 4.8780000000000001137 5.2729999999999996874
-9999 -9999 -9999 -9999 -9999 -9999 -9999 -9999 -9999 -9999 8.0749999999999992895 5.3680000000000003268 6.1210000000000004405 5.5279999999999995808 5.1710000000000002629 5.8669999999999999929 8.3480000000000007532 5.3019999999999996021 6.5220000000000002416 6.5060000000000002274 5.3910000000000000142 5.4059999999999996945 4.6630000000000002558 5.2709999999999999076 5.7629999999999999005 6.7080000000000001847 6.0549999999999997158 5.8899999999999996803 10.308999999999999275 5.3109999999999999432 5.6820000000000003837 5.8280000000000002913 11.545999999999999375 5.3929999999999997939 5.474000000000000199 5.5220000000000002416 5.3799999999999998934 6.0519999999999996021 6.4439999999999999503 10.874000000000000554 6.6319999999999996732 5.6730000000000000426 4.7300000000000004263 5.0800000000000000711
-9999 -9999 -9999 -9999 -9999 -9999 -9999 -9999 9.0090000000000003411 5.7519999999999997797 5.2830000000000003624 8.1300000000000007816 5.9880000000000004334 5.150999999999999801 5.2419999999999999929 5.2729999999999996874 8.9519999999999999574 6.9130000000000002558 5.44599999999999973 5.7270000000000003126 6.3019999999999996021 6.2649999999999996803 5.3250000000000001776 4.9669999999999996376 5.599000000000000199 7.0469999999999997087 7.724000000000000199 5.3390000000000004121 8.1940000000000008384 10.156000000000000583 10.256999999999999673 12.196999999999999176 5.1779999999999999361 4.4649999999999998579 4.7789999999999999147 4.875 5.2430000000000003268 5.875 6.4450000000000002842 10.973000000000000753 6.6289999999999995595 5.5400000000000000355 4.9599999999999999645 5.4470000000000000639
-9999 -9999 -9999 -9999 -9999 -9999 -9999 -9999 13.211000000000000298 6.1619999999999999218 5.9809999999999998721 5.8189999999999999503 5.6299999999999998934 5.9089999999999998082 6.6420000000000003482 5.7599999999999997868 7.7539999999999995595 6.8090000000000001634 6.2999999999999998224 6.1630000000000002558 6.3509999999999999787 5.9630000000000000782 6.2999999999999998224 5.1330000000000000071 5.0339999999999998082 7.2980000000000000426 7.099000000000000199 5.0099999999999997868 5.5300000000000002487 7.8680000000000003268 9.1189999999999997726 12.438000000000000611 5.2560000000000002274 4.400999999999999801 4.8890000000000002345 4.7329999999999996518 4.4530000000000002913 5.1449999999999995737 9.9209999999999993747 6.9059999999999996945 5.9790000000000000924 5.2069999999999998508 5.3799999999999998934 5.6589999999999998082
-9999 -9999 -9999 -9999 -9999 -9999 -9999 -9999 6.2210000000000000853 13.310000000000000497 6.6890000000000000568 6.7119999999999997442 6.7789999999999999147 6.9829999999999996518 6.1699999999999999289 6.69599999999999973 7.8099999999999996092 5.5430000000000001492 6.125 6.1369999999999995666 5.3189999999999999503 5.6089999999999999858 5.5560000000000000497 5.9880000000000004334 5.2900000000000000355 7.6470000000000002416 6.2469999999999998863 5.2809999999999996945 5.4759999999999999787 5.581000000000000405 6.1390000000000002345 11.634000000000000341 5.2670000000000003482 4.3520000000000003126 6.3470000000000004192 5.168999999999999595 5.1310000000000002274 5.7380000000000004334 9.8910000000000000142 5.9450000000000002842 5.1379999999999999005 4.7370000000000000995 5.4550000000000000711 5.7039999999999997371
