ValueNro_2398/sve_ValueNro_2398_ika.asc
ncols        141
nrows        228
xllcorner    356256.000000000000
yllcorner    6857312.000000000000
cellsize     16.000000000000
NODATA_value -9999
[rows 123 to 163 of 228, columns 0 to 92 of 141]
-9999 -9999 -9999 -9999 -9999 -9999 -9999 -9999 -9999 -9999 -9999 -9999 -9999 -9999 -9999 -9999 -9999 -9999 -9999 48 0 32767 32767 37 68 50 29 37 41 44 35 45 32767 79 77 71 48 37 57 48 44 52 53 57 50 71 52 42 42 36 48 42 87 85 61 100 78 79 77 78 78 75 88 77 55 53 55 61 26 17 29 22 41 22 32767 32767 32767 32767 32767 32767 32767 32767 32767 32767 32767 32767 10 32 45 42 33 31 29
-9999 -9999 -9999 -9999 -9999 -9999 -9999 -9999 -9999 -9999 -9999 -9999 -9999 -9999 -9999 -9999 -9999 -9999 -9999 39 18 14 32767 32767 43 40 44 54 32 31 29 32767 32767 73 32767 32767 41 43 18 13 44 44 40 44 69 60 62 52 38 51 48 41 45 34 32767 93 98 74 93 76 89 87 88 88 64 55 57 52 18 21 21 18 26 22 32767 32767 32767 32767 32767 32767 32767 32767 32767 32767 32767 10 32767 40 51 33 29 27 29
-9999 -9999 -9999 -9999 -9999 -9999 -9999 -9999 -9999 -9999 -9999 -9999 -9999 -9999 -9999 -9999 -9999 -9999 -9999 18 5 10 34 32767 32767 57 45 41 36 32 47 32767 50 32767 32767 32767 32767 33 32767 32767 32767 17 27 52 97 88 72 58 63 64 75 49 28 36 32767 86 98 94 86 95 92 76 70 67 60 44 51 22 27 17 18 39 34 24 29 32767 32767 32767 32767 32767 32767 32767 32767 15 17 11 32767 66 72 31 31 30 27
-9999 -9999 -9999 -9999 -9999 -9999 -9999 -9999 -9999 -9999 -9999 -9999 -9999 -9999 -9999 -9999 -9999 -9999 41 26 31 45 65 90 32767 32767 43 63 52 41 32767 32767 32767 32767 32767 32767 32767 32767 32767 32767 32767 32767 16 48 109 91 56 57 50 45 51 46 51 39 32767 88 90 83 109 93 89 90 57 58 59 54 31 17 21 52 44 20 2 5 7 32767 32767 32767 32767 32767 32767 28 30 16 14 15 32767 39 37 30 30 27 30
-9999 -9999 -9999 -9999 -9999 -9999 -9999 -9999 -9999 -9999 -9999 -9999 -9999 -9999 -9999 -9999 -9999 -9999 24 39 38 43 83 65 72 32767 32767 7 81 58 32767 33 51 32767 32767 32767 35 40 32767 32767 32767 32767 32767 52 60 62 60 39 50 44 39 41 42 37 46 73 83 92 102 93 99 91 69 64 60 59 29 17 31 27 3 1 3 3 5 32767 32767 32767 32767 32767 32767 42 47 22 3 19 9 32767 17 37 27 26 32
-9999 -9999 -9999 -9999 -9999 -9999 -9999 -9999 -9999 -9999 -9999 -9999 -9999 -9999 -9999 -9999 18 9 21 33 60 82 79 79 63 89 32767 32767 13 32767 32767 32767 28 40 43 38 32767 32767 32767 32767 32767 32767 32767 27 49 55 43 34 33 37 25 26 25 23 35 47 70 88 95 88 93 77 55 54 43 51 40 57 40 5 3 4 3 4 5 6 32767 32767 32767 21 56 70 40 21 3 15 8 32767 10 38 29 34 30
-9999 -9999 -9999 -9999 -9999 -9999 -9999 -9999 -9999 -9999 -9999 -9999 -9999 -9999 -9999 9 10 8 22 62 94 94 98 95 77 65 69 32767 32767 32767 75 37 32767 45 58 38 32767 32767 32767 32767 32767 32767 32767 32767 52 62 60 46 25 21 22 13 42 26 25 27 54 94 85 77 67 56 66 55 37 31 34 5 3 3 4 3 4 3 9 5 32767 32767 32767 32767 86 58 40 18 19 2 7 24 32767 25 25 28 33
-9999 -9999 -9999 -9999 -9999 -9999 -9999 -9999 -9999 -9999 50 44 24 9 7 7 7 13 43 87 82 105 103 67 54 47 40 27 32767 32767 54 41 47 32767 95 58 32767 32767 32767 32767 32767 32767 32767 32767 42 47 47 47 21 28 30 22 23 16 24 48 76 81 94 80 72 78 74 53 31 28 4 3 4 4 4 4 3 4 10 5 6 32767 32767 55 91 67 45 28 3 3 45 53 32767 8 21 27 25
-9999 -9999 -9999 -9999 -9999 -9999 -9999 -9999 -9999 53 56 43 21 12 11 12 29 38 48 80 97 55 64 32767 32767 32767 32767 57 5 32767 32767 68 49 73 32767 64 32767 32767 32767 32767 32767 32767 32767 32767 50 61 44 32 36 36 18 46 33 28 25 63 66 77 101 96 83 60 69 49 32 18 4 5 4 3 4 4 3 3 5 7 6 32767 24 63 84 52 54 27 6 51 41 62 41 32767 17 24 27
-9999 -9999 -9999 -9999 -9999 -9999 -9999 -9999 41 58 56 38 34 29 28 27 48 57 89 74 71 43 46 32767 32767 32767 32767 64 44 32767 32767 5 48 50 44 47 32767 32767 32767 32767 32767 32767 32767 32767 60 56 53 51 37 11 5 41 51 41 61 85 59 91 93 103 82 65 60 60 35 23 4 5 4 3 3 2 2 3 4 9 7 13 39 82 93 61 45 33 82 58 71 86 60 32767 1 10 32767
-9999 -9999 -9999 -9999 -9999 -9999 -9999 39 50 50 35 33 42 40 36 40 41 44 52 39 38 33 50 32767 32767 32767 32767 26 32767 67 32767 32767 8 65 33 32767 29 32767 32767 32767 32767 32767 32767 32767 43 40 57 46 42 11 1 21 33 45 78 78 80 82 79 86 72 64 69 63 37 26 3 4 4 3 3 2 5 22 7 4 8 7 7 92 94 55 66 64 78 88 116 95 34 65 32767 30 32
-9999 -9999 -9999 -9999 -9999 -9999 -9999 14 28 41 31 33 35 31 27 16 32 52 44 40 37 33 33 49 32767 48 40 50 32767 33 60 32767 32767 46 46 44 32767 32767 32767 32767 32767 32767 32767 32767 29 32767 33 53 49 13 8 4 53 81 76 84 95 96 74 63 78 77 78 70 43 40 10 3 2 1 4 47 79 60 6 3 6 7 25 69 85 79 65 68 97 94 103 90 66 41 49 32767 19
-9999 -9999 -9999 -9999 -9999 -9999 11 12 33 22 12 12 19 18 21 11 11 38 33 56 58 30 26 31 32 37 31 20 32767 40 41 50 32767 32767 26 30 28 34 32767 32767 32767 32767 32767 9 16 35 32767 59 48 37 8 9 3 25 101 95 89 73 74 87 81 55 48 58 76 62 54 10 12 27 69 55 62 61 3 3 7 10 27 71 86 63 58 68 81 91 109 111 71 67 74 32767 9
-9999 -9999 -9999 -9999 -9999 6 9 29 23 12 8 12 8 9 9 7 7 11 34 30 31 38 40 33 38 32767 31 44 32767 42 35 44 47 32767 32767 52 23 32767 29 32767 32767 32767 3 32767 32767 32767 47 85 52 21 7 10 8 7 30 96 89 79 77 77 64 67 56 83 67 69 70 45 41 42 78 66 88 2 2 3 3 8 30 100 93 71 55 65 51 83 87 96 112 83 64 64 32767
-9999 -9999 -9999 -9999 10 17 12 11 13 7 6 6 7 6 6 7 6 6 9 39 39 42 50 42 46 49 41 28 33 32 36 36 58 32767 32767 4 24 33 27 32767 32767 4 32767 14 32767 32767 46 98 62 43 10 6 8 10 7 64 95 88 83 73 76 73 76 70 68 71 88 103 85 76 78 57 3 8 9 3 3 2 5 73 91 62 58 36 52 59 93 95 93 117 83 59 30
-9999 -9999 -9999 21 8 7 7 8 6 6 5 6 6 9 7 5 6 7 6 11 19 25 22 35 46 36 37 32767 43 33 28 36 15 32767 32767 32767 3 23 34 24 32767 32767 9 32767 32767 32767 33 40 46 62 15 6 6 11 8 31 82 79 76 81 73 67 86 78 96 82 67 89 105 80 78 50 3 10 9 9 14 5 3 69 87 84 50 38 48 60 85 85 84 77 50 39 49
-9999 -9999 58 27 11 8 9 9 8 7 7 8 5 6 7 8 7 5 6 7 6 13 36 31 47 50 32767 66 51 34 26 17 32767 32767 32767 32767 32767 12 27 32767 32767 32767 32767 32767 32767 32767 32767 17 48 47 34 10 6 10 11 7 98 87 80 82 68 72 83 89 77 79 62 68 76 78 77 52 29 10 5 8 15 7 4 79 71 96 57 45 68 67 99 83 77 96 53 44 52
48 58 58 26 35 15 26 35 11 11 7 7 6 6 10 9 8 9 8 6 6 6 11 32767 32767 60 55 55 64 44 39 32767 32767 32767 32767 32767 32767 32767 34 32767 32767 32767 32767 32767 32767 32767 32767 31 81 89 25 11 5 8 11 4 29 84 64 67 72 70 84 84 67 79 77 75 84 76 77 80 113 19 6 1 5 9 5 50 63 79 80 74 87 94 104 96 91 85 94 45 64
81 93 54 32 26 24 27 28 22 17 12 8 8 6 11 9 11 11 11 12 6 32767 32767 40 52 67 58 71 61 28 32767 32767 32767 32767 32767 32767 5 32767 32767 32767 32767 32767 32767 2 32767 32767 32767 38 97 74 51 10 5 8 9 10 20 49 76 86 83 74 92 85 63 64 84 46 73 77 81 83 71 60 16 9 22 60 35 90 93 85 83 92 88 73 82 107 69 97 55 29 34
-9999 73 63 42 32 32 40 26 26 19 38 21 18 10 10 10 13 9 6 8 32767 12 39 45 54 82 61 47 24 32767 32767 32767 32767 32767 32767 32767 32767 32767 32767 32767 32767 4 5 32767 32767 32767 48 46 67 88 51 11 9 6 12 7 27 54 92 83 78 88 93 94 67 64 77 45 68 65 92 82 96 84 70 69 44 40 44 70 99 78 85 79 94 112 95 63 84 95 49 29 48
-9999 -9999 -9999 51 30 31 28 25 23 18 25 40 36 9 7 9 7 8 6 8 39 33 35 69 60 65 50 36 32767 32767 32767 32767 32767 32767 32767 32767 32767 32767 32767 32767 3 24 36 32767 32767 18 65 55 42 74 53 34 10 6 11 7 31 21 84 77 79 87 68 67 85 66 65 71 76 60 88 98 91 93 97 110 105 40 55 80 89 88 83 94 96 71 94 83 71 92 54 33 39
-9999 -9999 -9999 80 36 22 22 16 14 29 27 27 36 28 28 12 11 32767 32767 5 28 41 54 61 60 68 55 32767 32767 32767 32767 32767 32767 32767 32767 32767 32767 32767 32767 32767 32767 32767 32767 32767 32767 32767 5 44 61 67 82 46 13 5 11 13 6 21 83 74 76 98 99 94 95 81 69 84 67 66 89 99 93 94 97 87 103 118 61 93 89 93 79 106 91 63 96 111 75 78 57 46 35
-9999 -9999 -9999 91 69 34 22 23 22 32 27 20 32 18 29 12 32767 11 13 13 24 30 40 57 65 71 32767 32767 32767 32767 32767 32767 32767 32767 32767 32767 32767 32767 32767 32767 32767 32767 32767 32767 32767 0 32767 47 86 92 126 47 35 7 14 30 4 21 102 77 96 105 90 74 96 94 69 74 97 65 78 78 77 83 81 88 95 103 53 86 99 93 85 80 102 69 76 101 56 75 42 45 33
-9999 -9999 -9999 86 87 70 44 34 34 18 20 26 38 30 15 32767 32 34 19 21 20 41 43 56 66 70 32767 32767 32767 32767 32767 32767 32767 32767 32767 32767 32767 32767 32767 32767 32767 32767 32767 32767 32767 32767 32767 50 39 83 106 71 37 13 14 26 26 62 105 98 100 106 99 95 103 102 89 71 71 78 76 95 98 99 79 63 64 93 65 77 98 94 84 108 64 68 66 69 90 53 64 63 49
-9999 -9999 -9999 75 82 101 70 41 40 25 20 16 38 25 31 11 14 13 24 38 21 48 78 67 54 61 61 32767 32767 32767 32767 32767 32767 32767 32767 32767 32767 32767 32767 32767 32767 32767 32767 32767 32767 51 55 55 40 60 69 76 61 20 11 29 32 79 80 82 102 103 102 103 102 102 103 95 70 83 82 86 88 77 81 89 98 105 73 41 91 102 84 54 86 69 67 88 91 42 56 67 46
-9999 -9999 -9999 63 59 65 64 64 63 41 24 28 22 40 32767 12 10 29 26 20 20 34 42 51 51 64 50 53 32767 32767 32767 32767 11 32767 32767 32767 32767 32767 32767 32767 32767 32767 32767 32767 32767 45 56 49 39 49 48 41 51 12 9 7 27 41 57 72 85 86 86 94 94 103 103 95 71 99 82 94 86 88 94 88 89 101 77 86 54 74 95 96 105 88 87 97 90 55 70 106 51
-9999 -9999 -9999 31 39 37 46 50 52 47 34 28 28 32767 23 29 22 32 25 17 27 24 44 63 71 41 42 50 48 32767 5 9 15 32767 32767 32767 32767 32767 32767 32767 32767 32767 32767 32767 32767 43 53 55 50 44 49 51 31 9 12 10 12 33 11 57 75 94 94 94 94 93 68 66 64 95 84 84 86 85 84 96 101 103 106 95 103 71 126 94 78 106 98 72 91 70 88 102 67
-9999 -9999 -9999 24 34 36 34 29 32 39 27 32767 30 62 79 66 67 56 37 31 24 40 35 33 33 48 45 47 45 11 8 8 8 10 32767 32767 32767 32767 32767 32767 32767 32767 32767 26 32767 32767 50 48 54 52 56 76 37 35 19 31 9 43 28 55 96 97 86 87 70 69 63 97 56 102 94 84 82 91 84 88 97 90 102 100 83 72 77 92 55 100 114 98 95 50 48 52 50
-9999 -9999 -9999 27 14 20 22 28 21 31 32767 44 52 62 65 70 55 62 52 39 20 14 39 26 33 40 57 36 28 12 6 5 5 9 32767 32767 32767 32767 32767 32767 32767 32767 32767 32767 7 32767 11 62 53 61 59 63 22 27 45 38 12 48 31 26 93 97 84 85 89 85 85 101 78 94 92 64 97 77 84 84 93 79 101 87 99 86 87 94 76 84 93 96 110 40 42 54 62
-9999 -9999 -9999 45 34 20 21 26 29 32767 49 41 42 45 49 43 37 36 50 32 27 23 27 32 29 52 63 60 45 11 8 9 10 11 7 32767 32767 32767 32767 32767 32767 32767 32767 32767 32767 32767 32767 46 62 65 31 32767 32767 56 49 30 45 40 32 19 90 90 85 81 80 83 84 75 77 63 78 72 92 80 86 93 77 70 76 96 99 103 69 100 82 87 81 95 71 33 36 42 61
-9999 -9999 -9999 37 22 22 19 30 32767 30 28 26 28 32 30 33 28 27 31 25 27 28 29 17 27 63 61 59 48 12 9 9 8 4 8 32767 32767 32767 32767 32767 32767 32767 32767 32767 32767 32767 32767 32767 42 59 27 32767 32767 50 48 52 32 28 37 18 71 85 73 72 84 69 71 70 76 83 98 92 103 91 75 99 66 69 105 99 94 114 71 86 115 87 103 97 80 49 41 35 36
-9999 -9999 -9999 24 27 26 24 32767 24 35 26 26 33 26 22 26 28 28 28 34 29 24 20 22 26 67 90 71 32 19 6 4 3 3 7 8 32767 32767 32767 32767 32767 32767 32767 32767 32767 32767 32767 32767 32767 49 32767 32767 32767 48 48 21 34 50 33 37 71 98 102 85 61 65 92 91 74 86 96 75 96 85 80 82 96 103 100 97 91 104 83 65 85 78 86 114 107 60 30 34 31
-9999 -9999 20 34 22 31 32767 17 33 34 32 29 25 25 18 18 30 37 37 32 25 30 20 14 39 52 52 53 49 45 9 6 2 2 3 3 3 32767 32767 32767 32767 32767 32767 32767 32767 32767 32767 4 32767 13 12 32767 32767 71 39 47 38 30 34 50 61 9 36 49 9 11 11 10 8 62 75 76 107 77 68 78 96 95 95 102 93 93 83 82 77 73 66 114 71 55 34 24 33
-9999 -9999 13 22 26 32767 32767 29 36 32 30 27 29 28 28 26 22 27 28 27 26 31 22 26 37 45 30 27 28 35 33 7 2 2 3 3 3 9 9 32767 32767 32767 32767 32767 32767 32767 32767 32767 32767 32767 6 32767 32767 44 45 27 49 34 36 37 37 1 1 2 2 2 2 2 1 21 76 72 92 94 82 82 102 52 53 83 86 91 102 54 97 76 73 88 73 38 30 25 18
-9999 -9999 12 29 32 18 11 21 37 32 31 29 22 24 33 24 27 20 28 28 28 27 31 24 52 33 29 26 25 44 34 28 7 2 2 3 3 32767 4 20 32767 32767 32767 32767 32767 32767 32767 32767 32767 32767 32767 41 53 40 45 32 40 24 24 36 31 3 2 3 3 4 4 4 3 12 33 70 88 109 65 96 45 31 21 19 23 69 91 52 60 82 72 88 102 73 28 55 33
-9999 -9999 13 36 17 21 18 26 33 31 21 23 30 31 29 22 26 25 25 41 26 28 23 37 35 8 9 13 47 50 54 46 19 2 2 3 9 32767 36 21 24 32767 32767 32767 32767 32767 32767 32767 32767 32767 32767 39 79 60 44 39 45 40 42 23 21 23 2 3 3 3 4 4 4 3 75 77 77 80 88 17 19 34 25 11 20 60 78 104 48 75 72 106 83 72 49 55 30
-9999 -9999 22 24 21 15 14 37 22 22 21 20 31 32 21 22 27 44 32 39 42 20 19 35 36 19 12 11 44 58 44 36 19 8 7 3 4 7 18 25 31 32767 32767 32767 32767 32767 32767 32767 32767 32767 32767 32767 78 59 58 38 37 36 45 34 36 24 14 2 3 3 3 4 4 2 8 80 92 80 94 32 20 34 17 27 27 22 61 85 56 76 82 102 100 106 40 21 6
-9999 -9999 7 16 7 12 15 21 27 22 20 19 29 24 28 28 28 24 14 40 42 27 19 43 23 27 13 12 36 45 35 43 18 8 3 2 32767 9 22 27 26 27 26 26 32767 32767 32767 32767 32767 32767 6 32767 31 44 53 36 35 43 41 28 19 25 24 14 1 3 2 3 4 2 28 81 88 88 74 22 34 34 11 27 25 6 35 88 42 83 83 73 108 82 36 5 20
-9999 -9999 -9999 8 7 13 30 21 27 22 22 21 22 21 17 14 23 32 30 14 26 23 19 26 29 36 22 27 22 34 30 25 30 30 9 8 32767 38 21 33 32 34 24 41 40 32767 32767 32767 32767 32767 32767 32767 32767 46 65 47 38 43 50 34 25 21 20 30 1 2 2 3 3 2 105 75 87 92 93 87 21 11 10 22 11 11 8 53 38 59 48 81 100 84 2 14 21
-9999 -9999 -9999 7 6 14 14 29 21 22 21 21 27 23 14 21 30 31 21 22 26 26 23 20 17 49 46 41 36 42 39 36 34 30 23 15 32767 42 35 31 35 35 21 34 30 19 32767 32767 32767 32767 32767 32767 32767 28 58 49 60 39 56 38 42 20 26 26 20 3 3 3 4 6 74 73 88 90 87 54 41 21 8 29 25 11 25 25 70 53 72 82 58 72 1 21 21
-9999 -9999 -9999 -9999 7 8 21 23 21 16 17 16 31 19 22 26 19 21 22 15 17 18 20 14 14 19 28 35 37 34 24 30 22 27 32 12 13 38 20 36 30 37 38 22 36 32 10 32767 32767 32767 32767 32767 32767 32767 45 49 55 57 57 44 51 26 21 37 14 4 3 4 4 4 52 76 89 87 98 77 76 19 27 35 31 23 37 11 74 71 73 98 74 53 1 21 19
