ValueNro_2398/sve_ValueNro_2398_dem_16mo.asc
ncols        141
nrows        228
xllcorner    356256.000000000000
yllcorner    6857312.000000000000
cellsize     16.000000000000
NODATA_value  -9999
[rows 168 to 188 of 228, columns 92 to 137 of 141]
142.4499969482421875 142.5099945068359375 142.4680023193359375 142.5780029296875 143.0590057373046875 142.697998046875 142.707000732421875 142.7039947509765625 142.6609954833984375 142.6049957275390625 142.63299560546875 142.615997314453125 142.641998291015625 142.66900634765625 142.5330047607421875 142.6309967041015625 142.623992919921875 142.66900634765625 142.876007080078125 150.7819976806640625 157.626007080078125 158.6710052490234375 159.78900146484375 161.60400390625 161.9969940185546875 162.3769989013671875 162.7389984130859375 159.15899658203125 162.3329925537109375 165.9539947509765625 166.3679962158203125 164.38800048828125 164.4600067138671875 166.1009979248046875 165.055999755859375 -9999 -9999 -9999 -9999 -9999 -9999 -9999 -9999 -9999 -9999 -9999
142.4160003662109375 142.468994140625 142.4739990234375 142.3910064697265625 142.7760009765625 142.944000244140625 142.6649932861328125 143.1880035400390625 142.7310028076171875 142.6820068359375 142.701995849609375 142.613006591796875 142.61700439453125 142.555999755859375 142.4409942626953125 142.5330047607421875 142.535003662109375 142.406005859375 145.751007080078125 153.686004638671875 158.3639984130859375 158.13800048828125 159.5570068359375 161.531005859375 160.917999267578125 159.253997802734375 156.6410064697265625 157.5260009765625 162.5659942626953125 165.925994873046875 166.1779937744140625 164.246002197265625 161.6060028076171875 162.656005859375 -9999 -9999 -9999 -9999 -9999 -9999 -9999 -9999 -9999 -9999 -9999 -9999
142.511993408203125 141.936004638671875 142.3820037841796875 142.3820037841796875 142.7960052490234375 142.897003173828125 142.4929962158203125 142.800994873046875 142.5670013427734375 142.6360015869140625 142.147003173828125 142.6100006103515625 142.623992919921875 142.5059967041015625 142.4949951171875 142.4709930419921875 142.4499969482421875 142.2729949951171875 147.0399932861328125 152.9019927978515625 156.91400146484375 157.4290008544921875 160.279998779296875 161.40899658203125 158.9340057373046875 155.5919952392578125 155.2769927978515625 157.8249969482421875 163.072998046875 166.49200439453125 164.8209991455078125 163.7790069580078125 160.4210052490234375 159.1230010986328125 -9999 -9999 -9999 -9999 -9999 -9999 -9999 -9999 -9999 -9999 -9999 -9999
142.3650054931640625 142.240997314453125 142.32000732421875 142.298004150390625 142.4709930419921875 142.7819976806640625 142.6199951171875 142.712005615234375 142.97900390625 142.5050048828125 142.6540069580078125 142.535003662109375 142.410003662109375 142.503997802734375 142.457000732421875 142.35699462890625 142.2830047607421875 142.1190032958984375 146.061004638671875 150.7960052490234375 153.1670074462890625 156.4149932861328125 158.8549957275390625 158.2649993896484375 155.4250030517578125 154.287994384765625 154.805999755859375 159.766998291015625 160.1529998779296875 163.4250030517578125 162 161.5290069580078125 159.240997314453125 157.7760009765625 -9999 -9999 -9999 -9999 -9999 -9999 -9999 -9999 -9999 -9999 -9999 -9999
142.1820068359375 142.3000030517578125 142.21099853515625 142.2949981689453125 142.253997802734375 142.6670074462890625 142.462005615234375 142.7530059814453125 142.852996826171875 142.4019927978515625 142.5370025634765625 142.0980072021484375 142.53399658203125 142.516998291015625 142.5709991455078125 142.4219970703125 142.2830047607421875 142.0460052490234375 143.4709930419921875 147.173004150390625 151.3119964599609375 153.84100341796875 154.7220001220703125 155.587005615234375 153.313995361328125 153.2239990234375 156.5 158.201995849609375 157.1959991455078125 160.0579986572265625 160.3860015869140625 160.1909942626953125 158.300994873046875 156.8639984130859375 -9999 -9999 -9999 -9999 -9999 -9999 -9999 -9999 -9999 -9999 -9999 -9999
142.0930023193359375 142.1670074462890625 142.0709991455078125 142.2910003662109375 142.261993408203125 142.3820037841796875 142.7790069580078125 143.1179962158203125 143.4530029296875 142.7440032958984375 142.5110015869140625 142.0240020751953125 142.509002685546875 142.4120025634765625 142.4279937744140625 142.3560028076171875 142.23699951171875 142.1779937744140625 142.1869964599609375 143.02099609375 146.6060028076171875 150.457000732421875 152.0330047607421875 153.188995361328125 151.8730010986328125 152.71600341796875 155.9499969482421875 156.1750030517578125 155.8860015869140625 157.2299957275390625 158.238006591796875 158.3090057373046875 157.641998291015625 157.10400390625 -9999 -9999 -9999 -9999 -9999 -9999 -9999 -9999 -9999 -9999 -9999 -9999
142.0200042724609375 142.1479949951171875 142.1999969482421875 142.1719970703125 142.2480010986328125 142.2180023193359375 142.1840057373046875 142.7220001220703125 143.30499267578125 142.9010009765625 142.46600341796875 142.4839935302734375 142.4510040283203125 142.4429931640625 142.410003662109375 142.3520050048828125 142.1529998779296875 142.1320037841796875 142.0679931640625 142.0160064697265625 143.4199981689453125 148.6920013427734375 150.3419952392578125 151.16900634765625 150.4170074462890625 153.9080047607421875 154.2649993896484375 153.761993408203125 150.4600067138671875 152.0619964599609375 151.475006103515625 156.1959991455078125 157.72900390625 156.6510009765625 -9999 -9999 -9999 -9999 -9999 -9999 -9999 -9999 -9999 -9999 -9999 -9999
142.0449981689453125 142.0359954833984375 142.003997802734375 141.8489990234375 142.2429962158203125 142.22900390625 142.2129974365234375 142.2700042724609375 143.029998779296875 143.1219940185546875 142.447998046875 142.436004638671875 141.9239959716796875 142.399993896484375 142.40899658203125 142.410003662109375 142.15899658203125 142.11700439453125 142.1479949951171875 141.93499755859375 142.59100341796875 148.5420074462890625 150.764007568359375 147.5420074462890625 148.68499755859375 150.253997802734375 148.4459991455078125 149.4530029296875 148.917999267578125 149.7550048828125 152.311004638671875 154.8950042724609375 155.28399658203125 154.707000732421875 -9999 -9999 -9999 -9999 -9999 -9999 -9999 -9999 -9999 -9999 -9999 -9999
142.0460052490234375 142.001007080078125 142.0410003662109375 142.0149993896484375 142.0789947509765625 142.23199462890625 142.3390045166015625 142.2769927978515625 142.9759979248046875 142.9149932861328125 142.77099609375 142.3079986572265625 142.248992919921875 142.3379974365234375 142.4170074462890625 142.3589935302734375 142.1280059814453125 142.292999267578125 142.19500732421875 142.121002197265625 142.186004638671875 144.9380035400390625 148.0319976806640625 145.985992431640625 145.6439971923828125 146.0529937744140625 146.246002197265625 147.67999267578125 149.03900146484375 151.9320068359375 152.886993408203125 153.5879974365234375 153.39300537109375 150.8820037841796875 149.1320037841796875 -9999 -9999 -9999 -9999 -9999 -9999 -9999 -9999 -9999 -9999 -9999
142.0059967041015625 142.037994384765625 141.990997314453125 141.875 141.8899993896484375 141.9510040283203125 142.016998291015625 142.0460052490234375 142.43499755859375 142.983001708984375 142.9250030517578125 142.7480010986328125 142.313995361328125 142.475006103515625 142.389007568359375 142.3220062255859375 142.3159942626953125 142.322998046875 142.235992431640625 142.3029937744140625 142.0879974365234375 142.3249969482421875 144.240997314453125 143.9850006103515625 144.7449951171875 145.863006591796875 147.427001953125 148.0930023193359375 152.4290008544921875 157.1349945068359375 155.069000244140625 153.2599945068359375 150.009002685546875 149.162994384765625 148.6100006103515625 -9999 -9999 -9999 -9999 -9999 -9999 -9999 -9999 -9999 -9999 -9999
141.9940032958984375 142.029998779296875 142.0529937744140625 141.9369964599609375 141.8719940185546875 141.9739990234375 141.97900390625 142.00799560546875 142.3650054931640625 143.0399932861328125 142.91400146484375 142.805999755859375 142.4369964599609375 142.154998779296875 142.41400146484375 142.475006103515625 142.2870025634765625 142.2530059814453125 142.2910003662109375 142.225006103515625 142.1750030517578125 142.3520050048828125 143.3209991455078125 143.865997314453125 144.8179931640625 147.9250030517578125 148.8070068359375 149.4759979248046875 154.2740020751953125 158.4969940185546875 156.9320068359375 154.048004150390625 150.1909942626953125 148.5469970703125 149.1009979248046875 -9999 -9999 -9999 -9999 -9999 -9999 -9999 -9999 -9999 -9999 -9999
141.9770050048828125 142.0030059814453125 142.01800537109375 142.001007080078125 141.8809967041015625 141.8899993896484375 141.9669952392578125 142.1710052490234375 142.173004150390625 142.8549957275390625 143.248992919921875 142.6620025634765625 142.5399932861328125 142.360992431640625 142.4739990234375 142.33099365234375 142.2180023193359375 142.2870025634765625 142.225006103515625 142.1519927978515625 142.0670013427734375 142.1719970703125 142.615997314453125 143.7870025634765625 145.9239959716796875 149.6580047607421875 151.07000732421875 151.8509979248046875 156.082000732421875 157.08599853515625 158.1829986572265625 156.7429962158203125 151.5679931640625 148.66400146484375 150.11199951171875 -9999 -9999 -9999 -9999 -9999 -9999 -9999 -9999 -9999 -9999 -9999
141.9069976806640625 141.9550018310546875 141.98699951171875 141.9969940185546875 141.6349945068359375 141.863006591796875 141.923004150390625 141.930999755859375 141.8300018310546875 142.746002197265625 143.24200439453125 142.7440032958984375 142.423004150390625 142.313995361328125 142.332000732421875 142.2010040283203125 142.2550048828125 142.2610015869140625 142.2949981689453125 142.17999267578125 142.175994873046875 142.3690032958984375 142.8699951171875 143.6300048828125 144.9149932861328125 148.2089996337890625 151.3170013427734375 151.7989959716796875 154.5780029296875 156.128997802734375 157.0670013427734375 152.3249969482421875 148.123992919921875 148.2700042724609375 157.574005126953125 159.5290069580078125 156.0890045166015625 -9999 -9999 -9999 -9999 -9999 -9999 -9999 -9999 -9999
141.9120025634765625 141.8979949951171875 141.90899658203125 141.938995361328125 141.6410064697265625 141.8419952392578125 141.985992431640625 141.8249969482421875 141.845001220703125 142.5059967041015625 143.227996826171875 143.0149993896484375 142.4409942626953125 142.337005615234375 141.858001708984375 142.3950042724609375 142.2519989013671875 142.2440032958984375 142.23699951171875 142.18499755859375 142.0469970703125 142.30499267578125 142.5160064697265625 143.01800537109375 144.225006103515625 146.264007568359375 149.96600341796875 151.4799957275390625 152.1100006103515625 154.80999755859375 155.281005859375 148.720001220703125 147.7169952392578125 149.0540008544921875 160.697998046875 161.44500732421875 160.1269989013671875 -9999 -9999 -9999 -9999 -9999 -9999 -9999 -9999 -9999
141.910003662109375 141.9019927978515625 141.9770050048828125 141.9199981689453125 141.7429962158203125 141.89599609375 141.8489990234375 141.850006103515625 141.8600006103515625 142.2230072021484375 143.233001708984375 143.2729949951171875 142.9010009765625 142.2660064697265625 142.3390045166015625 142.3509979248046875 142.3509979248046875 142.25799560546875 142.1779937744140625 142.14300537109375 142.087005615234375 142.1049957275390625 142.1139984130859375 142.6150054931640625 143.4810028076171875 145.227996826171875 147.772003173828125 150.589996337890625 151.305999755859375 152.197998046875 149.9889984130859375 148.2100067138671875 147.2079925537109375 148.69000244140625 157.71600341796875 161.574005126953125 160.7050018310546875 159.53399658203125 -9999 -9999 -9999 -9999 -9999 -9999 -9999 -9999
141.8379974365234375 141.889007568359375 141.886993408203125 141.860992431640625 141.7550048828125 141.7989959716796875 141.8170013427734375 141.832000732421875 141.86199951171875 141.9109954833984375 142.4969940185546875 143.3589935302734375 143.134002685546875 142.6230010986328125 142.214996337890625 142.0529937744140625 142.2299957275390625 142.23699951171875 142.1829986572265625 142.246002197265625 142.08599853515625 142.0019989013671875 142.1089935302734375 142.33599853515625 143.69000244140625 144.9380035400390625 146.4759979248046875 149.06500244140625 151.134002685546875 151.0890045166015625 148.625 146.80499267578125 147.214996337890625 149.36700439453125 152.91900634765625 157.1360015869140625 158.2220001220703125 156.7920074462890625 -9999 -9999 -9999 -9999 -9999 -9999 -9999 -9999
141.7910003662109375 141.8280029296875 141.813995361328125 141.843994140625 141.8549957275390625 141.7899932861328125 141.800994873046875 141.8679962158203125 141.74200439453125 141.673004150390625 141.8979949951171875 143.0980072021484375 142.9459991455078125 142.68499755859375 142.417999267578125 142.1620025634765625 142.188995361328125 142.2480010986328125 142.2140045166015625 142.2140045166015625 142.024993896484375 142.0410003662109375 142.0720062255859375 142.3280029296875 142.58099365234375 145.0269927978515625 146.128997802734375 148.0240020751953125 149.6450042724609375 150.6569976806640625 147.73199462890625 146.5189971923828125 147.19000244140625 148.332000732421875 148.8809967041015625 150.2220001220703125 153.2389984130859375 154.042999267578125 -9999 -9999 -9999 -9999 -9999 -9999 -9999 -9999
141.72900390625 141.72900390625 141.6510009765625 141.8119964599609375 141.7440032958984375 141.7870025634765625 141.774993896484375 141.832000732421875 141.8379974365234375 141.8159942626953125 141.5540008544921875 142.53399658203125 142.875 142.7209930419921875 142.4170074462890625 142.0760040283203125 142.1959991455078125 142.1779937744140625 142.2729949951171875 142.069000244140625 142.05999755859375 142.074005126953125 142.082000732421875 142.2559967041015625 143.608001708984375 144.811004638671875 146.1699981689453125 147.5749969482421875 148.46099853515625 147.3170013427734375 145.9600067138671875 147.0959930419921875 148.352996826171875 149.115997314453125 151.2530059814453125 152.7570037841796875 152.9949951171875 155.1739959716796875 -9999 -9999 -9999 -9999 -9999 -9999 -9999 -9999
141.6820068359375 141.707000732421875 141.7259979248046875 141.675994873046875 141.6349945068359375 141.625 141.7089996337890625 141.8289947509765625 141.7169952392578125 141.6909942626953125 141.7140045166015625 141.5659942626953125 142.7899932861328125 142.798004150390625 142.3300018310546875 142.1230010986328125 141.6320037841796875 142.1710052490234375 142.14300537109375 141.876007080078125 142.072998046875 142.11700439453125 142.1779937744140625 142.186004638671875 143.3600006103515625 145.10699462890625 146.4730072021484375 147.3560028076171875 147.7180023193359375 145.386993408203125 147.128997802734375 152.751007080078125 150.50799560546875 154.7339935302734375 156.373992919921875 156.76800537109375 158.3600006103515625 159.2559967041015625 157.7779998779296875 -9999 -9999 -9999 -9999 -9999 -9999 -9999
141.6959991455078125 141.656005859375 141.6439971923828125 141.6280059814453125 141.6540069580078125 141.608001708984375 141.677001953125 141.781005859375 141.6490020751953125 141.6719970703125 141.6150054931640625 141.5460052490234375 141.930999755859375 142.79400634765625 142.3119964599609375 142.0529937744140625 142.074005126953125 142.05499267578125 142.09100341796875 141.6410064697265625 142.05499267578125 142.05999755859375 142.0749969482421875 142.149993896484375 144.1829986572265625 144.9640045166015625 147.0099945068359375 147.2140045166015625 145.0970001220703125 144.9149932861328125 154.2449951171875 156.9109954833984375 157.0059967041015625 155.83599853515625 156.6519927978515625 158.615997314453125 159.70599365234375 160.1540069580078125 158.7899932861328125 160.371002197265625 -9999 -9999 -9999 -9999 -9999 -9999
141.6360015869140625 141.662994384765625 141.6970062255859375 141.6439971923828125 141.58599853515625 141.531005859375 141.5110015869140625 141.3950042724609375 141.4539947509765625 141.4949951171875 141.5879974365234375 141.3899993896484375 141.4010009765625 142.6190032958984375 142.2079925537109375 141.990997314453125 141.9889984130859375 141.774993896484375 142.1490020751953125 141.8300018310546875 142.1349945068359375 142.11199951171875 142.050994873046875 142.149993896484375 143.8029937744140625 144.628997802734375 146.5229949951171875 147.0659942626953125 143.98199462890625 147.3000030517578125 155.4579925537109375 158.962005615234375 160.3179931640625 159.281005859375 158.2010040283203125 158.6439971923828125 159.6399993896484375 159.845001220703125 159.964996337890625 160.1609954833984375 160.0590057373046875 -9999 -9999 -9999 -9999 -9999
