ValueNro_2398/sve_ValueNro_2398_flow_accum_D-inf_grids.asc
ncols        141
nrows        228
xllcorner    356256.000000000000
yllcorner    6857312.000000000000
cellsize     16.000000000000
NODATA_value  -9999
[rows 92 to 114 of 228, columns 50 to 99 of 141]
-9999 -9999 -9999 -9999 -9999 -9999 -9999 -9999 -9999 -9999 -9999 -9999 -9999 -9999 -9999 -9999 -9999 -9999 -9999 -9999 -9999 -9999 -9999 -9999 -9999 -9999 -9999 22.044445037841796875 25.955554962158203125 31.288888931274414062 205.8540191650390625 2591.282958984375 121.764892578125 29.748147964477539062 24.53333282470703125 32 23.46666717529296875 16 23.111110687255859375 19.840000152587890625 272.520599365234375 38.044445037841796875 16 16 43.022220611572265625 44.507656097412109375 53876.9375 163.0711517333984375 125.76976776123046875 113.3385467529296875
-9999 -9999 -9999 -9999 -9999 -9999 -9999 -9999 -9999 -9999 -9999 -9999 -9999 -9999 -9999 -9999 -9999 -9999 -9999 -9999 -9999 -9999 -9999 -9999 -9999 -9999 -9999 -9999 36.764446258544921875 52.479999542236328125 2987.644287109375 165.262908935546875 20.977777481079101562 16 46.9333343505859375 94.15472412109375 556.04058837890625 509.3917236328125 480.23614501953125 425.12506103515625 65.77777862548828125 25.955554962158203125 16 16 35.200000762939453125 56.604442596435546875 53981.54296875 88.6669769287109375 106.67083740234375 48.560756683349609375
-9999 -9999 -9999 -9999 -9999 -9999 -9999 -9999 -9999 -9999 -9999 -9999 -9999 -9999 -9999 -9999 -9999 -9999 -9999 -9999 -9999 -9999 -9999 -9999 -9999 -9999 -9999 -9999 -9999 -9999 16 16 16 219.66729736328125 705.30279541015625 590.52587890625 48 16 16 16 38.40000152587890625 48 16 16 32 32 56.177776336669921875 54294.5703125 51.6112213134765625 134.59259033203125
-9999 -9999 -9999 -9999 -9999 -9999 -9999 -9999 -9999 -9999 -9999 -9999 -9999 -9999 -9999 -9999 -9999 -9999 -9999 -9999 -9999 -9999 -9999 -9999 -9999 -9999 -9999 -9999 -9999 23.822221755981445312 16 16 235.66729736328125 570.9688720703125 16 16 16 16 16 16 27.022222518920898438 16 16 16 16 40.177776336669921875 45.511112213134765625 29.558519363403320312 54552.203125 238.77142333984375
-9999 -9999 -9999 -9999 -9999 -9999 -9999 -9999 -9999 -9999 -9999 -9999 -9999 -9999 -9999 -9999 -9999 -9999 -9999 -9999 -9999 -9999 -9999 -9999 -9999 -9999 -9999 -9999 16 16 18.133333206176757812 129.370635986328125 431.30364990234375 344.45074462890625 27.022222518920898438 16 16 25.600000381469726562 33.422222137451171875 251.022216796875 188.8000030517578125 140.8000030517578125 27.117036819458007812 23.822221755981445312 24.177778244018554688 29.511110305786132812 18.488889694213867188 28.397037506103515625 26.156774520874023438 55700.26953125
-9999 -9999 -9999 -9999 -9999 -9999 -9999 -9999 -9999 -9999 -9999 -9999 -9999 -9999 -9999 -9999 -9999 -9999 -9999 -9999 -9999 -9999 -9999 -9999 -9999 -9999 -9999 16 16 16 21.641481399536132812 664.675537109375 593.1094970703125 31.383703231811523438 20.977777481079101562 16 16 51.713581085205078125 356.108642578125 53.333332061767578125 23.111110687255859375 27.022222518920898438 97.68296051025390625 16 16 16 16 24.53333282470703125 32.9007415771484375 55896.91796875
-9999 -9999 -9999 -9999 46.9333343505859375 16 16 32 1049028.375 -9999 -9999 -9999 -9999 -9999 -9999 -9999 -9999 -9999 -9999 -9999 -9999 -9999 -9999 -9999 -9999 -9999 17.422222137451171875 16 16 16 722.11114501953125 375.021759033203125 16 21.594074249267578125 20.977777481079101562 29.15555572509765625 81.5802459716796875 382.41973876953125 16 16 16 16 32 16 16 16 16 17.066667556762695312 26.619258880615234375 56043.78125
-9999 -9999 -9999 355643.65625 32 16 16 32 1049175.875 99.40517425537109375 -9999 -9999 -9999 -9999 -9999 -9999 -9999 -9999 -9999 -9999 -9999 -9999 -9999 -9999 -9999 16 16 1631.7860107421875 18.84444427490234375 2131.791748046875 1502.5003662109375 969.2611083984375 199.730377197265625 217.6662750244140625 249.0228271484375 480.639129638671875 410.5323486328125 25.955554962158203125 16 16 16 16 16 16 48.71111297607421875 16 32 40.177776336669921875 52.803951263427734375 56259.16796875
22.399999618530273438 73.38666534423828125 1408740.25 1053040 16 16 16 32 1049816.25 592.38360595703125 600.4110107421875 -9999 -9999 -9999 -9999 -9999 -9999 -9999 -9999 -9999 -9999 -9999 -9999 -9999 2452.51953125 2376.65087890625 2359.93994140625 664.86492919921875 2227.19921875 36.867160797119140625 16 47.3631591796875 738.05609130859375 598.16253662109375 411.14288330078125 116.5862274169921875 52.64592742919921875 27.733333587646484375 25.955554962158203125 36.977779388427734375 33.0666656494140625 16 16 16 47.28888702392578125 90.98271942138671875 32 54.40000152587890625 63.29679107666015625 56483.0703125
93.5111083984375 1408898 64 16 1053008.375 16 16 16 1051500 717.34228515625 16 -9999 -9999 -9999 -9999 -9999 -9999 -9999 -9999 -9999 -9999 -9999 -9999 37.333332061767578125 26.666666030883789062 59.86849212646484375 16 16 16.355556488037109375 36.503704071044921875 16 16.711111068725585938 34.702220916748046875 60.310123443603515625 99.0797271728515625 34.60477447509765625 20.930370330810546875 27.535802841186523438 51.78469085693359375 62.45767974853515625 43.82814788818359375 33.422222137451171875 16 16 16 51.950618743896484375 125.45404815673828125 113.2037200927734375 32.92444610595703125 57742.4609375
1409144.25 16 16 16 116.7893218994140625 1052843.625 1052798.75 1052750.75 16 950.403076171875 1578.020263671875 1167.6002197265625 171.6512908935546875 93.9851226806640625 64.12564849853515625 150.3848419189453125 115.4001617431640625 37.759998321533203125 17.066667556762695312 16 16 22.676542282104492188 23.111110687255859375 16 21.333333969116210938 16 43.86849212646484375 40.45426177978515625 34.388805389404296875 16 20.503704071044921875 20.266666412353515625 16 25.600000381469726562 41.481479644775390625 40.651851654052734375 16 56.19428253173828125 109.25620269775390625 73.998046875 56.340541839599609375 38.257778167724609375 19.200000762939453125 16 16 32 77.92372894287109375 131.603057861328125 58067.484375 31.291734695434570312
143.1926422119140625 1409332.25 16 97.58931732177734375 16 16 16 1054.6893310546875 148.145721435546875 63.898174285888671875 57.725185394287109375 394.419952392578125 1325.066162109375 245.752777099609375 93.990966796875 45.129497528076171875 22.413167953491210938 57.718517303466796875 39.822223663330078125 16 35.3470611572265625 62.186985015869140625 49.486053466796875 35.8779144287109375 30.84503936767578125 23.035406112670898438 35.177032470703125 98.8689117431640625 136.7519378662109375 123.49629974365234375 58.785186767578125 33.77777862548828125 16 16 16 27.733333587646484375 17.801481246948242188 84.4716033935546875 213.8434906005859375 75.38378143310546875 66.41619873046875 44.586666107177734375 32 16 16 31.288888931274414062 67.01036834716796875 103.09722137451171875 58236.08984375 49.510608673095703125
126.8703155517578125 1409519.5 41.117145538330078125 24.217283248901367188 81.58931732177734375 36.224819183349609375 560.43243408203125 433.34576416015625 56.138896942138671875 57.0197601318359375 47.898174285888671875 64.74597930908203125 116.21047210693359375 1157.6346435546875 428.825592041015625 87.609619140625 84.80086517333984375 73.7152099609375 55.060394287109375 51.3470611572265625 58.8399200439453125 24.17562103271484375 31.34925079345703125 48.590213775634765625 40.543292999267578125 73.588165283203125 147.23272705078125 92.26201629638671875 16 16 48.71111297607421875 25.955554962158203125 16 16 16 20.266666412353515625 39.087406158447265625 63.63549041748046875 386.348480224609375 82.19173431396484375 52.12286376953125 43.243457794189453125 29.15555572509765625 16 16 33.0666656494140625 32.9007415771484375 44.62933349609375 58326.984375 30.262994766235351562
86.44318389892578125 1409690.875 70.901214599609375 40.49382781982421875 18.488889694213867188 44.046749114990234375 49.883129119873046875 833.48651123046875 83.9511566162109375 53.125011444091796875 52.73969268798828125 55.208377838134765625 39.46929931640625 242.372650146484375 709.08465576171875 867.08001708984375 632.316650390625 197.59332275390625 73.40511322021484375 90.0173797607421875 40.17562103271484375 46.901027679443359375 66.42487335205078125 51.203258514404296875 104.676788330078125 141.4869537353515625 69.30693817138671875 43.733333587646484375 32 16 28.799999237060546875 16 43.377777099609375 16 16 16 34.133335113525390625 54.114501953125 526.1219482421875 91.79741668701171875 53.56615447998046875 43.57530975341796875 34.488887786865234375 16 16 16.711111068725585938 16 23.111110687255859375 58414.32421875 48.22934722900390625
16 1409778.5 53.679393768310546875 52.9866485595703125 42.666667938232421875 16 54.874073028564453125 16.711111068725585938 807.8311767578125 154.58917236328125 34.643291473388671875 50.099578857421875 29.079553604125976562 30.174814224243164062 340.86279296875 81.8185272216796875 267.24114990234375 665.0501708984375 135.235260009765625 70.3519744873046875 62.901027679443359375 77.996551513671875 59.37078857421875 104.39373016357421875 174.0312957763671875 102.82691192626953125 59.733333587646484375 29.779752731323242188 20.622222900390625 56.177776336669921875 54.82666778564453125 59.377777099609375 132.622222900390625 79.64444732666015625 16 16 25.244443893432617188 39.000492095947265625 541.2642822265625 268.88275146484375 74.53182220458984375 44.29431915283203125 29.15555572509765625 16 28.088888168334960938 36.622222900390625 16 16 58457.85546875 20.906665802001953125
16 1410199.375 388.848876953125 309.625701904296875 192.1995697021484375 16 23.585186004638671875 16 656.00048828125 74.05893707275390625 176.3876800537109375 22.674274444580078125 37.54279327392578125 34.622344970703125 16.355556488037109375 324.86279296875 26.3111114501953125 16 622.00311279296875 142.4723968505859375 130.6760406494140625 68.7740325927734375 148.3737945556640625 212.5717010498046875 78.0244903564453125 53.87601470947265625 37.8384857177734375 38.60595703125 43.464691162109375 77.6090850830078125 180.6901702880859375 157.5111083984375 16 32.355556488037109375 31.644443511962890625 16 19.200000762939453125 28.373332977294921875 377.087921142578125 558.6484375 33.7177276611328125 40.62024688720703125 21.6888885498046875 36.29827117919921875 40.612346649169921875 46.111606597900390625 32 16 58483.23046875 35.626667022705078125
431.97784423828125 1410879.875 242.216094970703125 284.504302978515625 291.092620849609375 371.47528076171875 243.5592041015625 21.333333969116210938 373.664031982421875 239.1112518310546875 16 156.356689453125 108.42763519287109375 83.46755218505859375 18.045663833618164062 16 273.3388671875 46.6798248291015625 320.31201171875 233.486572265625 175.171112060546875 272.306915283203125 202.3746185302734375 96.56109619140625 62.692546844482421875 50.475063323974609375 22.86328125 56.43561553955078125 119.75760650634765625 232.96246337890625 82.9471588134765625 35.5555572509765625 16 16 16 16 28.799999237060546875 42.666667938232421875 139.1284027099609375 887.55804443359375 32.24810028076171875 44.709926605224609375 45.450534820556640625 59.151275634765625 37.659915924072265625 44.6916656494140625 67.55327606201171875 6528.00341796875 52036.72265625 55.9070281982421875
98.7459259033203125 1411045.25 43.16339874267578125 24.6748809814453125 87.3799896240234375 108.2425537109375 186.52679443359375 370.057586669921875 16 336.370208740234375 426.78289794921875 203.0225982666015625 79.82263946533203125 50.40048980712890625 80.104248046875 30.684955596923828125 177.907257080078125 67.6572113037109375 62.754184722900390625 225.9828948974609375 205.406951904296875 110.4414825439453125 121.13840484619140625 53.615528106689453125 67.35468292236328125 27.216680526733398438 16 612.44580078125 390.2470703125 102.740631103515625 48.79012298583984375 44.4444427490234375 24.888889312744140625 16 16 16 36.977779388427734375 24.95999908447265625 16 161.5283966064453125 8400.3359375 65727.0078125 65654.1953125 65562.0234375 65389.046875 64741.88671875 64194.6796875 741.333740234375 52150.99609375 57.617767333984375
485.036651611328125 1411153.5 90.10711669921875 66.81143951416015625 55.76708984375 66.8498687744140625 29.386400222778320312 19.473073959350585938 354.057586669921875 141.8890228271484375 193.3629150390625 283.30950927734375 149.066802978515625 16 34.89185333251953125 29.15555572509765625 60.074817657470703125 75.92307281494140625 73.43569183349609375 89.12435150146484375 82.264892578125 37.535717010498046875 238.9721832275390625 97.877532958984375 31.120378494262695312 16 792.237060546875 140.6801300048828125 80.3502960205078125 96.35994720458984375 63.0123443603515625 32.592594146728515625 26.666666030883789062 16 16 32 45.92197418212890625 59.03802490234375 16 25.600000381469726562 66874.4765625 20.029628753662109375 30.22222137451171875 33.0666656494140625 112.2501068115234375 1038.0885009765625 45.42307281494140625 57528.73828125 5313.7373046875 5251.40087890625
1412884.375 68.71254730224609375 56.477725982666015625 55.1968994140625 23.909337997436523438 20.936481475830078125 39.095310211181640625 21.6888885498046875 156.288360595703125 65.029937744140625 56.888874053955078125 117.47735595703125 267.30950927734375 129.5112457275390625 24.375308990478515625 18.84444427490234375 16 44.074817657470703125 34.145050048828125 42.975116729736328125 41.857936859130859375 266.64996337890625 87.3519287109375 142.812744140625 413.3070068359375 817.08642578125 24.888889312744140625 16 51.47208404541015625 42.00641632080078125 48.76203155517578125 45.66913604736328125 28.444444656372070312 16 21.6888885498046875 43.377777099609375 43.17919158935546875 61.4837188720703125 67184.984375 67066.359375 37.23851776123046875 18.133333206176757812 16 16 48 1069.62744140625 42.71091461181640625 31.304691314697265625 25.600000381469726562 33.422222137451171875
87.96681976318359375 1413164.875 196.371002197265625 173.0562744140625 106.9132080078125 69.70932769775390625 31.734518051147460938 16 16 108.30059814453125 68.22743988037109375 66.77265167236328125 123.41840362548828125 262.998321533203125 267.4078369140625 238.35498046875 222.35498046875 206.35498046875 190.35498046875 336.431060791015625 305.548248291015625 97.7326507568359375 273.190673828125 848.58203125 661.86273193359375 180.0306396484375 94.3106536865234375 62.014019012451171875 32.3634796142578125 38.755615234375 33.25278472900390625 24.849382400512695312 20.622222900390625 27.377777099609375 31.42321014404296875 27.085432052612304688 59.355712890625 67438.328125 121.47975921630859375 69.4069671630859375 83.03028106689453125 29.866666793823242188 16 16 16 1043.5897216796875 28.231111526489257812 17.422222137451171875 16 16
617.8076171875 1413927.125 49.83066558837890625 41.1454010009765625 94.295257568359375 86.743133544921875 44.85214996337890625 38.18666839599609375 25.600000381469726562 16 60.461124420166015625 28.270616531372070312 31.644443511962890625 107.69579315185546875 116.1004638671875 20.977777481079101562 16 101.67148590087890625 202.9061431884765625 16 78.9832611083984375 119.20536041259765625 975.55126953125 179.6927642822265625 70.47048187255859375 84.523162841796875 105.02703094482421875 40.741596221923828125 38.392131805419921875 38.168521881103515625 51.933643341064453125 25.165431976318359375 27.456790924072265625 43.377777099609375 34.15563201904296875 36.490360260009765625 67575.3671875 31.644443511962890625 16 128.28619384765625 30.60053253173828125 73.0026702880859375 71.25333404541015625 40.888889312744140625 16 403.802276611328125 623.78741455078125 30.577777862548828125 16 16
542.82000732421875 1414506.125 54.79668426513671875 67.14810943603515625 85.24684906005859375 82.00284576416015625 118.80512237548828125 94.1577606201171875 86.24356842041015625 77.6475830078125 51.905841827392578125 33.5881500244140625 20.266666412353515625 32 16 92.1755218505859375 162.8832550048828125 145.32354736328125 16 44.286285400390625 164.81622314453125 161.4806976318359375 1008.4957275390625 80.33405303955078125 47.2196044921875 54.03392791748046875 55.210544586181640625 103.79261016845703125 89.78790283203125 46.645839691162109375 48.314266204833984375 25.506940841674804688 51.7934722900390625 66.6995849609375 28.144224166870117188 67975.3828125 45.076541900634765625 16.355556488037109375 16 16 96.28619384765625 97.6453704833984375 68.92639923095703125 35.91110992431640625 16 25.955554962158203125 361.84674072265625 803.7828369140625 759.39019775390625 705.10870361328125
