ValueNro_2398/sve_ValueNro_2398_flow_accum_D-inf_grids.asc
ncols        141
nrows        228
xllcorner    356256.000000000000
yllcorner    6857312.000000000000
cellsize     16.000000000000
NODATA_value  -9999
[rows 138 to 160 of 228, columns 50 to 99 of 141]
83.87823486328125 86.35579681396484375 99.39768218994140625 16 22.399999618530273438 25.955554962158203125 21.440263748168945312 1761.8955078125 21.333333969116210938 26.666666030883789062 22.399999618530273438 41.59999847412109375 32.6527557373046875 57.93599700927734375 50.69268035888671875 51.7944793701171875 1514664 30.22222137451171875 34.97086334228515625 22.984691619873046875 16 28982.15234375 16 31.288888931274414062 16 16 16 24222.298828125 24155.455078125 24027.70703125 16 16 16 16 77.15555572509765625 16 16 16 20204.71875 29.866666793823242188 667.76751708984375 40.00745391845703125 97.30037689208984375 192.5535125732421875 206.5933685302734375 199.9482421875 140.4842987060546875 48 16 29.511110305786132812
106.905517578125 121.74044036865234375 240.3427886962890625 16 24.177778244018554688 30.593580245971679688 1607.2861328125 37.858921051025390625 36.90853118896484375 16 32 29.974958419799804688 46.070850372314453125 60.129383087158203125 53.69171905517578125 49.74588775634765625 19.462175369262695312 1514803.125 38.984691619873046875 16 16 29204.73046875 16 32.66370391845703125 20.266666412353515625 16 16 32 16 925.15557861328125 16 16 16 32 128 16 16 45.866664886474609375 66.03852081298828125 20064.1796875 19420.30859375 112.02980804443359375 120.037261962890625 151.0218353271484375 165.36761474609375 138.4342803955078125 46.181171417236328125 33.572521209716796875 24.422716140747070312 602.89581298828125
101.6626739501953125 121.535186767578125 69.641693115234375 351.331390380859375 23.822221755981445312 1453.1805419921875 24.138856887817382812 57.99430084228515625 42.767452239990234375 16 34.937397003173828125 44.334651947021484375 44.8909912109375 25.975774765014648438 31.008226394653320312 31.159576416015625 54.079616546630859375 1514883.75 16 16 29284.73046875 16 189.866668701171875 19.602962493896484375 27.733333587646484375 16 16 16 16 16 863.28887939453125 16 16 16 16 179.9111175537109375 32 16 30.577777862548828125 17.422222137451171875 19230.076171875 16 168.7560882568359375 176.2858734130859375 115.31536865234375 74.38436126708984375 65.52587890625 60.003170013427734375 635.94195556640625 33.35111236572265625
91.60689544677734375 229.2340850830078125 285.152923583984375 370.701812744140625 1302.8575439453125 56.027652740478515625 37.4360504150390625 35.4080657958984375 36.501068115234375 23.671747207641601562 20.734350204467773438 29.3621368408203125 44.05715179443359375 67.8001861572265625 115.7465972900390625 155.7332000732421875 167.0398712158203125 1515099 16 29361.88671875 16 16 16 105.59999847412109375 29.866666793823242188 23.822221755981445312 26.3111114501953125 16 16 16 16 783.28887939453125 16 16 288 187.6701202392578125 16 16 16 30.22222137451171875 21.13580322265625 19149.5625 290.487091064453125 208.6084747314453125 213.72625732421875 215.52899169921875 407.04278564453125 636.6734619140625 48.733615875244140625 33.604007720947265625
416.507080078125 340.724090576171875 305.022216796875 547.75762939453125 19.200000762939453125 38.75555419921875 22.044445037841796875 38.43950653076171875 26.556049346923828125 34.88430023193359375 16 22.755556106567382812 31.676050186157226562 39.933013916015625 23.986602783203125 16 26.3111114501953125 16 1544524.875 16 29.15555572509765625 16 16 16 55.822223663330078125 16 16 106.3111114501953125 16 16 16 16 703.28887939453125 570.14520263671875 16 16 16 16 16 17.77777862548828125 30.4197540283203125 18674.3203125 353.61810302734375 332.98236083984375 354.530029296875 451.696563720703125 334.19378662109375 79.26255035400390625 45.8742828369140625 63.494495391845703125
168.92523193359375 146.842132568359375 143.284210205078125 251.5811309814453125 16 16 25.244443893432617188 26.390123367309570312 31.834074020385742188 42.1746826171875 93.05898284912109375 118.30342864990234375 141.3829345703125 16 16 16 16 1947.8419189453125 1546490.125 16 28.088888168334960938 16 16 16 16 118.75555419921875 16 122.3111114501953125 32 16 16 30.22222137451171875 17.77777862548828125 81.0666656494140625 222.22222900390625 16 111.28888702392578125 16 16 16 46.22222137451171875 18273.92578125 16 423.19488525390625 351.7352294921875 212.264129638671875 100.58563232421875 82.9449920654296875 95.0777130126953125 60.604534149169921875
45.563259124755859375 80.181732177734375 90.02924346923828125 136.338531494140625 16 16 22.755556106567382812 31.170370101928710938 31.931522369384765625 25.207338333129882812 16 16 16 1700.0196533203125 1745.53076171875 1798.6270751953125 1901.26416015625 16 16 1546614.25 48.0395050048828125 35.5555572509765625 16 16 29.15555572509765625 178.322967529296875 16 16 231.76690673828125 42.3111114501953125 16 16 16 62.22222137451171875 16 175.2888946533203125 16 47.28888702392578125 16 16 16 21.6888885498046875 18158.37109375 206.8303680419921875 158.8067474365234375 130.4140167236328125 110.92499542236328125 98.49541473388671875 90.032440185546875 93.8475494384765625
51.811553955078125 46.54901885986328125 61.812152862548828125 21.494413375854492188 48.717876434326171875 16 16 16 31.238847732543945312 1320.5654296875 1351.7508544921875 1414.5181884765625 1503.8812255859375 16 16 30.933332443237304688 41.24444580078125 23.822221755981445312 16 1546662.25 26.271604537963867188 29.15555572509765625 16 16 34.84444427490234375 247.8222198486328125 16 16 316.926422119140625 40.30419921875 22.044445037841796875 16 16 16 16 16 16 50.133335113525390625 21.333333969116210938 16 16 42.3111114501953125 17499.1875 23.058076858520507812 96.8162994384765625 103.5882568359375 85.30434417724609375 70.01946258544921875 68.1375274658203125 139.2827911376953125
41.24444580078125 51.99802398681640625 68.753204345703125 86.199615478515625 82.07403564453125 968.9180908203125 1019.13043212890625 1108.1220703125 1204.6514892578125 16 18.133333206176757812 31.288888931274414062 30.577777862548828125 22.399999618530273438 16 17.066667556762695312 16 16 16 16 1546798.5 48.758518218994140625 23.822221755981445312 16 16 17.77777862548828125 313.600006103515625 16 332.926422119140625 19.429136276245117188 31.170370101928710938 19.555555343627929688 16 16 31.288888931274414062 16 16 123.73332977294921875 37.6888885498046875 16 16 32 24.888889312744140625 17374.087890625 73.54903411865234375 48.226085662841796875 62.6796417236328125 16 402.533843994140625 137.48095703125
38.75555419921875 55.087406158447265625 65.08826446533203125 95.57074737548828125 817.8594970703125 16 35.91110992431640625 30.577777862548828125 32.71111297607421875 28.799999237060546875 16 16 16 25.600000381469726562 16 16 16 16 544.77276611328125 1454.0089111328125 1548312.75 44.270618438720703125 25.955554962158203125 16 16 30.22222137451171875 375.822235107421875 16 16 480.3792724609375 64.85333251953125 36.977779388427734375 16 16 80 16 32 237.866668701171875 20.977777481079101562 16 16 16 23.111110687255859375 17179.189453125 16 16 646.2237548828125 491.260589599609375 34.801799774169921875 60.434356689453125
16 37.333332061767578125 51.200000762939453125 57.789630889892578125 665.97607421875 16 16 16 16 16 16 16 16 16 1142.1866455078125 1208.1363525390625 1281.930908203125 1314.9866943359375 893.23614501953125 16 1548360.75 20.037530899047851562 40.88098907470703125 25.244443893432617188 16 16 16 435.5555419921875 16 496.3792724609375 18.465185165405273438 36.977779388427734375 16 16 16 126.22222137451171875 337.422210693359375 16 77.15555572509765625 22.399999618530273438 16 16 16 143.920989990234375 16986.556640625 735.2540283203125 16 19.775819778442382812 33.98236846923828125 18.39105987548828125
16 16 26.666666030883789062 41.8370361328125 596.44049072265625 16 18.84444427490234375 16 16 16 890.45330810546875 946.0780029296875 1004.07305908203125 1071.43115234375 16 36.276325225830078125 37.679233551025390625 27.022222518920898438 52.416790008544921875 16 16 1548513.25 59.551605224609375 33.422222137451171875 16 16 24.888889312744140625 496.15802001953125 16 16 614.4000244140625 30.577777862548828125 16 16 16 496.71112060546875 16 34.84444427490234375 18.84444427490234375 25.600000381469726562 16 16 114.0543212890625 68.76226806640625 16159.78515625 16 31.785840988159179688 22.198839187622070312 16.408689498901367188 16
32 16 16 26.3111114501953125 538.65087890625 16 587.847412109375 666.8319091796875 744.93365478515625 831.43109130859375 16 19.555555343627929688 28.444444656372070312 32 20.977777481079101562 18.33086395263671875 16 16 16 32 16 1548595 49.73036956787109375 33.77777862548828125 16 16 37.333332061767578125 567.82220458984375 16 16 665.95556640625 19.911111831665039062 16 16 576.71112060546875 30.933332443237304688 16 16 16 16 34.212345123291015625 49.698764801025390625 16 16 75.922821044921875 16104.9794921875 22.412998199462890625 26.209852218627929688 16 16
449.77777099609375 481.77777099609375 16 951.4666748046875 473.528900146484375 525.836669921875 44.61669158935546875 32.774322509765625 35.492343902587890625 27.733333587646484375 20.977777481079101562 16 16 16 27.022222518920898438 16 16 16 16 406.04443359375 456.177764892578125 1549113.5 46.324939727783203125 30.577777862548828125 16 16 17.77777862548828125 16 630.4000244140625 16 682.31109619140625 16 688.71112060546875 649.24444580078125 16 16 16 63.644443511962890625 238.301239013671875 206.301239013671875 16 19.911111831665039062 16 19.200000762939453125 48.224395751953125 20.856098175048828125 16038.208984375 15676.5498046875 15586.3427734375 15527.9541015625
29.7323455810546875 16 919.4666748046875 16 27.022222518920898438 61.32147979736328125 16 16.711111068725585938 16 16 27.022222518920898438 16 16 16 16 227.5555572509765625 274.844451904296875 332.088897705078125 374.04443359375 16 29.866666793823242188 1549206.25 46.988643646240234375 29.511110305786132812 32 16 16 27.377777099609375 672.76641845703125 16 1480.5333251953125 780.4444580078125 16 16 16 16 16 350.301239013671875 16 68.73284149169921875 55.356048583984375 37.333332061767578125 16 16 24.28049468994140625 210.2881927490234375 118.1076507568359375 57.19405364990234375 31.37404632568359375 30.22222137451171875
43.480495452880859375 389.68890380859375 16 16 23.46666717529296875 22.897777557373046875 46.720001220703125 16 16 16 16 65.77777862548828125 94.9333343505859375 130.4888916015625 155.022216796875 16 16 16 16 16 48 1549289.625 19.279012680053710938 39.46666717529296875 28.088888168334960938 19.911111831665039062 16 20.622222900390625 2251.7333984375 1560.177734375 16 16 29.511110305786132812 16 16 45.511112213134765625 16 398.301239013671875 16 16 36.732837677001953125 22.755556106567382812 16 16 36.622222900390625 222.8622283935546875 16 34.915554046630859375 30.73580169677734375 17.77777862548828125
74.20839691162109375 212.5799102783203125 117.62848663330078125 16 16 35.200000762939453125 86.66600799560546875 160.584197998046875 316.81005859375 348.098968505859375 379.03228759765625 16 16 16 16 16 16 16 16 16 16 1551937.375 2615.822265625 29.108148574829101562 30.980741500854492188 33.256298065185546875 18.654815673828125 2320.35546875 16 16 16 16 18.488889694213867188 16 16 64 16 430.301239013671875 16 16 38.2498779296875 22.755556106567382812 16 16 35.91110992431640625 206.169891357421875 31.154567718505859375 19.48444366455078125 22.399999618530273438 16
32 128.0632171630859375 78.87012481689453125 16 16 46.380245208740234375 50.39183807373046875 122.44809722900390625 16 16 16 9982.1630859375 10025.1845703125 3370.1728515625 10147.49609375 10192.2958984375 10233.896484375 7763.56591796875 10336.6513671875 16 16 1551985.375 16 2531.247314453125 2498.558837890625 2434.43310546875 2365.62109375 16 16 16 32 16 16 91.377777099609375 16 96 16 16 601.323486328125 107.02222442626953125 52.77234649658203125 36.266666412353515625 16 16 16 36.977779388427734375 75.79654693603515625 16 16 16
16 62.577777862548828125 33.422222137451171875 16 28.64197540283203125 61.238780975341796875 72.0583343505859375 20.803888320922851562 36.803890228271484375 68.9459381103515625 9556.552734375 16 16 6731.45654296875 16 16 16 2534.685791015625 16 10393.1845703125 1562434.125 16 16 16 16 16 16 16 288 254.22222900390625 207.2888946533203125 16 16 128.355560302734375 16 124.8000030517578125 16 16 669.3372802734375 36.013828277587890625 52.977779388427734375 36.977779388427734375 16 16 16 16 37.333332061767578125 28.444444656372070312 19.555555343627929688 21.6888885498046875
32 16 16 28.444444656372070312 55.561481475830078125 39.1790618896484375 29.059686660766601562 19.874624252319335938 23.508192062377929688 17023.29296875 7588.3076171875 16 16 16 48 16 16 46.9333343505859375 16 16 1562482.125 16 16 16 16 16 400 368 16 16 16 112 16 162.4888916015625 16 160 16 16 778.53009033203125 81.8994598388671875 43.5911102294921875 34.488887786865234375 32 16 16 16 24.53333282470703125 61.3925933837890625 102.36049652099609375 35.0419769287109375
16 16 16 34.488887786865234375 26.729877471923828125 35.601909637451171875 16 124.43141937255859375 16972.548828125 16 20.04543304443359375 7676.14892578125 16 16 80 16 16 16 78.9333343505859375 16 16 1562562.125 16 16 94.22222137451171875 541.90618896484375 16 16 16 16 16 64 16 194.4888916015625 16 176 16 16 815.23675537109375 26.655605316162109375 38.881977081298828125 42.3111114501953125 32 16 32 16 16 32 16 134.3604888916015625
16 16 16 17.066667556762695312 16 16 67.2463531494140625 16803.75 16 22.755556106567382812 50.3378143310546875 57.773040771484375 7864.58447265625 16 16 144 16 16 110.9333343505859375 16 16 1562610.125 16 32 16 592 16 16 16 64 16 16 212.622222900390625 32 16 16 222.9333343505859375 16 16 1002.5391845703125 89.76486968994140625 57.69481658935546875 25.955554962158203125 57.955554962158203125 16 32 16 16 64 16
45.866664886474609375 16 16 16 33.0666656494140625 65.0666656494140625 16771.75 16 16 39.0692291259765625 68.0775146484375 123.3283233642578125 95.010986328125 7991.595703125 16 16 208 16 16 174.9333343505859375 16 1562656.625 16 16 16 16 672 16 16 109.15555572509765625 16 16 288 16 44.4444427490234375 16 240 16 16 1078.9930419921875 46.191379547119140625 37.377227783203125 67.18682861328125 76.2864227294921875 16 50.488887786865234375 29.511110305786132812 16 16 86.75555419921875
