ValueNro_2398/sve_ValueNro_2398_tilavuus.asc
ncols        141
nrows        228
xllcorner    356256.000000000000
yllcorner    6857312.000000000000
cellsize     16.000000000000
NODATA_value -9999
[rows 117 to 155 of 228, columns 0 to 88 of 141]
-9999 -9999 -9999 -9999 -9999 -9999 -9999 -9999 -9999 -9999 -9999 -9999 -9999 -9999 -9999 -9999 -9999 -9999 156 261 256 315 205 150 164 175 153 115 178 173 162 137 121 32767 32767 32767 32767 32767 32767 32767 229 115 152 88 204 179 170 151 142 149 154 32767 47 35 15 3 14 35 92 81 85 81 81 97 105 102 121 133 133 140 45 99 102 185 32767 32767 32767 32767 32767 32767 32767 32767 32767 32767 190 151 64 37 99
-9999 -9999 -9999 -9999 -9999 -9999 -9999 -9999 -9999 -9999 -9999 -9999 -9999 -9999 -9999 -9999 -9999 96 204 260 232 126 110 89 180 255 155 187 226 165 119 96 178 194 134 32767 3 32767 32767 32767 128 123 137 151 166 175 156 141 192 191 155 121 62 56 35 5 5 57 73 90 85 82 92 96 101 97 104 163 223 148 90 99 107 153 32767 32767 32767 32767 32767 32767 32767 32767 32767 32767 32767 165 128 118 108
-9999 -9999 -9999 -9999 -9999 -9999 -9999 -9999 -9999 -9999 -9999 -9999 -9999 -9999 -9999 -9999 -9999 32767 52 267 234 40 45 73 186 146 137 167 195 177 120 74 125 223 32767 32767 32767 12 97 205 129 121 77 118 118 276 188 122 165 176 185 148 32767 60 54 25 52 68 93 97 95 83 90 92 95 94 93 167 193 160 91 68 132 137 135 32767 32767 32767 32767 32767 32767 32767 32767 32767 32767 9 103 120 155
-9999 -9999 -9999 -9999 -9999 -9999 -9999 -9999 -9999 -9999 -9999 -9999 -9999 -9999 -9999 -9999 -9999 -9999 32767 7 96 118 73 65 183 113 121 192 173 175 73 61 106 93 32767 32767 32767 32767 157 161 143 123 123 127 116 213 161 155 140 145 154 181 32767 84 58 82 94 102 102 96 103 90 99 110 100 99 97 174 151 180 113 117 101 89 57 32767 32767 32767 32767 32767 32767 32767 32767 32767 32767 32767 29 57 43
-9999 -9999 -9999 -9999 -9999 -9999 -9999 -9999 -9999 -9999 -9999 -9999 -9999 -9999 -9999 -9999 -9999 -9999 32767 32767 32767 89 126 141 86 151 136 144 168 244 247 298 113 32767 32767 32767 32767 32767 122 143 116 119 128 170 89 102 95 86 145 172 159 183 132 133 104 112 110 102 101 84 71 89 80 80 97 89 88 161 172 143 92 109 106 46 32767 32767 32767 32767 32767 32767 32767 32767 32767 32767 32767 32767 16 105 23
-9999 -9999 -9999 -9999 -9999 -9999 -9999 -9999 -9999 -9999 -9999 -9999 -9999 -9999 -9999 -9999 -9999 -9999 -9999 32767 32767 32767 77 152 170 58 86 56 76 68 234 163 127 32767 32767 32767 32767 96 172 124 98 111 143 219 224 201 77 117 166 212 145 156 142 32767 114 108 107 105 106 89 91 96 113 114 142 153 158 189 138 121 119 133 102 27 32767 32767 32767 32767 32767 32767 32767 32767 32767 32767 32767 32767 7 100 117
-9999 -9999 -9999 -9999 -9999 -9999 -9999 -9999 -9999 -9999 -9999 -9999 -9999 -9999 -9999 -9999 -9999 -9999 -9999 100 29 32767 32767 70 270 136 46 101 120 99 79 103 32767 164 96 180 272 163 104 146 211 99 120 181 164 223 167 126 127 99 155 90 92 139 121 99 112 115 111 98 90 76 137 132 125 150 177 157 76 55 133 82 121 111 32767 32767 32767 32767 32767 32767 32767 32767 32767 32767 32767 32767 5 144 151
-9999 -9999 -9999 -9999 -9999 -9999 -9999 -9999 -9999 -9999 -9999 -9999 -9999 -9999 -9999 -9999 -9999 -9999 -9999 110 44 54 32767 32767 118 155 135 151 71 78 113 32767 32767 121 32767 32767 199 120 36 32 119 91 107 117 103 106 215 120 120 95 128 77 158 62 32767 142 99 105 110 91 87 136 140 140 191 171 216 158 53 79 80 55 76 81 32767 32767 32767 32767 32767 32767 32767 32767 32767 32767 32767 15 32767 174 139
-9999 -9999 -9999 -9999 -9999 -9999 -9999 -9999 -9999 -9999 -9999 -9999 -9999 -9999 -9999 -9999 -9999 -9999 -9999 39 1 19 12 32767 32767 81 98 156 171 82 193 32767 204 32767 32767 32767 32767 149 32767 32767 32767 39 105 101 125 110 99 101 159 86 114 239 81 76 32767 173 119 122 94 94 116 131 130 178 167 151 155 66 102 54 90 94 85 148 173 32767 32767 32767 32767 32767 32767 32767 32767 18 32 13 32767 209 126
-9999 -9999 -9999 -9999 -9999 -9999 -9999 -9999 -9999 -9999 -9999 -9999 -9999 -9999 -9999 -9999 -9999 -9999 117 64 82 129 262 279 32767 32767 103 157 152 114 32767 32767 32767 32767 32767 32767 32767 32767 32767 32767 32767 32767 38 265 387 343 168 192 147 194 210 246 231 133 32767 235 199 186 132 128 140 143 148 184 136 153 102 53 65 118 86 64 3 0 0 32767 32767 32767 32767 32767 32767 99 117 15 24 20 32767 106 112
-9999 -9999 -9999 -9999 -9999 -9999 -9999 -9999 -9999 -9999 -9999 -9999 -9999 -9999 -9999 -9999 -9999 -9999 61 107 141 138 215 220 135 32767 32767 40 291 68 32767 65 287 32767 32767 32767 142 99 32767 32767 32767 32767 32767 130 242 248 252 242 313 187 156 152 135 130 140 195 172 192 135 129 136 143 164 195 134 146 105 54 103 66 13 2 0 0 3 32767 32767 32767 32767 32767 32767 180 159 45 12 34 2 32767 31
-9999 -9999 -9999 -9999 -9999 -9999 -9999 -9999 -9999 -9999 -9999 -9999 -9999 -9999 -9999 -9999 50 3 36 121 282 327 225 221 226 213 32767 32767 44 32767 32767 32767 87 175 185 208 32767 32767 32767 32767 32767 32767 32767 56 209 178 160 90 117 110 58 88 71 36 111 178 158 206 167 145 128 141 126 153 108 138 121 109 77 17 0 0 0 0 2 2 32767 32767 32767 44 175 179 186 40 2 28 2 32767 7
-9999 -9999 -9999 -9999 -9999 -9999 -9999 -9999 -9999 -9999 -9999 -9999 -9999 -9999 -9999 25 5 1 43 302 345 319 296 296 255 243 152 32767 32767 32767 235 93 32767 84 152 125 32767 32767 32767 32767 32767 32767 32767 32767 182 216 212 193 86 85 97 56 120 95 72 89 206 255 182 195 137 132 155 121 100 79 89 20 7 2 0 0 0 0 12 2 32767 32767 32767 32767 275 190 189 30 43 3 4 5 32767
-9999 -9999 -9999 -9999 -9999 -9999 -9999 -9999 -9999 -9999 210 126 37 26 26 26 25 26 157 373 258 287 390 189 191 120 193 62 32767 32767 87 105 109 32767 123 126 32767 32767 32767 32767 32767 32767 32767 32767 189 194 188 251 62 153 175 98 98 79 124 107 188 186 178 142 199 149 120 145 68 80 19 0 0 0 0 0 2 1 13 0 1 32767 32767 150 219 177 149 57 2 2 75 88 32767
-9999 -9999 -9999 -9999 -9999 -9999 -9999 -9999 -9999 233 191 263 23 18 20 18 89 177 229 325 308 241 191 32767 32767 32767 32767 190 4 32767 32767 156 240 135 32767 129 32767 32767 32767 32767 32767 32767 32767 32767 79 199 181 136 118 217 92 89 104 81 56 116 144 149 224 187 179 157 161 147 82 52 9 6 0 0 0 2 2 1 1 7 1 32767 55 169 283 193 227 57 7 50 103 128 38
-9999 -9999 -9999 -9999 -9999 -9999 -9999 -9999 159 230 243 176 119 107 106 91 281 291 362 253 216 206 220 32767 32767 32767 32767 151 97 32767 32767 4 191 150 130 126 32767 32767 32767 32767 32767 32767 32767 32767 135 234 161 209 158 33 18 80 118 103 102 129 65 104 155 219 188 189 155 170 94 68 9 7 0 0 2 3 2 1 1 11 1 6 55 181 263 195 185 122 141 134 138 189 119
-9999 -9999 -9999 -9999 -9999 -9999 -9999 125 209 206 176 124 216 213 126 150 218 214 284 161 141 125 186 32767 32767 32767 32767 131 32767 208 32767 32767 50 189 75 32767 65 32767 32767 32767 32767 32767 32767 32767 258 159 185 158 234 7 2 57 76 123 117 94 100 73 96 157 177 177 132 152 88 78 11 0 0 0 2 3 6 7 5 3 1 2 3 144 247 258 198 183 153 175 196 198 90
-9999 -9999 -9999 -9999 -9999 -9999 -9999 84 80 124 116 128 116 104 83 30 124 179 228 150 134 108 116 184 32767 280 143 182 32767 153 212 32767 32767 90 187 131 32767 32767 32767 32767 32767 32767 32767 32767 121 32767 55 170 158 4 1 8 59 118 85 89 80 80 80 84 200 242 191 182 117 101 15 11 1 2 12 79 129 105 11 2 0 0 47 170 244 233 212 292 240 152 190 171 188
-9999 -9999 -9999 -9999 -9999 -9999 33 21 68 55 25 25 31 16 25 33 35 85 125 449 490 98 84 117 101 149 115 107 32767 206 281 113 32767 32767 54 161 107 133 32767 32767 32767 32767 32767 23 14 98 32767 174 178 124 1 16 2 11 77 79 87 80 96 98 107 94 73 149 198 155 85 15 26 33 99 169 151 115 2 1 1 2 78 209 261 237 244 263 234 256 204 196 167
-9999 -9999 -9999 -9999 -9999 16 30 183 124 30 27 30 27 20 28 17 25 19 83 111 122 137 159 141 136 32767 118 124 32767 146 124 271 89 32767 32767 201 115 32767 104 32767 32767 32767 1 32767 32767 32767 156 255 152 55 2 27 1 2 24 83 79 80 94 96 107 75 49 125 156 196 174 108 98 101 185 153 124 3 2 1 1 1 118 158 228 194 213 196 221 257 219 169 185
-9999 -9999 -9999 -9999 24 79 30 30 41 27 26 26 26 20 21 24 1 1 20 96 100 166 209 202 285 286 157 72 103 116 118 119 202 32767 32767 10 124 185 170 32767 32767 4 32767 6 32767 32767 156 241 151 167 13 1 1 20 2 43 72 88 97 82 93 93 68 75 89 156 234 278 182 204 156 109 9 1 14 1 1 2 3 175 215 174 171 179 221 247 262 273 162
-9999 -9999 -9999 43 29 25 18 15 1 14 15 24 24 30 26 14 1 22 23 7 63 57 46 129 290 154 123 32767 179 107 106 147 14 32767 32767 32767 1 122 188 71 32767 32767 6 32767 32767 32767 83 97 211 99 49 1 1 14 0 17 65 90 87 99 88 87 81 96 119 167 200 271 208 173 156 88 8 10 14 22 9 2 4 161 239 205 201 160 201 340 360 288 244
-9999 -9999 180 76 18 1 2 3 1 21 21 23 16 22 23 1 1 16 22 23 2 6 120 121 250 182 32767 295 265 101 110 26 32767 32767 32767 32767 32767 41 127 32767 32767 32767 32767 32767 32767 32767 32767 58 256 229 84 12 0 27 11 2 73 91 104 95 82 63 79 90 83 120 202 192 164 156 156 138 29 32 0 0 14 25 1 105 166 206 216 164 258 283 371 262 239
233 221 150 61 69 10 59 99 7 7 17 17 0 0 26 2 3 2 3 2 0 1 10 32767 32767 250 265 269 272 173 116 32767 32767 32767 32767 32767 32767 32767 141 32767 32767 32767 32767 32767 32767 32767 32767 97 276 275 31 24 0 11 20 1 12 94 84 87 64 75 88 88 76 105 176 166 143 165 206 162 150 18 6 1 1 8 1 71 160 235 217 222 213 293 317 187 225
351 255 143 138 66 52 83 117 58 26 5 2 2 1 19 2 10 16 15 4 1 32767 32767 119 231 319 234 229 329 78 32767 32767 32767 32767 32767 32767 10 32767 32767 32767 32767 32767 32767 2 32767 32767 32767 122 168 231 183 11 2 11 19 26 11 37 74 80 77 88 80 63 58 74 128 96 128 169 177 137 151 115 45 9 40 120 90 94 162 213 211 259 205 166 205 403 218
-9999 257 206 136 98 106 103 27 28 21 102 65 44 16 24 19 39 24 0 10 32767 7 101 238 243 270 240 233 61 32767 32767 32767 32767 32767 32767 32767 32767 32767 32767 32767 32767 10 39 32767 32767 32767 165 137 131 231 140 33 18 0 17 21 58 56 76 92 89 77 67 67 78 71 104 125 131 181 148 151 152 110 136 162 205 154 205 167 193 253 247 152 107 99 142 207 309
-9999 -9999 -9999 108 78 134 33 26 45 27 26 70 143 7 6 0 12 24 0 1 114 98 119 165 274 334 198 157 32767 32767 32767 32767 32767 32767 32767 32767 32767 32767 32767 32767 4 38 65 32767 32767 64 92 105 101 221 256 77 15 1 15 25 77 63 71 81 79 62 62 62 63 79 75 128 202 192 106 107 156 159 181 220 244 181 239 320 299 312 211 195 98 98 126 174 208
-9999 -9999 -9999 91 108 34 41 21 14 36 67 30 87 86 59 32 19 32767 32767 7 64 219 250 273 241 354 182 32767 32767 32767 32767 32767 32767 32767 32767 32767 32767 32767 32767 32767 32767 32767 32767 32767 32767 32767 5 63 206 183 200 106 48 0 15 38 18 85 71 96 84 66 83 71 69 68 55 97 155 184 148 112 165 177 176 153 194 191 147 282 257 345 287 156 104 82 116 200 186
-9999 -9999 -9999 104 127 75 66 61 37 35 88 62 43 48 61 31 32767 22 24 44 60 53 176 259 260 262 32767 32767 32767 32767 32767 32767 32767 32767 32767 32767 32767 32767 32767 32767 32767 32767 32767 32767 32767 4 32767 67 178 212 242 237 129 1 20 91 15 89 77 81 58 75 70 63 72 71 61 61 134 142 149 160 120 156 145 107 97 92 164 308 177 238 320 162 105 63 74 130 173
-9999 -9999 -9999 94 112 122 81 124 131 17 69 60 69 67 50 32767 106 99 28 59 35 119 110 169 289 296 32767 32767 32767 32767 32767 32767 32767 32767 32767 32767 32767 32767 32767 32767 32767 32767 32767 32767 32767 32767 32767 119 182 102 154 223 116 5 7 79 57 138 77 77 88 79 84 72 76 76 87 61 95 167 176 145 122 96 101 81 83 59 95 203 242 262 279 198 81 55 72 86 106
-9999 -9999 -9999 71 98 96 144 201 107 26 76 21 110 28 96 3 27 26 37 118 57 126 118 221 161 197 193 32767 32767 32767 32767 32767 32767 32767 32767 32767 32767 32767 32767 32767 32767 32767 32767 32767 32767 117 123 115 133 110 107 234 141 58 17 88 69 96 64 65 78 78 77 77 77 78 76 81 95 126 179 126 95 101 99 77 69 80 90 117 208 331 290 157 98 55 78 100 117
-9999 -9999 -9999 47 73 127 128 142 146 100 48 105 102 118 32767 18 20 58 67 71 60 73 171 151 156 210 173 206 32767 32767 32767 32767 15 32767 32767 32767 32767 32767 32767 32767 32767 32767 32767 32767 32767 81 137 109 148 159 149 118 104 35 22 26 55 35 60 76 72 75 83 100 87 105 102 72 107 84 165 93 104 94 89 59 60 78 75 94 143 196 370 274 91 90 90 114 107
-9999 -9999 -9999 123 111 109 94 97 116 124 119 99 106 32767 53 91 45 37 26 18 65 51 167 192 210 171 181 165 139 32767 0 18 17 32767 32767 32767 32767 32767 32767 32767 32767 32767 32767 32767 32767 84 87 83 122 113 109 119 130 7 48 22 41 80 13 61 73 87 93 94 92 91 61 70 111 99 180 131 107 94 100 79 84 77 79 83 104 200 440 307 160 97 97 105 175
-9999 -9999 -9999 49 70 125 135 98 121 153 104 32767 133 421 446 344 339 245 122 43 49 106 138 125 125 147 173 201 96 16 11 10 9 12 32767 32767 32767 32767 32767 32767 32767 32767 32767 48 32767 32767 128 64 98 137 73 133 112 78 30 84 47 103 64 59 128 124 83 82 62 62 53 91 105 98 160 162 105 105 97 84 92 83 77 81 82 159 329 331 227 216 97 171 176
-9999 -9999 -9999 72 15 41 45 77 53 100 32767 168 309 430 360 355 283 276 276 112 41 17 99 56 170 190 311 172 58 16 2 2 2 21 32767 32767 32767 32767 32767 32767 32767 32767 32767 32767 30 32767 41 74 132 131 145 96 68 149 154 145 32 116 67 95 128 124 66 82 115 84 83 84 97 102 223 130 99 113 86 99 81 63 78 67 84 153 334 403 271 164 167 178 174
-9999 -9999 -9999 113 90 39 43 87 105 32767 193 174 167 148 173 182 118 127 178 126 97 50 73 48 102 258 203 241 94 20 10 13 16 21 16 32767 32767 32767 32767 32767 32767 32767 32767 32767 32767 32767 32767 92 128 108 125 32767 32767 122 106 81 118 93 74 40 111 107 87 102 104 87 83 74 84 91 183 136 130 108 101 93 71 63 72 71 77 92 173 442 339 202 164 139 99
-9999 -9999 -9999 109 42 44 71 66 32767 101 101 61 88 92 84 105 73 97 112 70 97 101 109 35 73 242 239 198 158 20 14 15 11 0 9 32767 32767 32767 32767 32767 32767 32767 32767 32767 32767 32767 32767 32767 117 168 71 32767 32767 95 170 125 81 73 97 67 66 89 75 73 75 63 64 56 69 99 85 184 96 94 83 91 58 63 77 69 81 99 152 317 449 204 151 104 87
-9999 -9999 -9999 67 83 78 105 32767 48 119 60 80 109 85 63 83 106 95 61 93 94 57 39 71 71 207 313 254 80 31 6 0 1 1 1 9 32767 32767 32767 32767 32767 32767 32767 32767 32767 32767 32767 32767 32767 107 32767 32767 32767 100 127 36 161 117 168 107 66 76 77 95 48 58 88 88 62 92 126 152 172 100 97 84 81 76 82 70 75 113 173 197 218 190 159 108 72
-9999 -9999 18 135 101 86 32767 49 37 119 123 90 71 84 53 54 97 110 109 98 68 91 39 15 109 199 167 261 297 100 6 5 35 33 1 1 1 32767 32767 32767 32767 32767 32767 32767 32767 32767 32767 4 32767 41 38 32767 32767 149 101 86 119 124 132 175 121 4 19 35 5 5 5 5 3 105 196 159 95 95 79 85 83 71 72 76 81 155 173 207 257 185 157 107 76
