ValueNro_2398/sve_ValueNro_2398_keskilapimitta.asc
ncols        141
nrows        228
xllcorner    356256.000000000000
yllcorner    6857312.000000000000
cellsize     16.000000000000
NODATA_value -9999
[rows 168 to 209 of 228, columns 0 to 93 of 141]
-9999 -9999 -9999 -9999 -9999 -9999 7 11 9 8 3 2 2 17 17 7 6 11 8 11 6 12 7 10 15 16 23 15 15 10 10 14 11 3 32767 1 10 7 6 6 12 11 12 15 18 7 13 32767 32767 32767 32767 32767 11 14 25 32767 32767 15 18 10 21 23 16 14 8 11 7 2 0 0 0 0 5 20 21 26 24 32767 32767 23 7 2 1 4 7 4 20 17 2 0 0 0 0 5
-9999 -9999 -9999 -9999 -9999 -9999 13 7 12 9 9 16 3 2 3 8 11 11 12 8 7 13 9 14 14 14 14 13 12 12 11 7 11 1 0 9 11 3 7 9 10 11 12 19 12 13 10 32767 32767 32767 32767 32767 32767 9 19 24 32767 32767 18 14 19 22 20 12 14 12 2 2 0 0 0 1 11 15 18 18 21 24 25 32767 13 1 1 2 7 6 3 8 2 0 0 0 0 4
-9999 -9999 -9999 -9999 -9999 -9999 18 14 12 10 11 10 8 1 2 11 9 8 6 12 11 12 16 17 15 13 0 12 19 20 13 13 11 32767 11 11 9 9 8 8 12 15 20 18 18 12 11 32767 32767 32767 32767 32767 32767 11 19 22 32767 32767 15 20 17 14 18 12 15 11 3 1 0 0 1 8 19 17 14 15 16 18 19 32767 13 3 2 4 7 5 6 6 9 0 0 0 0 0
-9999 -9999 -9999 -9999 -9999 -9999 -9999 9 8 11 12 13 7 3 5 8 5 4 4 13 12 13 18 15 8 0 0 12 17 11 13 21 13 11 11 12 14 14 8 12 10 16 15 18 9 16 11 32767 32767 32767 32767 32767 32767 6 23 15 22 32767 32767 21 19 12 17 12 19 12 5 5 0 1 11 14 16 18 18 15 15 15 17 26 20 16 3 4 8 5 8 10 11 0 0 0 0 0
-9999 -9999 -9999 -9999 -9999 -9999 -9999 15 4 8 13 10 17 10 7 9 4 8 2 14 14 11 14 15 15 12 0 10 14 21 8 16 32767 9 15 12 14 15 12 10 13 16 18 20 17 13 14 32767 32767 32767 32767 32767 32767 32767 16 17 25 16 32767 17 17 14 13 15 14 11 5 5 0 1 15 18 20 19 19 18 17 17 18 22 22 20 8 5 3 6 6 7 8 3 0 0 0 0
-9999 -9999 -9999 -9999 -9999 -9999 -9999 -9999 8 5 12 15 18 17 12 5 6 2 4 17 16 10 11 15 17 19 18 20 17 20 14 15 32767 17 13 14 10 13 15 15 13 18 22 20 20 14 32767 32767 32767 32767 32767 32767 32767 32767 16 16 21 29 32767 32767 17 18 21 16 15 19 9 4 0 0 14 19 19 19 18 20 20 19 22 25 32767 18 18 3 3 3 6 6 1 5 2 0 0 0
-9999 -9999 -9999 -9999 -9999 -9999 -9999 -9999 -9999 4 7 19 20 22 26 20 10 10 7 18 10 14 10 11 11 13 20 17 18 20 12 9 12 14 11 7 9 9 6 13 17 22 26 21 21 32767 32767 4 32767 32767 32767 32767 32767 32767 9 17 20 21 20 32767 15 29 18 22 13 10 9 5 0 0 11 17 19 18 21 22 20 19 20 25 32767 23 18 7 6 7 8 8 4 3 1 1 2 0
-9999 -9999 -9999 -9999 -9999 -9999 -9999 -9999 -9999 -9999 2 14 20 23 24 25 17 19 20 8 3 13 15 12 12 12 14 18 18 21 10 32767 9 16 7 4 3 1 8 13 20 24 27 24 24 32767 32767 0 2 32767 32767 32767 32767 32767 13 19 18 18 28 32767 32767 19 22 21 13 12 10 7 1 1 9 19 22 22 20 17 19 17 19 24 32767 22 20 14 7 18 11 16 4 1 1 1 5 4
-9999 -9999 -9999 -9999 -9999 -9999 -9999 -9999 -9999 -9999 13 11 23 21 20 22 19 17 19 12 9 9 14 10 12 12 14 19 19 11 32767 11 21 13 10 13 4 2 2 14 25 26 24 24 22 22 32767 32767 32767 32767 32767 32767 32767 32767 32767 18 16 21 23 17 32767 32767 24 18 12 13 11 9 16 13 21 22 23 18 17 18 19 19 19 23 24 24 25 16 17 23 17 22 17 4 3 1 6 13
-9999 -9999 -9999 -9999 -9999 -9999 -9999 -9999 9 20 21 14 19 24 24 22 22 17 18 11 14 13 14 12 11 11 11 14 19 15 18 15 13 9 9 13 11 9 7 17 19 20 25 26 25 22 32767 32767 32767 32767 32767 32767 32767 32767 32767 10 23 23 22 21 32767 32767 17 21 16 13 15 15 21 25 25 22 18 18 19 20 20 18 19 23 26 32767 27 23 20 20 21 23 18 6 6 0 6 10
-9999 -9999 -9999 -9999 -9999 -9999 -9999 -9999 19 20 20 18 19 16 18 17 17 17 20 11 12 14 11 11 11 11 13 15 12 32767 15 10 6 10 4 7 3 12 15 17 19 23 27 23 28 23 18 32767 32767 32767 32767 32767 32767 32767 32767 14 20 21 25 27 22 32767 32767 29 18 16 17 19 25 26 26 23 19 19 19 21 19 18 23 28 26 27 32767 27 26 23 23 21 17 8 2 0 7 13
-9999 -9999 -9999 -9999 -9999 -9999 -9999 -9999 24 21 18 16 15 12 10 19 22 19 20 15 12 10 7 16 14 11 17 12 32767 8 8 12 10 3 0 1 6 7 10 21 21 25 25 22 22 25 23 14 32767 32767 32767 32767 32767 32767 32767 32767 6 18 24 22 31 21 32767 6 23 13 18 20 25 25 25 21 17 19 18 20 18 21 25 28 27 28 27 32767 27 26 23 18 18 6 0 0 6 17
-9999 -9999 -9999 -9999 -9999 -9999 -9999 -9999 14 15 12 17 9 32767 8 13 18 20 21 18 14 9 11 14 15 4 1 32767 0 7 9 7 5 1 1 1 9 7 9 22 24 25 26 21 19 18 24 13 32767 32767 32767 32767 32767 32767 32767 32767 32767 8 19 21 23 27 32767 32767 12 14 10 10 14 19 24 23 20 19 16 20 21 23 27 27 27 26 27 25 25 27 19 15 6 3 1 1 1 8
-9999 -9999 -9999 -9999 -9999 -9999 -9999 -9999 14 17 32767 32767 32767 32767 32767 32767 0 7 10 22 22 12 4 3 32767 32767 1 3 2 7 16 4 5 3 7 9 12 16 18 23 23 21 24 21 22 22 21 24 23 20 32767 32767 32767 32767 32767 32767 32767 7 15 18 23 27 26 32767 4 12 7 1 2 13 22 24 19 20 18 20 22 24 27 27 28 27 27 25 26 32767 19 17 6 2 1 1 1 8
-9999 -9999 -9999 -9999 -9999 -9999 -9999 -9999 32767 23 20 21 18 0 3 4 3 32767 32767 0 0 3 32767 32767 3 4 15 3 0 1 3 3 6 11 12 18 18 20 21 17 8 12 20 21 23 24 21 20 22 23 29 27 23 20 16 32767 32767 32767 25 16 25 27 29 32767 32767 0 2 0 0 2 18 22 19 21 20 21 23 26 27 27 27 29 26 26 24 25 24 18 13 2 3 3 4 6
-9999 -9999 -9999 -9999 -9999 -9999 -9999 -9999 20 20 26 21 23 20 8 6 0 0 0 0 3 3 9 10 17 12 3 5 1 3 5 8 13 8 17 20 25 21 21 18 12 13 21 19 21 21 16 23 21 19 24 26 23 25 20 20 22 19 23 27 26 26 29 21 32767 32767 3 2 1 1 7 20 20 21 21 23 23 27 27 27 26 23 26 26 21 20 24 25 17 14 13 10 4 7
-9999 -9999 -9999 -9999 -9999 -9999 -9999 -9999 -9999 -9999 24 22 25 21 22 10 1 0 2 3 2 6 5 4 3 3 3 5 3 11 11 3 2 8 21 26 23 25 24 21 19 20 20 20 20 19 17 21 20 19 26 26 24 24 12 19 24 22 23 24 27 27 29 27 17 32767 2 6 2 1 1 8 20 23 23 28 28 27 26 27 27 24 26 26 25 20 32767 26 21 20 17 15 4 6
-9999 -9999 -9999 -9999 -9999 -9999 -9999 -9999 -9999 -9999 23 21 25 25 22 17 14 14 5 2 3 2 1 1 1 3 2 2 13 9 3 1 3 21 27 27 27 29 27 16 23 19 20 19 20 13 21 16 19 20 19 20 22 16 13 12 13 15 21 20 24 26 25 30 31 32767 32767 3 2 1 2 2 16 25 29 29 29 27 27 27 27 28 27 27 25 21 19 23 32767 18 22 17 14 14
-9999 -9999 -9999 -9999 -9999 -9999 -9999 -9999 18 20 18 19 26 27 27 17 14 7 10 5 1 2 3 3 1 1 2 2 2 1 2 2 12 17 29 28 32 28 27 33 31 23 23 21 13 13 13 14 20 21 21 13 11 11 10 14 22 21 15 15 24 28 26 28 31 22 32767 2 2 3 1 1 5 15 26 29 25 23 24 27 24 27 26 26 26 20 21 22 23 27 26 23 24 22
-9999 -9999 -9999 -9999 -9999 -9999 -9999 -9999 11 24 21 25 21 21 22 22 15 8 5 3 7 8 2 1 0 0 0 1 2 1 1 6 9 19 27 29 28 28 28 28 26 25 21 19 16 15 12 10 20 12 7 8 6 10 7 16 16 15 18 14 9 18 28 26 29 29 32767 32767 3 8 1 0 2 13 15 27 22 23 24 27 28 25 26 27 24 19 20 21 21 26 28 28 24 23
-9999 -9999 -9999 -9999 -9999 -9999 -9999 32767 16 25 25 26 20 17 20 22 14 11 5 10 3 3 0 0 0 0 0 1 1 1 2 10 17 18 28 26 28 28 28 28 25 26 25 23 18 18 11 18 17 6 2 2 2 1 3 15 12 18 16 11 16 20 24 26 25 27 25 32767 8 3 1 0 1 5 10 27 19 22 23 25 27 26 26 26 27 23 23 24 22 32767 25 27 28 27
-9999 -9999 -9999 -9999 -9999 -9999 -9999 32767 16 21 20 21 24 20 20 17 18 14 8 3 3 3 0 0 0 0 1 2 5 8 12 13 16 16 27 30 26 28 28 28 25 29 25 16 23 23 21 13 13 15 10 4 2 2 2 3 13 10 11 10 12 11 22 29 30 26 31 32767 32767 4 1 0 2 7 17 24 20 31 33 28 23 27 25 22 23 24 22 18 18 23 32767 32767 32767 32767
-9999 -9999 -9999 -9999 -9999 -9999 17 32767 19 20 20 25 21 19 22 19 18 12 9 9 8 3 3 0 0 2 3 5 4 11 12 14 19 18 24 26 29 27 27 28 27 26 28 19 22 22 23 17 18 21 17 22 8 3 3 3 3 6 11 5 9 12 21 24 30 21 28 25 32767 1 4 0 1 14 24 28 27 25 28 29 28 26 26 25 22 26 23 19 21 25 25 26 21 21
-9999 -9999 -9999 -9999 -9999 13 23 32767 18 22 21 22 21 23 19 17 19 20 16 20 6 3 1 2 3 13 11 9 6 14 12 14 17 21 25 29 25 29 28 25 24 24 24 22 21 23 22 21 21 24 23 19 18 11 8 8 4 4 2 4 9 15 21 24 28 27 29 31 32767 32767 7 7 5 22 31 27 26 27 25 25 29 28 23 21 24 25 26 26 25 24 21 20 20 20
-9999 -9999 -9999 -9999 -9999 17 16 32767 13 24 24 16 18 21 21 18 16 22 19 20 18 11 9 9 8 7 9 12 11 8 15 12 19 22 21 23 29 27 26 24 23 22 21 20 25 22 23 30 25 25 29 29 23 19 16 7 6 5 3 3 3 15 20 24 29 30 27 30 32767 32767 8 5 0 23 26 25 29 26 27 26 27 22 24 24 25 24 27 26 22 22 18 17 18 20
-9999 -9999 -9999 -9999 12 15 16 32767 21 21 20 21 26 24 20 20 20 23 26 26 19 17 11 9 7 11 11 11 10 12 11 13 18 23 23 22 25 24 20 24 19 19 23 18 25 18 19 29 28 23 28 28 29 25 26 8 10 4 12 4 4 12 17 21 28 28 30 27 31 32767 32767 4 0 22 19 25 29 27 28 25 26 -9999 -9999 -9999 25 24 23 26 20 19 17 16 16 18
-9999 -9999 -9999 -9999 15 17 12 32767 19 25 23 22 27 26 23 19 19 24 23 26 22 17 17 12 11 11 12 10 14 14 9 11 13 25 22 23 23 18 27 21 21 19 23 21 25 18 22 25 24 28 25 26 29 27 18 19 12 13 8 10 12 8 18 15 24 28 29 28 28 32767 32767 6 5 -9999 -9999 -9999 -9999 -9999 -9999 -9999 -9999 -9999 -9999 -9999 -9999 -9999 -9999 -9999 21 -9999 -9999 -9999 18 17
-9999 -9999 -9999 17 13 15 32767 15 20 23 21 20 17 27 24 22 21 25 20 20 23 12 12 13 14 13 12 13 14 16 12 9 24 26 27 21 25 22 25 23 19 20 19 20 17 24 23 24 29 28 24 28 25 26 30 20 19 18 10 6 7 7 19 24 25 25 26 28 26 23 32767 8 -9999 -9999 -9999 -9999 -9999 -9999 -9999 -9999 -9999 -9999 -9999 -9999 -9999 -9999 -9999 -9999 -9999 -9999 -9999 -9999 19 19
-9999 -9999 -9999 9 15 32767 18 14 21 21 17 18 22 20 22 21 20 26 22 20 15 10 12 18 14 15 11 14 10 14 15 18 22 25 25 20 23 23 22 26 22 25 21 18 23 23 20 19 28 24 25 25 26 29 26 25 23 18 12 17 4 5 15 22 25 25 26 23 25 29 32767 -9999 -9999 -9999 -9999 -9999 -9999 -9999 -9999 -9999 -9999 -9999 -9999 -9999 -9999 -9999 -9999 -9999 -9999 -9999 -9999 -9999 -9999 19
-9999 -9999 -9999 -9999 15 19 17 20 22 17 16 17 20 23 23 20 20 25 21 21 9 10 17 10 9 13 10 7 10 16 12 23 20 30 28 21 25 24 19 23 20 27 23 22 23 22 20 19 29 24 26 28 25 22 26 28 25 19 20 12 5 6 17 23 22 25 24 29 24 30 -9999 -9999 -9999 -9999 -9999 -9999 -9999 -9999 -9999 -9999 -9999 -9999 -9999 -9999 -9999 -9999 -9999 -9999 -9999 -9999 -9999 -9999 -9999 21
-9999 -9999 -9999 -9999 14 17 19 17 24 19 17 18 24 23 22 21 22 20 19 8 17 7 11 9 11 17 14 14 15 17 21 20 18 22 27 26 18 22 23 24 19 20 26 23 26 22 20 22 23 25 25 24 26 24 25 26 28 25 20 21 22 18 18 24 15 24 19 22 22 -9999 -9999 -9999 -9999 -9999 -9999 -9999 -9999 -9999 -9999 -9999 -9999 -9999 -9999 -9999 -9999 -9999 -9999 -9999 -9999 -9999 -9999 -9999 -9999 -9999
-9999 -9999 -9999 -9999 9 14 16 14 23 26 23 21 20 24 25 21 -9999 -9999 -9999 8 5 2 2 13 9 14 11 21 17 17 16 19 24 19 30 25 17 25 24 25 19 20 26 24 17 24 25 16 16 16 20 26 28 23 25 25 32 32 20 19 10 19 13 20 19 17 23 17 23 -9999 -9999 -9999 -9999 -9999 -9999 -9999 -9999 -9999 -9999 -9999 -9999 -9999 -9999 -9999 -9999 -9999 -9999 -9999 -9999 -9999 -9999 -9999 -9999 -9999
-9999 -9999 -9999 -9999 17 16 17 18 22 24 20 19 24 18 20 22 -9999 -9999 -9999 -9999 0 1 1 8 11 20 14 19 9 14 19 17 19 18 29 26 24 20 21 20 18 16 16 16 16 25 25 18 23 20 22 22 20 18 16 22 19 20 18 24 22 19 19 15 24 21 32767 32767 32767 12 -9999 -9999 -9999 -9999 -9999 -9999 -9999 -9999 -9999 -9999 -9999 -9999 -9999 -9999 -9999 -9999 -9999 -9999 -9999 -9999 -9999 -9999 -9999 -9999
-9999 -9999 -9999 -9999 -9999 -9999 -9999 18 28 20 19 20 21 20 -9999 -9999 -9999 -9999 -9999 -9999 6 0 1 0 19 11 11 15 4 13 12 20 18 24 19 26 25 23 22 21 23 22 17 25 25 20 22 25 19 23 21 19 22 20 24 21 22 22 22 24 25 23 21 32767 32767 16 24 27 25 32767 -9999 -9999 -9999 -9999 -9999 -9999 -9999 -9999 -9999 -9999 -9999 -9999 -9999 -9999 -9999 -9999 -9999 -9999 -9999 -9999 -9999 -9999 -9999 -9999
-9999 -9999 -9999 -9999 -9999 -9999 -9999 -9999 23 21 19 22 21 -9999 -9999 -9999 -9999 -9999 -9999 -9999 7 1 0 1 8 10 10 18 10 1 16 11 20 21 22 23 28 28 28 25 21 21 19 17 20 23 21 20 24 18 20 21 24 22 19 23 23 22 22 20 21 32767 32767 20 22 20 24 22 23 32767 22 21 -9999 -9999 -9999 -9999 -9999 -9999 -9999 -9999 -9999 -9999 -9999 -9999 -9999 -9999 -9999 -9999 -9999 -9999 -9999 -9999 -9999 -9999
-9999 -9999 -9999 -9999 -9999 -9999 -9999 -9999 -9999 26 23 20 -9999 -9999 -9999 -9999 -9999 -9999 -9999 -9999 7 1 7 9 1 3 0 0 0 0 10 8 18 22 24 16 16 16 23 26 16 21 20 21 20 25 20 23 23 20 26 23 20 22 21 21 19 18 26 22 32767 23 20 18 22 19 17 24 22 19 18 27 32767 -9999 -9999 -9999 -9999 -9999 -9999 -9999 -9999 -9999 -9999 -9999 -9999 -9999 -9999 -9999 -9999 -9999 -9999 -9999 -9999 -9999
-9999 -9999 -9999 -9999 -9999 -9999 -9999 -9999 -9999 -9999 -9999 -9999 -9999 -9999 -9999 -9999 -9999 -9999 -9999 -9999 17 5 2 8 1 0 0 0 0 0 12 8 21 18 20 23 19 25 19 22 22 18 21 21 20 18 24 20 23 20 20 20 18 16 19 20 26 24 32767 20 24 24 25 21 22 19 21 24 28 20 32767 30 32767 -9999 -9999 -9999 -9999 -9999 -9999 -9999 -9999 -9999 -9999 -9999 -9999 -9999 -9999 -9999 -9999 -9999 -9999 -9999 -9999 -9999
-9999 -9999 -9999 -9999 -9999 -9999 -9999 -9999 -9999 -9999 -9999 -9999 -9999 -9999 -9999 -9999 -9999 -9999 -9999 -9999 17 5 1 1 1 1 0 0 0 0 2 3 10 18 9 13 18 18 24 24 19 21 20 20 22 24 21 21 24 25 20 19 20 16 21 17 23 32767 26 26 26 22 23 21 24 16 15 24 23 26 32767 29 32767 32767 -9999 -9999 -9999 -9999 -9999 -9999 -9999 -9999 -9999 -9999 -9999 -9999 -9999 -9999 -9999 -9999 -9999 -9999 -9999 -9999
-9999 -9999 -9999 -9999 -9999 -9999 -9999 -9999 -9999 -9999 -9999 -9999 -9999 -9999 -9999 -9999 -9999 -9999 -9999 -9999 19 6 0 0 0 0 1 1 0 0 2 1 10 11 12 21 13 18 20 20 22 23 23 23 24 24 23 18 19 21 21 20 19 23 19 32767 23 26 27 26 20 25 22 21 23 17 24 26 25 24 23 20 32767 32767 -9999 -9999 -9999 -9999 -9999 -9999 -9999 -9999 -9999 -9999 -9999 -9999 -9999 -9999 -9999 -9999 -9999 -9999 -9999 -9999
-9999 -9999 -9999 -9999 -9999 -9999 -9999 -9999 -9999 -9999 -9999 -9999 -9999 -9999 -9999 -9999 -9999 -9999 -9999 -9999 19 0 0 0 2 0 1 1 0 0 0 0 1 6 20 10 17 24 21 20 18 21 18 22 23 20 18 22 20 22 21 21 21 32767 16 24 27 23 26 23 22 27 20 24 25 22 25 25 26 21 24 32767 20 32767 -9999 -9999 -9999 -9999 -9999 -9999 -9999 -9999 -9999 -9999 -9999 -9999 -9999 -9999 -9999 -9999 -9999 -9999 -9999 -9999
-9999 -9999 -9999 -9999 -9999 -9999 -9999 -9999 -9999 -9999 -9999 -9999 -9999 -9999 -9999 -9999 -9999 -9999 -9999 -9999 6 0 0 2 2 2 0 1 1 3 0 0 0 0 14 7 21 15 21 20 15 18 19 22 23 17 14 22 20 19 21 22 32767 19 18 19 19 19 26 22 25 20 22 18 23 24 -9999 20 20 21 20 27 25 32767 8 -9999 -9999 -9999 -9999 -9999 -9999 -9999 -9999 -9999 -9999 -9999 -9999 -9999 -9999 -9999 -9999 -9999 -9999 -9999
-9999 -9999 -9999 -9999 -9999 -9999 -9999 -9999 -9999 -9999 -9999 -9999 -9999 -9999 -9999 -9999 -9999 -9999 -9999 -9999 -9999 -9999 0 2 2 0 0 0 2 3 3 0 0 0 11 17 14 18 20 21 17 18 19 19 19 14 12 16 17 19 32767 24 21 23 22 17 24 21 21 25 25 26 26 25 20 20 -9999 -9999 -9999 -9999 -9999 -9999 -9999 32767 7 -9999 -9999 -9999 -9999 -9999 -9999 -9999 -9999 -9999 -9999 -9999 -9999 -9999 -9999 -9999 -9999 -9999 -9999 -9999
