ValueNro_2398/sve_ValueNro_2398_downslope_distance.asc
ncols        141
nrows        228
xllcorner    356256.000000000000
yllcorner    6857312.000000000000
cellsize     16.000000000000
NODATA_value  -9999
[rows 105 to 125 of 228, columns 0 to 45 of 141]
-9999 -9999 -9999 -9999 -9999 -9999 -9999 -9999 -9999 -9999 -9999 -9999 -9999 -9999 -9999 -9999 -9999 -9999 -9999 -9999 -9999 -9999 -9999 -9999 -9999 -9999 -9999 -9999 139.8822479248046875 122.56854248046875 101.7401123046875 81.2548370361328125 57.112697601318359375 22.627416610717773438 11.656854629516601562 6 4 4 8.4852809906005859375 20.1421356201171875 25.798990249633789062 43.79898834228515625 125.39697265625 146.22540283203125 130.7106781005859375 109.05382537841796875
-9999 -9999 -9999 -9999 -9999 -9999 -9999 -9999 -9999 -9999 -9999 -9999 -9999 -9999 -9999 -9999 -9999 -9999 -9999 -9999 -9999 -9999 -9999 -9999 -9999 -9999 -9999 172.024383544921875 152.3675384521484375 131.5391082763671875 108.22539520263671875 26.627416610717773438 18.1421356201171875 11.656854629516601562 2.8284270763397216797 10.828427314758300781 13.656854629516601562 17.313709259033203125 26.1421356201171875 39.79898834228515625 49.94112396240234375 142.3675384521484375 124.22539520263671875 103.7401123046875 86.08325958251953125 70.4264068603515625
-9999 -9999 -9999 -9999 -9999 -9999 -9999 -9999 -9999 -9999 -9999 -9999 -9999 -9999 -9999 -9999 -9999 -9999 -9999 -9999 -9999 -9999 -9999 -9999 -9999 73.7401123046875 63.597980499267578125 51.112697601318359375 40.62741851806640625 28.627416610717773438 20.970561981201171875 12.828427314758300781 4.8284273147583007812 4 10.485280990600585938 22.970561981201171875 32.1421356201171875 40.62741851806640625 135.39697265625 116.91168975830078125 100.56854248046875 84.08325958251953125 115.7401123046875 98.76955413818359375 80.76955413818359375 65.94112396240234375
-9999 -9999 -9999 -9999 -9999 -9999 -9999 -9999 -9999 -9999 -9999 -9999 -9999 -9999 -9999 -9999 -9999 -9999 -9999 -9999 -9999 -9999 -9999 -9999 78.91168975830078125 60.08325958251953125 44.284271240234375 33.455844879150390625 24.1421356201171875 14.1421356201171875 4.8284273147583007812 4 10.828427314758300781 18.828426361083984375 25.313709259033203125 56.4264068603515625 171.0538177490234375 149.39697265625 136.91168212890625 121.2548370361328125 94.76955413818359375 78.284271240234375 61.94112396240234375 91.5979766845703125 81.5979766845703125 65.112701416015625
-9999 -9999 -9999 -9999 -9999 -9999 -9999 -9999 -9999 -9999 -9999 -9999 -9999 -9999 -9999 -9999 -9999 -9999 -9999 -9999 -9999 -9999 -9999 85.5391082763671875 64.08325958251953125 49.597980499267578125 32.284271240234375 19.313709259033203125 9.6568546295166015625 2.8284270763397216797 8.4852809906005859375 18.1421356201171875 28.970561981201171875 37.79898834228515625 204.3675384521484375 200.3675384521484375 175.0538177490234375 148.56854248046875 131.5979766845703125 113.5979766845703125 91.79898834228515625 75.455841064453125 58.970561981201171875 40.48528289794921875 25.656854629516601562 12.828427314758300781
-9999 -9999 -9999 -9999 -9999 -9999 -9999 -9999 -9999 -9999 -9999 -9999 -9999 -9999 -9999 -9999 -9999 -9999 -9999 -9999 106.024383544921875 91.39697265625 75.05382537841796875 59.597980499267578125 53.254833221435546875 39.94112396240234375 25.798990249633789062 8.8284273147583007812 4.8284273147583007812 15.313708305358886719 21.798990249633789062 79.112701416015625 71.94112396240234375 59.112697601318359375 74.76955413818359375 212.1665191650390625 194.1665191650390625 170.3675384521484375 136.91168212890625 121.5979766845703125 98.284271240234375 81.2548370361328125 65.94112396240234375 48.970561981201171875 36.970561981201171875 22.485280990600585938
-9999 -9999 -9999 -9999 -9999 -9999 -9999 -9999 -9999 -9999 -9999 -9999 -9999 -9999 -9999 -9999 -9999 -9999 -9999 116.852813720703125 100.36753082275390625 75.7401123046875 58.08325958251953125 44.76955413818359375 33.455844879150390625 24.970561981201171875 16.1421356201171875 4 13.656854629516601562 29.798990249633789062 43.94112396240234375 113.2548370361328125 97.2548370361328125 85.5979766845703125 244.4507904052734375 224.6518096923828125 188.7106781005859375 168.3675384521484375 149.39697265625 125.05382537841796875 106.91168975830078125 92.08325958251953125 77.455841064453125 69.455841064453125 121.5979766845703125 106.76955413818359375
-9999 -9999 -9999 -9999 -9999 -9999 -9999 -9999 -9999 -9999 -9999 -9999 -9999 -9999 -9999 -9999 -9999 -9999 297.646759033203125 118.852813720703125 92.7106781005859375 49.597980499267578125 39.112697601318359375 32.284271240234375 20.970561981201171875 10.485280990600585938 4 7.6568541526794433594 20.970561981201171875 36.284271240234375 134.22540283203125 395.161468505859375 389.161468505859375 374.333038330078125 248.6518096923828125 225.3380889892578125 192.7106781005859375 172.7106781005859375 158.22540283203125 136.22540283203125 124.56854248046875 181.0538177490234375 161.39697265625 144.56854248046875 125.2548370361328125 102.76955413818359375
-9999 -9999 -9999 -9999 -9999 -9999 -9999 -9999 -9999 -9999 -9999 -9999 -9999 -9999 -9999 -9999 -9999 -9999 132.9949493408203125 62.4264068603515625 47.94112396240234375 31.455844879150390625 22.485280990600585938 15.313708305358886719 8.4852809906005859375 2.8284270763397216797 13.313708305358886719 20.970561981201171875 30.627416610717773438 448.558441162109375 426.41632080078125 406.333038330078125 388.333038330078125 369.161468505859375 351.01934814453125 227.3380889892578125 203.195953369140625 259.480224609375 244.509674072265625 224.852813720703125 208.024383544921875 189.5391082763671875 166.7106781005859375 142.56854248046875 117.2548370361328125 99.112701416015625
-9999 -9999 -9999 -9999 -9999 -9999 -9999 -9999 -9999 -9999 -9999 -9999 -9999 -9999 -9999 -9999 -9999 -9999 74.76955413818359375 53.455844879150390625 34.284271240234375 20.1421356201171875 7.6568541526794433594 4 7.6568541526794433594 15.313708305358886719 26.1421356201171875 36.284271240234375 45.112697601318359375 455.043731689453125 435.244720458984375 413.587890625 394.6173095703125 381.646759033203125 346.5340576171875 324.39190673828125 294.249786376953125 271.96551513671875 246.1665191650390625 231.681243896484375 216.509674072265625 201.681243896484375 159.39697265625 139.941131591796875 125.2548370361328125 107.112701416015625
-9999 -9999 -9999 -9999 -9999 -9999 -9999 -9999 -9999 -9999 -9999 -9999 -9999 -9999 -9999 -9999 -9999 -9999 70.91168975830078125 40.62741851806640625 25.798990249633789062 10.828427314758300781 4.8284273147583007812 16 23.313709259033203125 29.455844879150390625 39.455844879150390625 50.76955413818359375 138.56854248046875 463.52899169921875 434.073150634765625 406.132049560546875 388.818328857421875 372.818328857421875 357.504608154296875 323.2203369140625 303.906646728515625 282.7939453125 270.30865478515625 250.1665191650390625 224.1665191650390625 181.39697265625 162.91168212890625 146.0832672119140625 127.94112396240234375 112.284271240234375
-9999 -9999 -9999 -9999 -9999 -9999 -9999 -9999 -9999 -9999 -9999 -9999 -9999 -9999 -9999 -9999 -9999 -9999 52.76955413818359375 32.284271240234375 16.485280990600585938 4 13.656854629516601562 28.1421356201171875 39.79898834228515625 47.455844879150390625 57.112697601318359375 85.112701416015625 124.91168975830078125 477.52899169921875 448.073150634765625 406.818328857421875 388.818328857421875 371.504608154296875 350.19091796875 333.70562744140625 312.592926025390625 254.852813720703125 236.852813720703125 220.3675384521484375 203.0538177490234375 186.7106781005859375 168.22540283203125 152.91168212890625 130.4264068603515625 101.5979766845703125
-9999 -9999 -9999 -9999 -9999 -9999 -9999 -9999 -9999 -9999 -9999 -9999 -9999 -9999 -9999 -9999 -9999 -9999 47.94112396240234375 22.970561981201171875 8.4852809906005859375 4.8284273147583007812 20.970561981201171875 36.284271240234375 59.112697601318359375 65.94112396240234375 75.94112396240234375 92.76955413818359375 110.4264068603515625 126.4264068603515625 420.132049560546875 407.161468505859375 390.676177978515625 374.676177978515625 357.01934814453125 351.36248779296875 326.04876708984375 316.39190673828125 242.509674072265625 226.509674072265625 210.852813720703125 195.195953369140625 175.0538177490234375 159.39697265625 123.39697265625 106.08325958251953125
-9999 -9999 -9999 -9999 -9999 -9999 -9999 -9999 -9999 -9999 -9999 -9999 -9999 -9999 -9999 -9999 -9999 53.112697601318359375 26.970561981201171875 14.1421356201171875 2.8284270763397216797 14.828427314758300781 30.828426361083984375 45.455844879150390625 67.112701416015625 81.2548370361328125 88.08325958251953125 102.91168975830078125 124.08325958251953125 133.7401123046875 445.303619384765625 426.132049560546875 403.989898681640625 385.504608154296875 369.504608154296875 346.19091796875 307.078216552734375 302.249786376953125 251.96551513671875 236.6518096923828125 218.509674072265625 190.509674072265625 169.195953369140625 146.7106781005859375 126.22539520263671875 103.7401123046875
-9999 -9999 -9999 -9999 -9999 -9999 -9999 -9999 -9999 -9999 -9999 -9999 -9999 -9999 -9999 -9999 -9999 30.1421356201171875 15.313708305358886719 4.8284273147583007812 8.4852809906005859375 23.313709259033203125 42.970561981201171875 56.76955413818359375 71.2548370361328125 88.91168975830078125 106.22539520263671875 138.0832672119140625 141.7401123046875 461.44573974609375 451.78887939453125 434.132049560546875 416.475189208984375 398.818328857421875 382.333038330078125 328.877197265625 300.249786376953125 278.592926025390625 262.4508056640625 224.6518096923828125 209.480224609375 191.3380889892578125 168.3675384521484375 150.024383544921875 124.08325958251953125 103.94112396240234375
-9999 -9999 -9999 -9999 -9999 -9999 -9999 -9999 -9999 -9999 -9999 -9999 -9999 -9999 -9999 -9999 -9999 -9999 6.8284273147583007812 10.828427314758300781 19.798990249633789062 31.798990249633789062 52.284271240234375 66.76955413818359375 82.4264068603515625 97.5979766845703125 115.8822479248046875 159.39697265625 165.39697265625 476.6173095703125 465.78887939453125 446.96044921875 427.303619384765625 412.475189208984375 339.70562744140625 324.04876708984375 301.078216552734375 286.592926025390625 274.107635498046875 240.4507904052734375 213.1370849609375 193.8233795166015625 176.9949493408203125 171.681243896484375 160.024383544921875 111.7401123046875
-9999 -9999 -9999 -9999 -9999 -9999 -9999 -9999 -9999 -9999 -9999 -9999 -9999 -9999 -9999 -9999 -9999 -9999 24.970561981201171875 36.62741851806640625 35.455844879150390625 56.4264068603515625 74.56854248046875 77.2548370361328125 90.08325958251953125 133.3380889892578125 157.96551513671875 190.9360809326171875 203.9066314697265625 490.75946044921875 473.9310302734375 457.44573974609375 438.96044921875 419.303619384765625 345.01934814453125 329.2203369140625 310.735076904296875 287.078216552734375 267.764495849609375 252.592926025390625 236.1076507568359375 201.480224609375 190.30865478515625 175.3380889892578125 148.024383544921875 117.8822479248046875
-9999 -9999 -9999 -9999 -9999 -9999 -9999 -9999 -9999 -9999 -9999 -9999 -9999 -9999 -9999 -9999 -9999 -9999 -9999 49.94112396240234375 60.4264068603515625 64.91168975830078125 87.39697265625 99.5391082763671875 117.33809661865234375 135.3380889892578125 159.1370849609375 610.23968505859375 617.068115234375 506.75946044921875 483.44573974609375 467.44573974609375 451.10260009765625 370.676177978515625 355.01934814453125 348.5340576171875 309.2203369140625 294.735076904296875 288.249786376953125 260.936065673828125 239.2792205810546875 219.6223602294921875 202.6518096923828125 182.1665191650390625 143.195953369140625 125.7401123046875
-9999 -9999 -9999 -9999 -9999 -9999 -9999 -9999 -9999 -9999 -9999 -9999 -9999 -9999 -9999 -9999 -9999 -9999 -9999 70.08325958251953125 73.2548370361328125 85.39697265625 83.8822479248046875 99.5391082763671875 118.50966644287109375 140.1665191650390625 160.30865478515625 605.4112548828125 594.92596435546875 552.6417236328125 500.558441162109375 478.41632080078125 405.646759033203125 383.504608154296875 371.8477783203125 349.01934814453125 322.39190673828125 306.39190673828125 283.421356201171875 265.764495849609375 248.4507904052734375 228.7939453125 182.1665191650390625 165.681243896484375 154.024383544921875 132.22540283203125
-9999 -9999 -9999 -9999 -9999 -9999 -9999 -9999 -9999 -9999 -9999 -9999 -9999 -9999 -9999 -9999 -9999 -9999 -9999 83.39697265625 91.7401123046875 100.22539520263671875 111.19596099853515625 106.852813720703125 120.9949493408203125 140.9949493408203125 586.92596435546875 578.92596435546875 553.47015380859375 535.3280029296875 529.3280029296875 491.730010986328125 416.132049560546875 400.96044921875 370.818328857421875 347.8477783203125 323.70562744140625 303.563507080078125 305.906646728515625 252.1076507568359375 235.6223602294921875 207.1370849609375 226.024383544921875 219.195953369140625 201.195953369140625 173.0538177490234375
-9999 -9999 -9999 -9999 -9999 -9999 -9999 -9999 -9999 -9999 -9999 -9999 -9999 -9999 -9999 -9999 -9999 -9999 -9999 45.79898834228515625 62.970561981201171875 80.62741851806640625 126.50966644287109375 134.9949493408203125 132.30865478515625 147.6223602294921875 573.26910400390625 561.95538330078125 534.6417236328125 518.49957275390625 514.84271240234375 502.215301513671875 478.41632080078125 484.901580810546875 429.587890625 373.36248779296875 347.70562744140625 337.2203369140625 318.735076904296875 292.592926025390625 276.107635498046875 217.6223602294921875 239.480224609375 223.480224609375 203.8233795166015625 163.5391082763671875
