ValueNro_2398/sve_ValueNro_2398_downslope_distance.asc
ncols        141
nrows        228
xllcorner    356256.000000000000
yllcorner    6857312.000000000000
cellsize     16.000000000000
NODATA_value  -9999
[rows 42 to 62 of 228, columns 92 to 137 of 141]
311.36248779296875 304.877197265625 15.656854629516601562 4.8284273147583007812 37.65685272216796875 60.284271240234375 63.254833221435546875 67.39697265625 74.56854248046875 88.7106781005859375 104.7106781005859375 125.05382537841796875 687.89654541015625 685.068115234375 682.58282470703125 686.58282470703125 703.4112548828125 723.89654541015625 741.89654541015625 775.4356689453125 775.4356689453125 762.26409912109375 757.4356689453125 90.76955413818359375 80.284271240234375 -9999 -9999 -9999 -9999 -9999 -9999 -9999 -9999 -9999 -9999 -9999 -9999 -9999 -9999 -9999 -9999 -9999 -9999 -9999 -9999 -9999
304.04876708984375 294.39190673828125 16.828426361083984375 5.6568541526794433594 20.485280990600585938 42.62741851806640625 44.284271240234375 51.94112396240234375 64.4264068603515625 79.39697265625 96.4264068603515625 118.4264068603515625 665.4112548828125 664.92596435546875 662.0975341796875 669.75439453125 687.4112548828125 701.4112548828125 761.77880859375 756.1219482421875 741.29351806640625 742.1219482421875 737.29351806640625 83.5979766845703125 66.62741851806640625 -9999 -9999 -9999 -9999 -9999 -9999 -9999 -9999 -9999 -9999 -9999 -9999 -9999 -9999 -9999 -9999 -9999 -9999 -9999 -9999 -9999
285.078216552734375 280.735076904296875 24.828426361083984375 8.8284273147583007812 4.8284273147583007812 16.485280990600585938 28.1421356201171875 40.284271240234375 56.284271240234375 72.284271240234375 88.91168975830078125 108.08325958251953125 646.92596435546875 648.0975341796875 644.440673828125 656.0975341796875 672.58282470703125 689.4112548828125 756.465087890625 741.97979736328125 727.1513671875 711.97979736328125 717.97979736328125 711.1513671875 56.970561981201171875 39.65685272216796875 -9999 -9999 -9999 -9999 -9999 -9999 -9999 -9999 -9999 -9999 -9999 -9999 -9999 -9999 -9999 -9999 -9999 -9999 -9999 -9999
255.764495849609375 256.592926025390625 54.62741851806640625 36.970561981201171875 16.1421356201171875 4.8284273147583007812 16.1421356201171875 31.798990249633789062 50.284271240234375 66.284271240234375 83.112701416015625 109.7401123046875 631.61224365234375 623.95538330078125 631.61224365234375 643.61224365234375 652.58282470703125 660.23968505859375 724.8082275390625 735.1513671875 720.32293701171875 703.00921630859375 687.00921630859375 690.66607666015625 698.32293701171875 44.1421356201171875 15.656854629516601562 -9999 -9999 -9999 -9999 -9999 -9999 -9999 -9999 -9999 -9999 -9999 -9999 -9999 -9999 -9999 -9999 -9999 -9999 -9999
240.9360809326171875 241.764495849609375 85.94112396240234375 64.62741851806640625 44.62741851806640625 13.656854629516601562 7.6568541526794433594 26.485280990600585938 52.62741851806640625 66.62741851806640625 103.39697265625 115.7401123046875 610.7838134765625 606.298583984375 616.298583984375 625.61224365234375 582.6417236328125 592.298583984375 603.95538330078125 703.97979736328125 685.837646484375 674.66607666015625 668.52392578125 676.1807861328125 211.1370849609375 199.480224609375 18.485280990600585938 2.8284270763397216797 13.313708305358886719 28.1421356201171875 48.284271240234375 63.94112396240234375 -9999 -9999 -9999 -9999 -9999 -9999 -9999 -9999 -9999 -9999 -9999 -9999 -9999 -9999
222.7939453125 213.1370849609375 76.284271240234375 60.284271240234375 45.112697601318359375 13.656854629516601562 4.8284273147583007812 51.94112396240234375 66.4264068603515625 82.76955413818359375 92.4264068603515625 102.4264068603515625 590.6417236328125 588.6417236328125 592.298583984375 556.0142822265625 566.84271240234375 581.3280029296875 593.47015380859375 694.66607666015625 679.837646484375 656.86712646484375 649.695556640625 659.35235595703125 195.96551513671875 182.6518096923828125 30.970561981201171875 12.828427314758300781 4.8284273147583007812 20.485280990600585938 49.455844879150390625 69.94112396240234375 -9999 -9999 -9999 -9999 -9999 -9999 -9999 -9999 -9999 -9999 -9999 -9999 -9999 -9999
205.1370849609375 193.480224609375 74.76955413818359375 56.284271240234375 40.284271240234375 16.485280990600585938 4.8284273147583007812 31.798990249633789062 47.455844879150390625 63.455844879150390625 78.76955413818359375 102.56854248046875 556.15643310546875 566.49957275390625 578.98486328125 537.87213134765625 552.0142822265625 565.3280029296875 579.81329345703125 599.3280029296875 662.0386962890625 644.0386962890625 631.55340576171875 651.695556640625 168.9949493408203125 164.1665191650390625 157.8233795166015625 131.8822479248046875 129.8822479248046875 24.1421356201171875 86.08325958251953125 -9999 -9999 -9999 -9999 -9999 -9999 -9999 -9999 -9999 -9999 -9999 -9999 -9999 -9999 -9999
188.1665191650390625 180.1665191650390625 71.112701416015625 57.94112396240234375 39.313709259033203125 16.485280990600585938 4.8284273147583007812 22.970561981201171875 41.455844879150390625 58.62741851806640625 73.94112396240234375 101.39697265625 540.0142822265625 534.7005615234375 516.901611328125 525.87213134765625 540.357421875 552.357421875 549.671142578125 561.47015380859375 625.4112548828125 625.068115234375 610.58282470703125 606.58282470703125 158.9949493408203125 144.852813720703125 137.681243896484375 130.852813720703125 121.39697265625 123.7401123046875 -9999 -9999 -9999 -9999 -9999 -9999 -9999 -9999 -9999 -9999 -9999 -9999 -9999 -9999 -9999 -9999
172.9949493408203125 158.024383544921875 142.3675384521484375 56.62741851806640625 51.455844879150390625 24.1421356201171875 4 21.313709259033203125 36.970561981201171875 53.313709259033203125 71.79898834228515625 109.05382537841796875 518.21527099609375 504.901580810546875 499.730010986328125 507.386871337890625 510.700592041015625 522.357421875 536.84271240234375 555.18585205078125 579.61224365234375 614.23968505859375 595.75439453125 179.8233795166015625 157.681243896484375 140.852813720703125 118.7106781005859375 114.7106781005859375 102.08325958251953125 -9999 -9999 -9999 -9999 -9999 -9999 -9999 -9999 -9999 -9999 -9999 -9999 -9999 -9999 -9999 -9999 -9999
156.509674072265625 142.024383544921875 135.5391082763671875 57.455844879150390625 42.1421356201171875 27.313709259033203125 4.8284273147583007812 20.970561981201171875 44.1421356201171875 59.94112396240234375 74.4264068603515625 98.22539520263671875 503.730010986328125 487.244720458984375 484.41632080078125 487.730010986328125 496.215301513671875 492.700592041015625 496.357421875 508.0142822265625 567.12701416015625 583.26910400390625 578.0975341796875 572.440673828125 572.298583984375 567.95538330078125 99.39697265625 87.39697265625 81.5979766845703125 -9999 -9999 -9999 -9999 -9999 -9999 -9999 -9999 -9999 -9999 -9999 -9999 -9999 -9999 -9999 -9999 -9999
141.5391082763671875 127.19596099853515625 119.5391082763671875 56.970561981201171875 38.48528289794921875 20.828426361083984375 4.8284273147583007812 16.485280990600585938 34.1421356201171875 54.284271240234375 75.2548370361328125 91.7401123046875 476.558441162109375 468.75946044921875 461.10260009765625 473.587890625 484.41632080078125 471.386871337890625 481.043731689453125 488.357421875 544.7838134765625 541.47015380859375 559.12701416015625 553.12701416015625 555.47015380859375 560.6417236328125 93.2548370361328125 76.08325958251953125 63.94112396240234375 61.455844879150390625 -9999 -9999 -9999 -9999 -9999 -9999 -9999 -9999 -9999 -9999 -9999 -9999 -9999 -9999 -9999 -9999
124.7106781005859375 108.22539520263671875 95.39697265625 87.5979766845703125 40.1421356201171875 21.656854629516601562 4.8284273147583007812 13.313708305358886719 32.1421356201171875 52.62741851806640625 54.76955413818359375 68.76955413818359375 454.41632080078125 450.75946044921875 444.274169921875 460.41632080078125 457.386871337890625 456.558441162109375 464.073150634765625 467.872161865234375 477.043731689453125 523.3280029296875 518.49957275390625 526.15643310546875 538.6417236328125 130.22540283203125 112.56854248046875 67.5979766845703125 51.112697601318359375 41.313709259033203125 70.9705657958984375 -9999 -9999 -9999 -9999 -9999 -9999 -9999 -9999 -9999 -9999 -9999 -9999 -9999 -9999 -9999
111.7401123046875 95.39697265625 80.4264068603515625 72.76955413818359375 42.62741851806640625 22.828426361083984375 4.8284273147583007812 13.656854629516601562 28.485280990600585938 28.970561981201171875 41.455844879150390625 57.455844879150390625 77.455841064453125 431.10260009765625 430.274169921875 442.75946044921875 432.41632080078125 434.75946044921875 442.41632080078125 452.558441162109375 460.215301513671875 502.84271240234375 501.18585205078125 512.84271240234375 528.49957275390625 117.7401123046875 98.91168975830078125 58.970561981201171875 38.62741851806640625 24.828426361083984375 54.1421356201171875 -9999 -9999 -9999 -9999 -9999 -9999 -9999 -9999 -9999 -9999 -9999 -9999 -9999 -9999 -9999
108.22539520263671875 90.56854248046875 71.5979766845703125 57.112697601318359375 35.112697601318359375 21.656854629516601562 6.8284273147583007812 2.8284270763397216797 4.8284273147583007812 19.313709259033203125 35.79898834228515625 58.284271240234375 423.78887939453125 408.96044921875 408.6173095703125 411.10260009765625 418.75946044921875 420.274169921875 429.9310302734375 435.587890625 446.901580810546875 487.52899169921875 481.52899169921875 506.0142822265625 516.0142822265625 101.7401123046875 89.2548370361328125 68.76955413818359375 21.656854629516601562 6.8284273147583007812 37.313709259033203125 -9999 -9999 -9999 -9999 -9999 -9999 -9999 -9999 -9999 -9999 -9999 -9999 -9999 -9999 -9999
99.94112396240234375 81.94112396240234375 65.455841064453125 44.62741851806640625 28.1421356201171875 9.6568546295166015625 4 6.8284273147583007812 4 13.656854629516601562 32.48528289794921875 48.970561981201171875 397.303619384765625 388.475189208984375 393.303619384765625 391.78887939453125 403.44573974609375 400.6173095703125 405.10260009765625 419.587890625 432.41632080078125 449.386871337890625 469.872161865234375 485.52899169921875 235.421356201171875 96.4264068603515625 78.76955413818359375 58.62741851806640625 27.656854629516601562 8.8284273147583007812 14.485280990600585938 -9999 -9999 -9999 -9999 -9999 -9999 -9999 -9999 -9999 -9999 -9999 -9999 -9999 -9999 -9999
124.22539520263671875 83.94112396240234375 68.08325958251953125 42.284271240234375 22.485280990600585938 4.8284273147583007812 10.828427314758300781 4 16.828426361083984375 6.8284273147583007812 25.656854629516601562 42.1421356201171875 371.989898681640625 370.818328857421875 369.161468505859375 378.475189208984375 386.96044921875 383.78887939453125 390.96044921875 405.10260009765625 424.41632080078125 447.244720458984375 460.901580810546875 211.2792205810546875 204.1076507568359375 154.024383544921875 138.7106781005859375 52.48528289794921875 32.970561981201171875 16.485280990600585938 4.8284273147583007812 21.313709259033203125 -9999 -9999 -9999 -9999 -9999 -9999 -9999 -9999 -9999 -9999 -9999 -9999 -9999 -9999
112.56854248046875 92.91168975830078125 70.08325958251953125 35.65685272216796875 16.828426361083984375 4 17.313709259033203125 4 13.656854629516601562 6 22.485280990600585938 40.1421356201171875 77.5979766845703125 352.333038330078125 354.333038330078125 374.132049560546875 371.303619384765625 364.818328857421875 382.96044921875 396.96044921875 416.6173095703125 197.1370849609375 189.480224609375 181.1370849609375 181.1370849609375 164.3675384521484375 129.0538177490234375 113.7401123046875 40.48528289794921875 24.485280990600585938 6.8284273147583007812 7.6568541526794433594 20.970561981201171875 34.284271240234375 -9999 -9999 -9999 -9999 -9999 -9999 -9999 -9999 -9999 -9999 -9999 -9999
101.7401123046875 81.5979766845703125 59.597980499267578125 39.79898834228515625 14 4 18.1421356201171875 4 17.656854629516601562 4.8284273147583007812 20.485280990600585938 41.313709259033203125 61.79898834228515625 332.19091796875 333.01934814453125 338.676177978515625 339.01934814453125 354.818328857421875 386.96044921875 403.9310302734375 414.274169921875 169.8233795166015625 167.8233795166015625 159.3380889892578125 158.852813720703125 150.7106781005859375 122.91168975830078125 101.7401123046875 86.4264068603515625 33.313709259033203125 18.485280990600585938 4.8284273147583007812 10.485280990600585938 24.1421356201171875 39.79898834228515625 56.48528289794921875 -9999 -9999 -9999 -9999 -9999 -9999 -9999 -9999 -9999 -9999
90.4264068603515625 78.76955413818359375 54.284271240234375 36.48528289794921875 17.656854629516601562 4 18.485280990600585938 4 13.656854629516601562 4.8284273147583007812 20 39.313709259033203125 56.1421356201171875 316.877197265625 313.70562744140625 317.70562744140625 323.70562744140625 341.36248779296875 384.96044921875 402.274169921875 176.9949493408203125 160.9949493408203125 145.3380889892578125 140.024383544921875 144.852813720703125 134.22540283203125 97.2548370361328125 77.2548370361328125 71.112701416015625 42.62741851806640625 28.970561981201171875 14.485280990600585938 4 17.313709259033203125 34.970561981201171875 44.48528289794921875 47.79898834228515625 -9999 -9999 -9999 -9999 -9999 -9999 -9999 -9999 -9999
72.91168975830078125 66.284271240234375 69.7401123046875 35.313709259033203125 18 4.8284273147583007812 22.485280990600585938 4 12.485280990600585938 6.8284273147583007812 24 40.970561981201171875 59.313709259033203125 298.04876708984375 292.04876708984375 295.2203369140625 316.5340576171875 347.8477783203125 402.274169921875 413.9310302734375 166.9949493408203125 148.1665191650390625 132.024383544921875 119.5391082763671875 119.05382537841796875 116.56854248046875 73.5979766845703125 60.76955413818359375 53.94112396240234375 48.1421356201171875 39.79898834228515625 23.313709259033203125 4.8284273147583007812 9.6568546295166015625 25.656854629516601562 28.485280990600585938 32.1421356201171875 -9999 -9999 -9999 -9999 -9999 -9999 -9999 -9999 -9999
57.254833221435546875 50.62741851806640625 56.08325958251953125 37.313709259033203125 20.485280990600585938 4.8284273147583007812 23.313709259033203125 4 11.313708305358886719 6.8284273147583007812 22.828426361083984375 38.828426361083984375 61.79898834228515625 266.936065673828125 273.563507080078125 280.735076904296875 303.2203369140625 325.70562744140625 350.676177978515625 182.1665191650390625 160.9949493408203125 144.852813720703125 123.5391082763671875 102.22539520263671875 95.39697265625 98.08325958251953125 57.597980499267578125 45.112697601318359375 36.62741851806640625 31.313709259033203125 27.656854629516601562 14.828427314758300781 4.8284273147583007812 2.8284270763397216797 9.6568546295166015625 11.656854629516601562 13.313708305358886719 -9999 -9999 -9999 -9999 -9999 -9999 -9999 -9999 -9999
