ValueNro_2398/sve_ValueNro_2398_ika.asc
ncols        141
nrows        228
xllcorner    356256.000000000000
yllcorner    6857312.000000000000
cellsize     16.000000000000
NODATA_value -9999
[rows 82 to 122 of 228, columns 0 to 92 of 141]
-9999 -9999 -9999 -9999 -9999 -9999 -9999 -9999 -9999 -9999 -9999 -9999 -9999 -9999 -9999 -9999 -9999 -9999 -9999 -9999 -9999 -9999 -9999 -9999 -9999 -9999 -9999 -9999 -9999 -9999 -9999 -9999 -9999 -9999 -9999 -9999 -9999 -9999 -9999 -9999 -9999 -9999 -9999 -9999 -9999 -9999 -9999 -9999 -9999 -9999 -9999 -9999 -9999 -9999 -9999 -9999 -9999 -9999 -9999 -9999 -9999 -9999 -9999 -9999 -9999 -9999 -9999 32767 32767 62 113 107 76 83 73 79 65 59 73 96 66 36 38 14 14 34 31 21 53 48 45 56 59
-9999 -9999 -9999 -9999 -9999 -9999 -9999 -9999 -9999 -9999 -9999 -9999 -9999 -9999 -9999 -9999 -9999 -9999 -9999 -9999 -9999 -9999 -9999 -9999 -9999 -9999 -9999 -9999 -9999 -9999 -9999 -9999 -9999 -9999 -9999 -9999 -9999 -9999 -9999 -9999 -9999 -9999 -9999 -9999 -9999 -9999 -9999 -9999 -9999 -9999 -9999 -9999 -9999 -9999 -9999 -9999 -9999 -9999 -9999 -9999 -9999 -9999 -9999 -9999 -9999 -9999 -9999 -9999 -9999 -9999 46 94 63 75 77 85 86 64 56 76 54 49 42 14 10 11 24 14 31 58 48 45 52
-9999 -9999 -9999 -9999 -9999 -9999 -9999 -9999 -9999 -9999 -9999 -9999 -9999 -9999 -9999 -9999 -9999 -9999 -9999 -9999 -9999 -9999 -9999 -9999 -9999 -9999 -9999 -9999 -9999 -9999 -9999 -9999 -9999 -9999 -9999 -9999 -9999 -9999 -9999 -9999 -9999 -9999 -9999 -9999 -9999 -9999 -9999 -9999 -9999 -9999 -9999 -9999 -9999 -9999 -9999 -9999 -9999 -9999 -9999 -9999 -9999 -9999 -9999 -9999 -9999 -9999 -9999 -9999 -9999 -9999 -9999 66 81 74 93 76 53 58 53 63 36 60 19 13 14 17 22 28 31 68 47 45 37
-9999 -9999 -9999 -9999 -9999 -9999 -9999 -9999 -9999 -9999 -9999 -9999 -9999 -9999 -9999 -9999 -9999 -9999 -9999 -9999 -9999 -9999 -9999 -9999 -9999 -9999 -9999 -9999 -9999 -9999 -9999 -9999 -9999 -9999 -9999 -9999 -9999 -9999 -9999 -9999 -9999 -9999 -9999 -9999 -9999 -9999 -9999 -9999 -9999 -9999 -9999 -9999 -9999 -9999 -9999 -9999 -9999 -9999 -9999 -9999 -9999 -9999 -9999 -9999 -9999 -9999 -9999 -9999 -9999 -9999 -9999 -9999 66 63 93 72 65 60 52 59 50 25 24 21 22 22 46 31 48 54 63 32767 32767
-9999 -9999 -9999 -9999 -9999 -9999 -9999 -9999 -9999 -9999 -9999 -9999 -9999 -9999 -9999 -9999 -9999 -9999 -9999 -9999 -9999 -9999 -9999 -9999 -9999 -9999 -9999 -9999 -9999 -9999 -9999 -9999 -9999 -9999 -9999 -9999 -9999 -9999 -9999 -9999 -9999 -9999 -9999 -9999 -9999 -9999 -9999 -9999 -9999 -9999 -9999 -9999 -9999 -9999 -9999 -9999 -9999 -9999 -9999 -9999 -9999 -9999 -9999 -9999 -9999 -9999 -9999 -9999 -9999 -9999 -9999 -9999 -9999 53 80 86 81 87 69 65 66 39 29 26 38 56 56 59 32767 32767 50 42 39
-9999 -9999 -9999 -9999 -9999 -9999 -9999 -9999 -9999 -9999 -9999 -9999 -9999 -9999 -9999 -9999 -9999 -9999 -9999 -9999 -9999 -9999 -9999 -9999 -9999 -9999 -9999 -9999 -9999 -9999 -9999 -9999 -9999 -9999 -9999 -9999 -9999 -9999 -9999 -9999 -9999 -9999 -9999 -9999 -9999 -9999 -9999 -9999 -9999 -9999 -9999 -9999 -9999 -9999 -9999 -9999 -9999 -9999 -9999 -9999 -9999 -9999 -9999 -9999 -9999 -9999 -9999 -9999 -9999 -9999 -9999 -9999 -9999 45 54 79 74 88 83 70 59 54 60 51 45 86 32767 32767 95 72 80 66 39
-9999 -9999 -9999 -9999 -9999 -9999 -9999 -9999 -9999 -9999 -9999 -9999 -9999 -9999 -9999 -9999 -9999 -9999 -9999 -9999 -9999 -9999 -9999 -9999 -9999 -9999 -9999 -9999 -9999 -9999 -9999 -9999 -9999 -9999 -9999 -9999 -9999 -9999 -9999 -9999 -9999 -9999 -9999 -9999 -9999 -9999 -9999 -9999 -9999 -9999 -9999 -9999 -9999 -9999 -9999 -9999 -9999 -9999 -9999 -9999 -9999 -9999 -9999 -9999 -9999 -9999 -9999 -9999 -9999 -9999 -9999 -9999 -9999 -9999 -9999 105 91 81 86 77 67 45 42 32767 32767 89 78 103 98 63 86 66 38
-9999 -9999 -9999 -9999 -9999 -9999 -9999 -9999 -9999 -9999 -9999 -9999 -9999 -9999 -9999 -9999 -9999 -9999 -9999 -9999 -9999 -9999 -9999 -9999 -9999 -9999 -9999 -9999 -9999 -9999 -9999 -9999 -9999 -9999 -9999 -9999 -9999 -9999 -9999 -9999 -9999 -9999 -9999 -9999 -9999 -9999 -9999 -9999 -9999 -9999 -9999 -9999 -9999 -9999 -9999 -9999 -9999 -9999 -9999 -9999 -9999 -9999 -9999 -9999 -9999 -9999 -9999 -9999 -9999 -9999 -9999 -9999 -9999 -9999 -9999 -9999 59 91 91 84 32767 32767 33 30 46 61 91 74 82 71 87 63 55
-9999 -9999 -9999 -9999 -9999 -9999 -9999 -9999 -9999 -9999 -9999 -9999 -9999 -9999 -9999 -9999 -9999 -9999 -9999 -9999 -9999 -9999 -9999 -9999 -9999 -9999 -9999 -9999 -9999 -9999 -9999 -9999 -9999 -9999 -9999 -9999 -9999 -9999 -9999 -9999 -9999 -9999 -9999 -9999 -9999 -9999 -9999 -9999 -9999 -9999 -9999 -9999 -9999 -9999 -9999 -9999 -9999 -9999 -9999 -9999 -9999 -9999 -9999 -9999 -9999 -9999 -9999 -9999 -9999 -9999 -9999 -9999 -9999 -9999 -9999 -9999 -9999 84 32767 106 96 74 62 32 30 36 65 107 91 70 77 49 49
-9999 -9999 -9999 -9999 -9999 -9999 -9999 -9999 -9999 -9999 -9999 -9999 -9999 -9999 -9999 -9999 -9999 -9999 -9999 -9999 -9999 -9999 -9999 -9999 -9999 -9999 -9999 -9999 -9999 -9999 -9999 -9999 -9999 -9999 -9999 -9999 -9999 -9999 -9999 -9999 -9999 -9999 -9999 -9999 -9999 -9999 -9999 -9999 -9999 -9999 -9999 -9999 -9999 -9999 -9999 -9999 -9999 -9999 -9999 -9999 -9999 -9999 -9999 -9999 -9999 -9999 -9999 -9999 -9999 -9999 -9999 -9999 -9999 -9999 -9999 -9999 -9999 32767 69 103 95 47 44 22 28 25 31 52 60 47 55 37 26
-9999 -9999 -9999 -9999 -9999 -9999 -9999 -9999 -9999 -9999 -9999 -9999 -9999 -9999 -9999 -9999 -9999 -9999 -9999 -9999 -9999 -9999 -9999 -9999 -9999 -9999 -9999 -9999 -9999 -9999 -9999 -9999 -9999 -9999 -9999 -9999 -9999 -9999 -9999 -9999 -9999 -9999 -9999 -9999 -9999 -9999 -9999 -9999 -9999 -9999 -9999 -9999 -9999 -9999 -9999 -9999 -9999 -9999 -9999 -9999 -9999 -9999 -9999 -9999 -9999 -9999 -9999 -9999 -9999 -9999 -9999 -9999 -9999 -9999 -9999 -9999 -9999 65 50 51 54 46 27 18 18 23 10 31 38 49 34 14 12
-9999 -9999 -9999 -9999 -9999 -9999 -9999 -9999 -9999 -9999 -9999 -9999 -9999 -9999 -9999 -9999 -9999 -9999 -9999 -9999 -9999 -9999 -9999 -9999 -9999 -9999 -9999 -9999 -9999 -9999 -9999 -9999 -9999 -9999 -9999 -9999 -9999 -9999 -9999 -9999 -9999 -9999 -9999 -9999 -9999 -9999 -9999 -9999 -9999 -9999 -9999 -9999 -9999 -9999 -9999 -9999 -9999 -9999 -9999 -9999 -9999 -9999 -9999 -9999 -9999 -9999 -9999 -9999 -9999 -9999 -9999 -9999 -9999 -9999 -9999 -9999 -9999 -9999 2 35 33 25 27 18 20 18 21 29 18 18 21 14 22
-9999 -9999 -9999 -9999 -9999 -9999 -9999 -9999 -9999 -9999 -9999 -9999 -9999 -9999 -9999 -9999 -9999 -9999 -9999 -9999 -9999 -9999 -9999 -9999 -9999 -9999 -9999 -9999 -9999 -9999 -9999 -9999 -9999 -9999 -9999 -9999 -9999 -9999 -9999 -9999 -9999 -9999 -9999 -9999 -9999 -9999 -9999 -9999 -9999 -9999 -9999 -9999 -9999 -9999 -9999 -9999 -9999 -9999 -9999 -9999 -9999 -9999 -9999 -9999 -9999 -9999 -9999 -9999 -9999 -9999 -9999 -9999 -9999 -9999 -9999 -9999 -9999 -9999 -9999 -9999 15 32767 32767 21 19 19 21 19 25 32 13 7 8
-9999 -9999 -9999 -9999 -9999 -9999 -9999 -9999 -9999 -9999 -9999 -9999 -9999 -9999 -9999 -9999 -9999 -9999 -9999 -9999 -9999 -9999 -9999 -9999 -9999 -9999 -9999 -9999 -9999 -9999 -9999 -9999 -9999 -9999 -9999 -9999 -9999 -9999 -9999 -9999 -9999 -9999 -9999 -9999 -9999 -9999 -9999 -9999 -9999 -9999 -9999 -9999 -9999 -9999 -9999 -9999 -9999 -9999 -9999 -9999 -9999 -9999 -9999 -9999 -9999 -9999 -9999 -9999 -9999 -9999 -9999 -9999 -9999 -9999 -9999 -9999 -9999 -9999 -9999 32767 32767 32767 22 28 19 26 21 18 17 19 18 5 5
-9999 -9999 -9999 -9999 -9999 -9999 -9999 -9999 -9999 -9999 -9999 -9999 -9999 -9999 -9999 -9999 -9999 -9999 -9999 -9999 -9999 -9999 -9999 -9999 -9999 -9999 -9999 -9999 -9999 -9999 -9999 -9999 -9999 -9999 -9999 -9999 -9999 -9999 -9999 -9999 -9999 -9999 -9999 -9999 -9999 -9999 -9999 -9999 -9999 -9999 -9999 -9999 -9999 -9999 -9999 -9999 -9999 -9999 -9999 -9999 -9999 -9999 -9999 -9999 -9999 -9999 -9999 -9999 -9999 -9999 -9999 -9999 -9999 -9999 -9999 -9999 -9999 -9999 32767 32767 32767 32767 16 19 20 7 12 30 25 20 26 12 6
-9999 -9999 -9999 -9999 -9999 -9999 -9999 -9999 -9999 -9999 -9999 -9999 -9999 -9999 -9999 -9999 -9999 -9999 -9999 -9999 -9999 -9999 -9999 -9999 -9999 -9999 -9999 -9999 -9999 -9999 -9999 -9999 -9999 -9999 -9999 46 71 22 -9999 -9999 -9999 -9999 -9999 -9999 -9999 -9999 -9999 -9999 -9999 -9999 -9999 -9999 -9999 -9999 -9999 -9999 -9999 -9999 -9999 -9999 -9999 -9999 -9999 -9999 -9999 -9999 -9999 -9999 -9999 -9999 -9999 -9999 -9999 -9999 -9999 -9999 -9999 32767 32767 32767 32767 18 16 17 27 22 22 22 18 22 32767 32767 32767
-9999 -9999 -9999 -9999 -9999 -9999 -9999 -9999 -9999 -9999 -9999 -9999 -9999 -9999 -9999 -9999 -9999 -9999 -9999 -9999 -9999 -9999 -9999 -9999 -9999 -9999 -9999 -9999 -9999 -9999 -9999 -9999 -9999 -9999 8 57 58 32767 22 -9999 -9999 -9999 -9999 -9999 -9999 -9999 -9999 -9999 -9999 -9999 -9999 -9999 -9999 -9999 32767 32767 32767 32767 32767 -9999 -9999 -9999 -9999 -9999 -9999 -9999 -9999 -9999 -9999 -9999 -9999 -9999 -9999 -9999 -9999 -9999 32767 32767 32767 11 19 32767 13 18 19 14 18 32767 32767 32767 32767 32767 32767
-9999 -9999 -9999 -9999 -9999 -9999 -9999 -9999 -9999 -9999 -9999 -9999 -9999 -9999 -9999 -9999 -9999 -9999 -9999 -9999 -9999 -9999 -9999 -9999 -9999 -9999 -9999 -9999 -9999 -9999 -9999 -9999 -9999 32767 23 59 35 32767 32767 51 63 32767 -9999 -9999 -9999 -9999 -9999 -9999 -9999 -9999 -9999 -9999 -9999 32767 32767 32767 32767 32767 32767 99 -9999 -9999 -9999 -9999 -9999 -9999 -9999 -9999 -9999 -9999 -9999 -9999 -9999 -9999 -9999 32767 32767 32767 26 19 20 18 32767 32767 20 12 32767 32767 32767 32767 32767 32767 32767
-9999 -9999 -9999 -9999 -9999 -9999 -9999 -9999 -9999 -9999 -9999 -9999 -9999 -9999 -9999 -9999 -9999 -9999 -9999 -9999 -9999 -9999 -9999 -9999 -9999 -9999 -9999 -9999 -9999 -9999 -9999 -9999 32767 39 55 15 32767 32767 32767 32767 32767 32767 32767 -9999 -9999 -9999 -9999 -9999 -9999 -9999 28 30 32767 32767 32767 32767 32767 32767 32767 66 81 -9999 -9999 -9999 -9999 -9999 -9999 -9999 -9999 -9999 -9999 -9999 -9999 -9999 32767 14 27 22 35 29 11 32767 32767 32767 32767 32767 32767 32767 32767 32767 32767 32767 32767
-9999 -9999 -9999 -9999 -9999 -9999 -9999 -9999 -9999 -9999 -9999 -9999 -9999 -9999 -9999 -9999 -9999 -9999 -9999 -9999 -9999 -9999 -9999 -9999 -9999 -9999 -9999 -9999 -9999 -9999 -9999 -9999 57 71 56 32767 32767 32767 32767 32767 32767 32767 32767 32767 31 32767 32767 32767 -9999 -9999 32767 32767 32767 32767 32767 32767 32767 32767 32767 32767 32767 -9999 -9999 -9999 -9999 -9999 -9999 -9999 -9999 -9999 -9999 -9999 -9999 8 32767 15 14 32767 32767 32767 32767 32767 32767 32767 32767 32767 32767 32767 32767 32767 32767 32767 34
-9999 -9999 -9999 -9999 -9999 -9999 -9999 -9999 -9999 -9999 -9999 -9999 -9999 -9999 -9999 -9999 -9999 -9999 -9999 -9999 -9999 -9999 -9999 -9999 -9999 -9999 -9999 -9999 -9999 -9999 -9999 30 68 64 87 38 59 32767 32767 32767 32767 32767 32767 32767 32767 35 45 70 70 85 35 32767 32767 32767 32767 32767 32767 32767 32767 68 51 39 65 89 67 88 38 9 32767 32767 32767 32767 32767 32767 32767 32767 32767 32767 32767 9 32767 32767 61 69 32767 32767 32767 32767 32767 32767 32767 32767 32767
-9999 -9999 -9999 -9999 -9999 -9999 -9999 -9999 -9999 -9999 -9999 -9999 -9999 -9999 -9999 -9999 -9999 -9999 -9999 -9999 -9999 -9999 -9999 -9999 -9999 -9999 -9999 -9999 -9999 -9999 45 48 36 83 82 77 70 47 40 35 26 32767 32767 32767 8 10 29 81 74 66 28 32767 35 50 77 32767 53 0 0 0 48 40 51 70 54 62 84 33 32767 32767 32767 32767 32767 32767 32767 32767 32767 32767 27 32767 32767 16 41 49 54 2 32767 32767 32767 32767 32767 32767 32767
-9999 -9999 -9999 -9999 -9999 -9999 -9999 -9999 -9999 -9999 -9999 -9999 -9999 -9999 -9999 -9999 -9999 -9999 -9999 -9999 -9999 -9999 -9999 -9999 -9999 -9999 -9999 -9999 -9999 -9999 45 61 56 50 58 50 49 38 36 32767 32767 32767 32767 32767 32767 32767 23 87 82 68 50 32767 23 40 27 0 0 0 0 46 47 71 61 60 70 51 62 30 15 32767 32767 32767 32767 32767 32767 32767 32767 32767 78 57 32767 48 35 35 27 37 32767 32767 32767 32767 32767 32767 32767
-9999 -9999 -9999 -9999 -9999 -9999 -9999 -9999 -9999 -9999 -9999 -9999 -9999 -9999 -9999 -9999 -9999 -9999 -9999 -9999 -9999 -9999 -9999 -9999 -9999 -9999 -9999 -9999 45 48 49 59 60 51 55 55 51 37 32767 32767 32767 32767 32767 32767 32767 32767 46 70 65 74 45 32767 23 36 30 0 0 0 0 49 72 51 87 89 78 75 65 73 26 32767 32767 32767 32767 32767 32767 32767 32767 32767 54 90 68 45 22 28 26 35 65 32767 32767 32767 32767 32767 32767
-9999 -9999 -9999 -9999 -9999 -9999 -9999 -9999 -9999 -9999 -9999 -9999 -9999 -9999 -9999 -9999 -9999 -9999 -9999 -9999 -9999 -9999 -9999 -9999 -9999 -9999 -9999 66 58 47 57 58 50 35 38 44 32767 32767 32767 32767 32767 32767 32767 32767 32767 32767 32767 32767 74 81 88 55 23 28 27 0 0 0 0 62 94 60 81 94 72 54 74 71 21 45 32767 32767 32767 32767 32767 32767 32767 32767 7 101 62 49 28 20 29 30 39 32767 32767 32767 32767 32767 32767
-9999 -9999 -9999 -9999 -9999 -9999 -9999 -9999 -9999 -9999 -9999 -9999 -9999 -9999 -9999 -9999 -9999 -9999 -9999 -9999 -9999 -9999 -9999 -9999 -9999 63 67 86 101 55 49 33 32 29 46 32767 32767 32767 32767 32767 32767 32767 32767 32767 32767 32767 38 20 32767 32767 32767 39 5 24 23 0 0 0 0 64 94 56 70 96 56 39 67 81 36 39 19 32767 32767 32767 32767 32767 32767 32767 5 55 67 61 35 27 12 22 21 59 32767 32767 32767 32767 32767
-9999 -9999 -9999 -9999 -9999 -9999 -9999 -9999 -9999 -9999 -9999 -9999 -9999 -9999 -9999 -9999 -9999 -9999 -9999 -9999 -9999 -9999 -9999 -9999 53 73 82 91 50 42 29 29 34 31 20 32767 32767 32767 32767 32767 32767 32767 32767 32767 32767 23 32767 32767 32767 32767 32767 41 32 53 41 0 0 0 34 40 74 71 75 78 40 52 66 92 39 32 34 48 32767 32767 32767 32767 17 15 55 39 45 52 43 48 41 14 30 32 32767 32767 32767 32767 32767
-9999 -9999 -9999 -9999 -9999 -9999 -9999 -9999 -9999 -9999 -9999 -9999 -9999 -9999 -9999 -9999 -9999 -9999 -9999 -9999 -9999 -9999 -9999 50 75 84 72 77 30 27 24 32 41 26 46 59 32767 32767 32767 3 32767 32767 32767 32767 32767 32767 35 42 32767 59 60 32767 29 53 39 0 0 33 39 42 51 79 77 59 39 55 81 76 40 30 39 38 27 32767 32767 12 33 25 35 9 30 47 68 52 43 20 22 44 50 32767 65 65 63
-9999 -9999 -9999 -9999 -9999 -9999 -9999 -9999 -9999 -9999 -9999 -9999 -9999 -9999 -9999 -9999 -9999 -9999 -9999 -9999 52 62 62 67 107 109 106 70 36 30 29 33 33 19 3 32767 32767 32767 45 32767 32767 32767 32767 77 51 42 49 49 86 69 62 72 89 72 49 0 20 40 24 49 89 87 61 59 58 80 63 72 56 40 37 30 44 32 27 32767 32767 11 32767 32767 11 44 51 45 35 31 34 37 57 71 59 50 66
-9999 -9999 -9999 -9999 -9999 -9999 -9999 -9999 -9999 -9999 -9999 -9999 -9999 -9999 -9999 -9999 -9999 -9999 -9999 66 65 63 67 95 94 86 76 52 31 26 37 36 56 32767 32767 32767 32767 32767 3 32767 32767 32767 32767 58 57 35 35 35 79 78 77 78 83 94 68 38 40 56 70 54 93 86 50 39 77 88 78 103 92 64 32 30 17 19 20 32767 32767 32767 32767 32767 32767 24 42 42 35 32 42 39 71 52 87 87 79
-9999 -9999 -9999 -9999 -9999 -9999 -9999 -9999 -9999 -9999 -9999 -9999 -9999 -9999 -9999 -9999 -9999 -9999 47 51 50 48 79 105 96 105 61 35 44 27 34 58 68 5 32767 32767 32767 32767 32767 32767 32767 32767 32767 62 55 62 45 42 87 77 76 32767 79 90 68 48 33 85 94 91 57 71 73 55 84 74 91 120 103 41 27 30 19 26 38 34 32767 32767 32767 32767 32767 32767 26 26 14 32767 32 37 57 82 68 91 44
-9999 -9999 -9999 -9999 -9999 -9999 -9999 -9999 -9999 -9999 -9999 -9999 -9999 -9999 -9999 -9999 -9999 -9999 46 49 50 65 78 87 86 68 48 52 34 29 29 35 60 14 32767 32767 32767 32767 32767 32767 32767 32767 32767 81 111 98 61 54 100 77 77 32767 63 90 71 36 51 50 93 77 54 72 86 92 77 58 113 112 88 52 42 28 23 27 7 32767 32767 32767 32767 32767 32767 32767 32767 32767 32767 32767 34 41 52 91 85 50 25
-9999 -9999 -9999 -9999 -9999 -9999 -9999 -9999 -9999 -9999 -9999 -9999 -9999 -9999 -9999 -9999 -9999 -9999 68 76 61 83 86 83 86 67 54 55 39 32 35 36 4 32767 32767 32767 63 32767 77 67 32767 32767 75 61 64 44 51 36 86 78 77 32767 76 77 65 36 50 52 53 52 100 83 76 98 63 85 111 81 88 30 36 42 27 25 32767 32767 32767 32767 32767 32767 32767 32767 32767 32767 32767 29 29 42 43 46 74 38 9
-9999 -9999 -9999 -9999 -9999 -9999 -9999 -9999 -9999 -9999 -9999 -9999 -9999 -9999 -9999 -9999 -9999 -9999 79 81 49 76 97 96 76 67 68 44 32 40 47 34 32767 32767 32767 32767 32767 32767 32767 96 79 68 85 88 55 64 52 36 83 75 69 32767 86 45 52 22 24 59 55 75 101 98 96 89 63 101 110 100 82 53 30 43 28 21 32767 32767 32767 32767 32767 32767 32767 32767 32767 32767 26 32767 32767 23 30 45 92 38 12
-9999 -9999 -9999 -9999 -9999 -9999 -9999 -9999 -9999 -9999 -9999 -9999 -9999 -9999 -9999 -9999 -9999 -9999 62 72 89 98 83 80 59 59 43 40 27 32 46 45 32767 32767 32767 32767 32767 32767 32767 32767 84 65 52 72 51 40 39 41 92 87 69 32767 65 46 62 27 43 44 94 93 89 92 81 79 63 98 104 102 85 84 31 25 28 32 32767 32767 32767 32767 32767 32767 32767 32767 32767 27 32767 32767 28 9 35 26 75 69 25
-9999 -9999 -9999 -9999 -9999 -9999 -9999 -9999 -9999 -9999 -9999 -9999 -9999 -9999 -9999 -9999 -9999 -9999 52 80 77 68 68 67 63 45 42 36 39 46 47 41 40 32767 32767 32767 32767 32767 32767 32767 73 44 36 38 83 57 52 42 45 95 68 32767 63 44 28 10 26 44 88 95 72 92 91 70 63 96 98 93 85 85 30 31 28 31 32767 32767 32767 32767 32767 32767 32767 32767 32767 32767 55 40 16 18 21 34 66 76 63
-9999 -9999 -9999 -9999 -9999 -9999 -9999 -9999 -9999 -9999 -9999 -9999 -9999 -9999 -9999 -9999 -9999 48 59 83 61 45 79 68 44 52 38 39 43 48 35 27 49 46 52 32767 4 32767 32767 32767 45 50 70 40 55 51 47 43 53 108 89 77 69 70 46 10 10 60 77 80 71 92 84 77 64 72 99 89 82 85 56 31 30 23 32767 32767 32767 32767 32767 32767 32767 32767 32767 32767 32767 32 26 22 28 32 45 55 15
-9999 -9999 -9999 -9999 -9999 -9999 -9999 -9999 -9999 -9999 -9999 -9999 -9999 -9999 -9999 -9999 -9999 32767 44 67 47 30 35 43 59 38 41 34 36 49 35 25 36 43 32767 32767 32767 32 63 51 37 53 56 53 38 64 64 39 43 45 96 56 32767 77 70 35 47 71 87 83 73 69 71 71 61 63 91 90 90 61 56 19 31 30 37 32767 32767 32767 32767 32767 32767 32767 32767 32767 32767 4 22 22 21 31 24 39 29
-9999 -9999 -9999 -9999 -9999 -9999 -9999 -9999 -9999 -9999 -9999 -9999 -9999 -9999 -9999 -9999 -9999 -9999 32767 21 50 50 35 41 58 35 36 35 47 50 23 27 32 33 32767 32767 32767 32767 72 43 53 52 59 53 46 66 71 55 42 48 107 76 32767 71 76 86 86 90 88 91 68 70 99 92 77 79 92 91 75 63 38 29 25 27 14 32767 32767 32767 32767 32767 32767 32767 32767 32767 32767 32767 16 21 18 26 24 48 39
-9999 -9999 -9999 -9999 -9999 -9999 -9999 -9999 -9999 -9999 -9999 -9999 -9999 -9999 -9999 -9999 -9999 -9999 32767 32767 32767 47 47 44 64 51 36 32 41 42 41 49 39 32767 32767 32767 32767 32767 54 44 40 42 49 46 38 36 65 65 50 71 44 77 93 98 87 86 83 84 89 74 64 81 73 78 101 73 103 93 73 74 22 28 24 20 32767 32767 32767 32767 32767 32767 32767 32767 32767 32767 32767 32767 11 20 12 13 28 32 29
-9999 -9999 -9999 -9999 -9999 -9999 -9999 -9999 -9999 -9999 -9999 -9999 -9999 -9999 -9999 -9999 -9999 -9999 -9999 32767 32767 32767 37 65 47 40 40 30 27 24 42 50 42 32767 32767 32767 32767 50 53 49 66 56 41 69 69 67 58 62 55 69 49 83 99 32767 78 88 84 78 77 75 77 87 92 87 87 66 61 84 47 31 28 29 21 8 32767 32767 32767 32767 32767 32767 32767 32767 32767 32767 32767 32767 7 21 31 30 38 36 31
