ValueNro_2398/sve_ValueNro_2398_manty.asc
ncols        141
nrows        228
xllcorner    356256.000000000000
yllcorner    6857312.000000000000
cellsize     16.000000000000
NODATA_value -9999
[rows 123 to 163 of 228, columns 0 to 92 of 141]
-9999 -9999 -9999 -9999 -9999 -9999 -9999 -9999 -9999 -9999 -9999 -9999 -9999 -9999 -9999 -9999 -9999 -9999 -9999 20 26 32767 32767 68 96 121 28 37 47 47 58 95 32767 93 93 87 103 79 58 83 112 90 104 138 112 147 126 114 115 84 129 56 85 101 68 94 101 95 96 97 84 74 105 91 54 19 30 58 9 5 0 0 4 3 32767 32767 32767 32767 32767 32767 32767 32767 32767 32767 32767 32767 0 80 8 30 50 24 18
-9999 -9999 -9999 -9999 -9999 -9999 -9999 -9999 -9999 -9999 -9999 -9999 -9999 -9999 -9999 -9999 -9999 -9999 -9999 64 15 49 32767 32767 71 79 108 68 14 22 91 32767 32767 94 32767 32767 16 46 23 22 20 71 102 86 73 64 156 100 44 77 111 36 79 19 32767 105 94 104 110 86 80 104 109 103 65 30 19 21 8 0 0 8 14 5 32767 32767 32767 32767 32767 32767 32767 32767 32767 32767 32767 0 32767 79 85 63 15 25 23
-9999 -9999 -9999 -9999 -9999 -9999 -9999 -9999 -9999 -9999 -9999 -9999 -9999 -9999 -9999 -9999 -9999 -9999 -9999 28 0 11 12 32767 32767 79 93 110 62 70 107 32767 106 32767 32767 32767 32767 19 32767 32767 32767 15 89 86 84 77 69 83 75 68 97 95 29 31 32767 121 118 122 94 88 89 89 73 46 57 55 19 5 8 5 0 35 5 0 0 32767 32767 32767 32767 32767 32767 32767 32767 1 4 0 32767 80 69 65 12 19 7
-9999 -9999 -9999 -9999 -9999 -9999 -9999 -9999 -9999 -9999 -9999 -9999 -9999 -9999 -9999 -9999 -9999 -9999 2 4 30 104 114 94 32767 32767 63 64 141 97 32767 32767 32767 32767 32767 32767 32767 32767 32767 32767 32767 32767 22 102 111 107 75 113 84 97 65 25 76 43 32767 107 130 153 105 98 107 109 48 71 95 45 8 5 5 25 27 5 0 0 0 32767 32767 32767 32767 32767 32767 28 7 7 0 0 32767 56 65 32 5 11 19
-9999 -9999 -9999 -9999 -9999 -9999 -9999 -9999 -9999 -9999 -9999 -9999 -9999 -9999 -9999 -9999 -9999 -9999 13 15 21 100 192 118 46 32767 32767 29 96 65 32767 40 63 32767 32767 32767 69 9 32767 32767 32767 32767 32767 78 34 22 62 161 76 4 3 18 22 19 29 77 68 118 107 99 114 109 94 68 50 39 8 5 4 4 0 0 0 0 0 32767 32767 32767 32767 32767 32767 54 17 17 0 0 0 32767 3 17 11 11 7
-9999 -9999 -9999 -9999 -9999 -9999 -9999 -9999 -9999 -9999 -9999 -9999 -9999 -9999 -9999 -9999 2 0 9 83 63 18 128 120 124 99 32767 32767 34 32767 32767 32767 49 78 94 121 32767 32767 32767 32767 32767 32767 32767 38 0 0 62 30 39 5 8 10 9 3 21 20 85 102 119 107 100 74 47 17 33 24 3 62 27 0 0 0 0 0 0 0 32767 32767 32767 8 62 51 102 9 0 0 0 32767 0 44 13 43 43
-9999 -9999 -9999 -9999 -9999 -9999 -9999 -9999 -9999 -9999 -9999 -9999 -9999 -9999 -9999 0 0 0 7 0 24 127 99 65 129 110 61 32767 32767 32767 65 27 32767 64 66 53 32767 32767 32767 32767 32767 32767 32767 32767 112 24 45 3 9 0 0 0 3 8 9 26 7 104 78 78 62 51 93 38 3 5 4 0 0 0 0 0 0 0 0 0 32767 32767 32767 32767 36 73 115 2 0 0 0 3 32767 15 14 4 26
-9999 -9999 -9999 -9999 -9999 -9999 -9999 -9999 -9999 -9999 22 36 9 0 0 0 0 0 26 102 37 82 43 94 60 97 88 17 32767 32767 64 76 90 32767 81 69 32767 32767 32767 32767 32767 32767 32767 32767 131 83 88 3 5 0 0 0 0 0 24 40 81 88 102 87 46 84 57 6 1 4 0 0 0 0 0 0 0 0 0 0 0 32767 32767 66 69 54 79 38 0 0 10 19 32767 0 71 8 9
-9999 -9999 -9999 -9999 -9999 -9999 -9999 -9999 -9999 92 16 30 11 0 0 0 6 7 9 37 45 124 100 32767 32767 32767 32767 95 2 32767 32767 40 107 90 32767 69 32767 32767 32767 32767 32767 32767 32767 32767 39 105 67 25 28 0 0 27 1 3 0 72 76 74 136 101 43 68 82 5 3 0 0 0 0 0 0 0 0 0 0 0 0 32767 6 76 42 0 116 39 0 32 23 68 29 32767 3 55 36
-9999 -9999 -9999 -9999 -9999 -9999 -9999 -9999 60 68 51 7 41 8 8 6 8 8 52 102 23 111 111 32767 32767 32767 32767 84 20 32767 32767 2 111 94 96 70 32767 32767 32767 32767 32767 32767 32767 32767 75 41 10 29 15 0 0 27 41 36 69 98 58 98 106 123 68 88 97 21 2 0 0 0 0 0 0 0 0 0 0 0 0 0 33 75 88 31 87 65 103 56 86 103 32 32767 0 20 32767
-9999 -9999 -9999 -9999 -9999 -9999 -9999 26 23 75 106 36 21 12 4 5 12 50 27 78 64 21 17 32767 32767 32767 32767 41 32767 47 32767 32767 33 69 27 32767 16 32767 32767 32767 32767 32767 32767 32767 85 52 3 4 155 0 0 5 36 45 79 87 80 69 89 101 84 87 69 46 3 4 0 0 0 0 0 0 0 7 2 0 0 0 2 113 85 81 41 79 67 107 129 110 26 51 32767 58 57
-9999 -9999 -9999 -9999 -9999 -9999 -9999 26 24 32 4 8 23 11 11 3 5 17 3 5 1 26 43 10 32767 23 29 14 32767 68 16 32767 32767 55 93 40 32767 32767 32767 32767 32767 32767 32767 32767 49 32767 25 36 69 0 0 0 35 80 83 74 62 62 76 68 80 95 60 52 5 37 0 0 0 0 0 13 93 48 8 0 0 0 0 80 66 52 12 31 100 46 130 89 62 55 39 32767 19
-9999 -9999 -9999 -9999 -9999 -9999 0 0 11 22 0 0 8 8 9 0 0 11 47 3 1 4 9 2 16 28 9 33 32767 4 11 69 32767 32767 23 95 25 4 32767 32767 32767 32767 32767 17 2 52 32767 51 81 8 0 0 0 11 71 61 70 57 88 81 80 75 54 62 87 46 63 0 0 17 81 51 99 44 0 0 0 0 4 94 58 28 21 23 66 127 89 143 95 100 59 32767 0
-9999 -9999 -9999 -9999 -9999 0 0 0 0 0 0 0 0 0 0 0 0 0 11 4 43 1 5 19 1 32767 5 3 32767 5 18 90 36 32767 32767 50 13 32767 5 32767 32767 32767 0 32767 32767 32767 91 126 44 3 0 0 0 1 24 70 74 61 88 84 86 70 44 92 104 100 75 48 41 43 108 79 94 0 0 0 0 0 7 120 84 22 21 18 22 69 52 114 135 104 72 69 32767
-9999 -9999 -9999 -9999 0 3 0 0 0 0 0 0 0 0 0 0 0 0 0 12 19 63 22 23 13 11 5 2 4 36 27 20 71 32767 32767 7 8 0 0 32767 32767 0 32767 1 32767 32767 94 181 85 36 0 0 0 0 1 43 66 72 96 75 86 77 52 62 76 52 77 147 128 95 60 62 0 0 0 0 0 0 0 112 96 3 51 96 75 16 74 133 107 124 83 69 60
-9999 -9999 -9999 8 0 0 0 0 0 0 0 0 0 0 0 0 0 0 0 0 7 29 28 49 13 3 59 32767 3 16 8 3 2 32767 32767 32767 0 8 0 3 32767 32767 5 32767 32767 32767 41 47 68 43 20 0 0 0 0 17 60 72 86 97 81 68 54 69 111 82 35 81 115 74 60 59 0 0 0 0 0 0 0 89 56 67 84 87 57 84 54 142 122 107 92 31 120
-9999 -9999 35 0 0 0 0 0 0 0 0 0 0 0 0 0 0 0 0 0 0 0 8 7 3 2 32767 5 39 31 31 0 32767 32767 32767 32767 32767 0 3 32767 32767 32767 32767 32767 32767 32767 32767 0 0 15 29 0 0 0 0 1 68 73 92 90 72 51 51 64 79 93 63 72 93 62 89 52 27 24 0 0 8 23 0 75 89 84 49 53 30 33 91 34 107 143 99 18 129
11 26 18 2 12 0 8 12 0 0 0 0 0 0 0 0 0 0 0 0 0 0 0 32767 32767 8 18 18 0 4 14 32767 32767 32767 32767 32767 32767 32767 25 32767 32767 32767 32767 32767 32767 32767 32767 61 133 144 25 0 0 0 0 0 12 66 64 68 51 62 59 59 73 78 108 94 95 96 79 118 126 3 0 0 0 0 1 58 65 56 35 48 60 131 97 92 95 43 132 58 75
74 18 34 3 4 4 0 35 10 0 0 0 0 0 0 0 0 12 11 0 0 32767 32767 35 9 29 12 21 13 26 32767 32767 32767 32767 32767 32767 7 32767 32767 32767 32767 32767 32767 0 32767 32767 32767 97 137 155 97 0 0 0 0 15 11 37 56 65 53 58 61 57 52 62 99 50 75 101 122 104 107 36 21 0 5 63 60 85 106 59 33 141 138 112 128 82 105 107 76 30 58
-9999 64 21 24 18 15 2 2 0 0 8 7 24 0 13 15 26 22 0 0 32767 0 16 64 9 34 98 90 23 32767 32767 32767 32767 32767 32767 32767 32767 32767 32767 32767 32767 0 31 32767 32767 32767 92 113 97 159 116 25 0 0 0 20 33 51 70 76 84 71 62 62 70 68 80 53 75 75 111 94 102 91 74 49 40 19 3 58 112 82 89 105 101 93 120 107 46 134 82 29 30
-9999 -9999 -9999 50 34 2 1 2 29 3 2 11 22 0 0 0 12 14 0 0 56 26 34 10 16 12 10 83 32767 32767 32767 32767 32767 32767 32767 32767 32767 32767 32767 32767 0 21 30 32767 32767 59 61 100 75 165 135 35 0 0 0 23 48 61 68 72 71 57 56 55 57 71 61 87 86 71 91 97 106 108 109 110 147 99 70 57 156 148 131 124 93 89 111 133 121 152 97 57 47
-9999 -9999 -9999 90 19 1 12 0 3 2 32 2 26 52 35 24 13 32767 32767 0 19 163 78 95 22 24 108 32767 32767 32767 32767 32767 32767 32767 32767 32767 32767 32767 32767 32767 32767 32767 32767 32767 32767 32767 5 47 107 85 151 47 33 0 0 23 13 20 68 78 73 61 77 65 62 53 42 71 76 68 113 102 147 113 74 109 118 156 56 79 158 99 107 142 97 76 108 150 104 103 98 27 71
-9999 -9999 -9999 87 85 2 11 12 1 2 29 4 8 21 36 22 32767 14 20 31 15 28 78 22 1 17 32767 32767 32767 32767 32767 32767 32767 32767 32767 32767 32767 32767 32767 32767 32767 32767 32767 32767 32767 4 32767 53 126 154 222 128 7 0 0 53 10 87 73 71 55 70 69 58 67 65 51 56 115 77 76 122 111 96 90 79 85 83 119 54 73 46 45 114 97 52 71 102 106 99 62 128 57
-9999 -9999 -9999 92 85 79 43 67 21 3 5 28 22 14 23 32767 14 13 0 2 3 63 102 13 65 72 32767 32767 32767 32767 32767 32767 32767 32767 32767 32767 32767 32767 32767 32767 32767 32767 32767 32767 32767 32767 32767 106 154 68 124 180 82 0 0 55 34 93 72 72 87 78 78 66 71 71 69 52 85 103 91 110 92 89 90 74 76 54 86 154 86 96 76 158 73 42 69 67 106 89 63 69 98
-9999 -9999 -9999 68 96 90 65 128 45 2 9 0 32 0 0 0 0 0 8 9 4 83 107 85 36 84 88 32767 32767 32767 32767 32767 32767 32767 32767 32767 32767 32767 32767 32767 32767 32767 32767 32767 32767 76 117 102 104 87 87 190 69 2 14 55 42 74 60 60 74 74 72 72 73 74 72 62 89 90 85 90 94 86 80 72 64 79 80 85 148 41 73 81 90 42 75 88 102 107 96 61 101
-9999 -9999 -9999 42 67 69 22 34 64 20 5 8 30 13 32767 0 0 9 10 7 4 52 63 33 41 84 84 0 32767 32767 32767 32767 12 32767 32767 32767 32767 32767 32767 32767 32767 32767 32767 32767 32767 77 91 36 78 131 123 105 90 26 18 24 33 32 55 71 69 65 70 85 75 86 85 67 92 78 102 87 83 62 69 59 60 74 73 92 117 101 59 151 82 89 89 105 107 86 87 223 70
-9999 -9999 -9999 73 26 33 31 58 37 15 41 8 32 32767 9 5 7 1 2 3 31 23 98 23 35 73 74 80 78 32767 0 0 0 32767 32767 32767 32767 32767 32767 32767 32767 32767 32767 32767 32767 82 42 71 52 66 59 55 102 0 35 15 28 47 9 56 68 74 88 88 87 86 59 68 88 95 113 91 84 74 81 79 84 73 78 82 104 110 78 61 110 86 88 72 121 143 124 114 7
-9999 -9999 -9999 3 3 21 50 38 25 22 24 32767 41 14 17 10 9 8 26 3 32 22 47 53 71 52 52 78 37 13 0 0 0 0 32767 32767 32767 32767 32767 32767 32767 32767 32767 36 32767 32767 69 58 92 126 67 108 46 32 3 3 39 44 40 54 101 99 78 77 60 60 51 90 86 98 123 94 104 89 74 79 91 79 72 76 82 136 57 38 116 144 91 129 127 75 81 19 55
-9999 -9999 -9999 0 3 28 5 23 22 10 32767 3 17 17 13 9 18 5 37 27 27 4 6 13 85 45 19 83 39 0 0 0 0 0 32767 32767 32767 32767 32767 32767 32767 32767 32767 32767 21 32767 29 59 123 111 102 63 66 81 74 45 23 51 40 58 98 99 63 69 79 70 70 84 87 101 134 59 94 97 61 81 80 63 74 66 83 139 81 51 161 109 154 123 130 72 121 57 80
-9999 -9999 -9999 17 9 11 7 10 5 32767 2 8 5 3 9 4 14 52 2 43 5 5 2 2 38 33 9 78 23 0 0 0 0 0 16 32767 32767 32767 32767 32767 32767 32767 32767 32767 32767 32767 32767 81 57 82 109 32767 32767 90 44 38 42 40 45 12 86 76 72 71 70 71 68 63 76 82 145 64 86 91 76 83 69 61 70 66 71 89 138 39 58 139 146 127 89 66 53 31 79
-9999 -9999 -9999 13 5 6 10 25 32767 30 23 14 24 7 24 35 2 6 5 5 2 7 4 2 20 88 97 82 76 0 0 0 0 0 0 32767 32767 32767 32767 32767 32767 32767 32767 32767 32767 32767 32767 32767 70 91 66 32767 32767 47 140 75 24 23 46 63 61 73 61 61 63 53 54 56 68 93 81 111 89 88 71 75 58 54 73 64 76 95 144 46 74 139 131 104 74 37 30 32 47
-9999 -9999 -9999 2 10 10 2 32767 1 21 14 11 26 9 5 9 25 25 3 16 3 4 12 16 23 75 75 113 34 1 0 0 0 0 0 0 32767 32767 32767 32767 32767 32767 32767 32767 32767 32767 32767 32767 32767 51 32767 32767 32767 50 104 18 119 63 82 81 61 66 71 83 48 54 72 71 56 90 100 67 124 94 86 79 76 70 76 66 71 113 117 109 169 139 140 105 72 60 28 4 93
-9999 -9999 8 4 14 3 32767 2 2 31 24 14 8 9 8 8 5 5 5 20 7 5 11 3 33 81 90 104 147 28 0 0 30 29 0 0 0 32767 32767 32767 32767 32767 32767 32767 32767 32767 32767 1 32767 32 30 32767 32767 118 74 45 66 57 80 71 64 3 18 25 3 3 3 3 2 47 102 50 84 89 60 75 65 66 66 71 64 111 117 120 196 137 131 105 72 48 39 28 34
-9999 -9999 14 5 5 32767 32767 0 21 11 23 6 6 7 3 3 5 19 3 3 4 6 4 2 38 44 63 32 23 80 99 0 33 33 7 0 0 3 8 32767 32767 32767 32767 32767 32767 32767 32767 32767 32767 32767 24 32767 32767 138 109 59 60 73 47 98 16 0 0 0 0 0 0 0 0 5 93 75 101 106 90 63 67 40 41 46 52 95 163 103 144 100 125 101 62 19 132 28 46
-9999 -9999 0 0 3 20 0 4 18 6 0 3 9 6 26 7 3 8 8 8 4 8 31 25 64 0 19 27 25 98 81 79 11 34 35 29 6 32767 38 16 32767 32767 32767 32767 32767 32767 32767 32767 32767 32767 32767 66 89 100 121 40 56 36 42 23 21 0 0 0 0 0 0 0 0 0 37 101 116 96 73 53 21 17 12 11 13 81 104 103 96 119 142 103 73 36 63 82 71
-9999 -9999 0 0 0 27 20 3 4 2 5 4 14 17 15 9 7 3 7 3 3 8 2 39 7 0 31 25 76 88 110 13 12 38 38 35 1 32767 45 30 28 32767 32767 32767 32767 32767 32767 32767 32767 32767 32767 73 84 175 121 74 74 128 26 2 29 0 0 0 0 0 0 0 0 0 78 100 113 84 84 11 4 8 8 4 12 35 64 127 89 124 140 114 86 57 40 68 73
-9999 -9999 0 0 0 0 0 15 5 5 5 11 33 39 9 6 8 8 22 16 19 12 5 8 22 22 37 0 79 71 82 36 10 11 1 0 0 0 20 41 55 32767 32767 32767 32767 32767 32767 32767 32767 32767 32767 32767 91 168 93 71 146 73 138 21 13 4 0 0 0 0 0 0 0 0 4 139 110 94 111 16 4 8 9 9 11 12 41 128 81 99 154 120 99 86 44 3 9
-9999 -9999 0 0 0 0 0 29 8 7 8 11 29 9 7 8 8 22 26 23 19 17 9 33 30 30 21 0 60 93 73 49 20 1 0 0 32767 22 21 34 29 30 23 35 32767 32767 32767 32767 32767 32767 12 32767 70 101 85 68 51 108 121 24 5 7 4 0 0 0 0 0 0 0 14 87 144 125 85 12 8 8 4 11 10 1 17 86 125 128 148 141 113 74 50 9 8
-9999 -9999 -9999 0 0 0 21 31 17 6 5 5 6 20 24 23 30 26 38 22 8 17 9 29 15 38 3 15 28 52 78 26 32 61 0 0 32767 59 3 16 15 7 6 62 61 32767 32767 32767 32767 32767 32767 32767 32767 76 86 74 95 66 97 63 27 6 7 0 0 0 0 0 0 0 111 77 137 93 102 48 12 4 4 7 4 4 3 26 90 94 95 110 119 72 9 0 0
-9999 -9999 -9999 0 0 0 24 38 8 6 1 5 16 29 22 32 37 25 14 12 16 0 8 5 21 30 34 38 37 30 24 22 3 33 2 3 32767 46 22 21 8 7 9 53 54 9 32767 32767 32767 32767 32767 32767 32767 10 90 108 84 112 102 86 66 2 8 4 9 0 0 0 0 3 97 113 101 124 109 63 24 7 1 10 9 4 7 9 87 89 151 109 92 45 2 0 0
-9999 -9999 -9999 -9999 0 0 32 29 9 0 0 0 25 6 6 16 19 6 4 2 3 2 5 21 21 6 36 26 19 19 9 6 6 10 83 23 0 55 22 39 41 38 31 7 54 61 0 32767 32767 32767 32767 32767 32767 32767 53 128 59 89 90 119 71 31 2 7 18 0 0 0 0 0 40 106 93 109 95 90 54 11 9 12 10 8 9 5 71 86 172 157 91 35 2 0 0
