ValueNro_2398/sve_ValueNro_2398_flow_accum_D-inf_grids.asc
ncols        141
nrows        228
xllcorner    356256.000000000000
yllcorner    6857312.000000000000
cellsize     16.000000000000
NODATA_value  -9999
[rows 184 to 206 of 228, columns 50 to 99 of 141]
16 16 16 16 34.133335113525390625 31.288888931274414062 60.08889007568359375 57.17333221435546875 46.93315887451171875 532.91790771484375 1235.756103515625 31.288888931274414062 18.133333206176757812 16 30.577777862548828125 16 62.166912078857421875 66.28520965576171875 75.56864166259765625 58.8255767822265625 57.408046722412109375 623.77984619140625 16 16 16 16 34898.10546875 16 16 42.666667938232421875 16 16 26.666666030883789062 5283.828125 16 16 64.91654205322265625 1624042 16 16 16 16 16 588.76837158203125 605.368896484375 4006.276123046875 31.288888931274414062 16 16 16
16 16 16 16 16 32 32 30.933332443237304688 39.261234283447265625 31.84987640380859375 110.8567047119140625 1425.4122314453125 16 16 16 34.488887786865234375 46.277530670166015625 48.38874053955078125 58.03130340576171875 84.344268798828125 111.70831298828125 43.136455535888671875 714.91632080078125 16 16 32 34850.10546875 16 16 46.9333343505859375 16 16 16 5241.1611328125 16 16 36.977779388427734375 20.977777481079101562 1624142.875 32 16 16 20.977777481079101562 27.022222518920898438 16 4071.0078125 23.111110687255859375 16 16 16
32 33.0666656494140625 16 16 16 16 16 32.71111297607421875 39.624691009521484375 74.33351898193359375 46.305522918701171875 88.13957977294921875 1499.7481689453125 16 16 29.511110305786132812 16 59.377777099609375 58.026668548583984375 56.365825653076171875 81.40937042236328125 123.89069366455078125 928.25531005859375 16 16 16 16 34754.10546875 16 16 126.5777740478515625 16 16 16 5161.1611328125 16 16 16 1624190.875 63.5259246826171875 40.53333282470703125 16 16 16 23.111110687255859375 4109.32861328125 17.422222137451171875 30.577777862548828125 29.15555572509765625 18.84444427490234375
46.364444732666015625 40.391109466552734375 41.24444580078125 16 16 16 16 16.355556488037109375 32.758518218994140625 35.2979736328125 46.434326171875 36.381534576416015625 1640.0576171875 16 16 16 32 32 49.77777862548828125 60.586666107177734375 53.617778778076171875 73.44829559326171875 53.878063201904296875 1053.1109619140625 16 16 16 34738.10546875 16 16 169.600006103515625 16 16 32 5129.1611328125 16 16 16 18.84444427490234375 1624319.5 23.46666717529296875 16 16 16 24.888889312744140625 4141.0126953125 16 59.243457794189453125 1629398.875 1629449.75
75.82814788818359375 57.592098236083984375 50.75753021240234375 34.488887786865234375 21.333333969116210938 32 16 16 17.422222137451171875 31.84987640380859375 17.41555023193359375 28.47441864013671875 52.725292205810546875 1710.3193359375 16 16 16 16 55.822223663330078125 58.20839691162109375 57.44829559326171875 44.855602264404296875 22.977537155151367188 16 1098.6678466796875 34528.89453125 34613.60546875 34690.10546875 16 16 235.829376220703125 16 16 16 16 5033.1611328125 16 16 37.6888885498046875 1624398.875 23.822221755981445312 29.511110305786132812 26.666666030883789062 30.933332443237304688 17.066667556762695312 1629129.75 1629180.625 1629273.75 16 16
48.016330718994140625 118.5318603515625 69.4616851806640625 52.819751739501953125 49.659259796142578125 32.71111297607421875 28.799999237060546875 16 16 27.377777099609375 46.22222137451171875 68.90666961669921875 96.7853851318359375 1860.6793212890625 50.488887786865234375 16 16 32 32 43.022220611572265625 51.940082550048828125 39.08448028564453125 29.02816009521484375 18.580280303955078125 33377.62109375 27.738588333129882812 60.262363433837890625 40.480640411376953125 49.425930023193359375 86.68814849853515625 82.2622222900390625 367.71722412109375 16 16 16 4985.1611328125 16 16 23.46666717529296875 32 1624535.125 1624615.5 1624689 1624765.875 1624816.125 125.79555511474609375 18.84444427490234375 50.488887786865234375 26.666666030883789062 31.644443511962890625
1629.11767578125 1800.690185546875 1982.2691650390625 2085.272705078125 46.066829681396484375 56.715061187744140625 40.888889312744140625 19.911111831665039062 16 16 29.15555572509765625 30.253828048706054688 16 40.177776336669921875 1968.0413818359375 20.622222900390625 16 16 16 41.56049346923828125 51.228969573974609375 46.7373809814453125 77.36901092529296875 33285.484375 28.167901992797851562 44.019710540771484375 49.795162200927734375 34.10611724853515625 24.177778244018554688 23.822221755981445312 36.576396942138671875 116.57341766357421875 619.88714599609375 662.5538330078125 710.90936279296875 4937.1611328125 16 18.133333206176757812 16 23.46666717529296875 40.888889312744140625 34.84444427490234375 30.933332443237304688 29.866666793823242188 29.511110305786132812 35.200000762939453125 79.28888702392578125 32 16 16
87.28636932373046875 22.306121826171875 39.46666717529296875 22.399999618530273438 2201.384033203125 2292.62744140625 51.5476531982421875 32.32395172119140625 22.755556106567382812 16 16 16 16 18.133333206176757812 2066.30908203125 40.53333282470703125 16 16 16.355556488037109375 17.81728363037109375 29.066007614135742188 64.91168212890625 46.176959991455078125 33154.1015625 20.977777481079101562 27.377777099609375 44.34172821044921875 20.369382858276367188 16 31.928888320922851562 50.54103851318359375 149.9229736328125 16 16 32 22.399999618530273438 4161.18505859375 29.866666793823242188 16 16 16 16 16 16 16 16 16 48 16 16
18.777547836303710938 16 16 16 16 16 2353.940673828125 2464.084228515625 32.592594146728515625 30.577777862548828125 28.799999237060546875 34.84444427490234375 16.355556488037109375 16 2117.162109375 21.333333969116210938 16 16 43.377777099609375 16 30.933332443237304688 31.0814666748046875 6616.34130859375 28080.927734375 28.91851806640625 16 16 28.088888168334960938 19.911111831665039062 35.9822235107421875 43.015899658203125 43.866107940673828125 16 16 16 25.600000381469726562 4096.47412109375 16 16 16 16 16 16 16 16 16 32 16 24.888889312744140625 16
54.885662078857421875 51.370761871337890625 46.82245635986328125 39.931476593017578125 23.098928451538085938 16 16 16 2529.63818359375 2614.294677734375 41.631603240966796875 46.97283935546875 20.72493743896484375 27.630617141723632812 33.1923828125 2177.2509765625 16 16 20.266666412353515625 59.377777099609375 6440.55615234375 6511.34326171875 18.24394989013671875 26409.251953125 35.437038421630859375 21.333333969116210938 16 16 16 32 43.377777099609375 -9999 -9999 -9999 16 16 16 4007.585205078125 48 16 17.77777862548828125 46.22222137451171875 16 144 96 16 16 16 39.111110687255859375 86.40000152587890625
21.172674179077148438 41.6314544677734375 69.8534698486328125 94.77375030517578125 71.93148040771484375 16 16 16 16 32 2719.334716796875 2806.763427734375 2871.53515625 16 16 2233.198974609375 16 6236.82275390625 6299.044921875 6364.11181640625 16 25.244443893432617188 38.56592559814453125 -9999 -9999 -9999 -9999 -9999 -9999 -9999 -9999 -9999 -9999 -9999 -9999 -9999 -9999 -9999 16 -9999 -9999 -9999 222.9333343505859375 16 16 16 16 16 16 23.822221755981445312
81.02979278564453125 92.27863311767578125 24.326290130615234375 29.970693588256835938 165.9209136962890625 66.8170318603515625 25.955554962158203125 16 16 16 34.84444427490234375 19.911111831665039062 44.08889007568359375 2997.748291015625 3146.06396484375 6119.1337890625 6172.82275390625 16 25.955554962158203125 49.0666656494140625 16 36.266666412353515625 -9999 -9999 -9999 -9999 -9999 -9999 -9999 -9999 -9999 -9999 -9999 -9999 -9999 -9999 -9999 -9999 -9999 -9999 -9999 -9999 16 16 16 16 31.288888931274414062 32.71111297607421875 16 575.502197265625
108.25118255615234375 296.47210693359375 197.6089630126953125 30.0551910400390625 75.1813201904296875 191.796600341796875 69.62383270263671875 28.088888168334960938 16 16 16 28.088888168334960938 33.445926666259765625 62.326519012451171875 95.42952728271484375 699.109130859375 21.6888885498046875 16 16 27.022222518920898438 16 -9999 -9999 -9999 -9999 -9999 -9999 -9999 -9999 -9999 -9999 -9999 -9999 -9999 -9999 -9999 -9999 -9999 -9999 -9999 -9999 -9999 -9999 16 32 16 397.882476806640625 464 496 16
685.861328125 574.18646240234375 568.064697265625 121.391448974609375 38.04047393798828125 193.47283935546875 178.8740997314453125 42.12148284912109375 30.22222137451171875 16 16 32.71111297607421875 49.635555267333984375 59.55002593994140625 24.177778244018554688 638.9886474609375 39.822223663330078125 16 16 20.977777481079101562 -9999 -9999 -9999 -9999 -9999 -9999 -9999 -9999 -9999 -9999 -9999 -9999 -9999 -9999 -9999 -9999 -9999 -9999 -9999 -9999 -9999 -9999 -9999 208 269.5111083984375 304 16 16 16 -9999
35.91110992431640625 35.4686431884765625 981.0950927734375 21.395175933837890625 140.44970703125 157.371337890625 264.6376953125 77.43407440185546875 41.323455810546875 29.511110305786132812 16 33.0666656494140625 40.240985870361328125 16 59.618679046630859375 550.078857421875 34.488887786865234375 16 16 -9999 -9999 -9999 -9999 -9999 -9999 -9999 -9999 -9999 -9999 -9999 -9999 -9999 -9999 -9999 -9999 -9999 -9999 -9999 -9999 -9999 -9999 -9999 -9999 -9999 -9999 -9999 -9999 -9999 -9999 -9999
24.888889312744140625 53.657283782958984375 67.419830322265625 1145.07666015625 1338.3387451171875 1558.798095703125 1839.1337890625 190.8233489990234375 38.70235443115234375 23.86962890625 16 53.6888885498046875 79.6997528076171875 100.67752838134765625 87.9921875 206.5294647216796875 218.3594207763671875 16 16 -9999 -9999 -9999 -9999 -9999 -9999 -9999 -9999 -9999 -9999 -9999 -9999 -9999 -9999 -9999 -9999 -9999 -9999 -9999 -9999 -9999 -9999 -9999 -9999 -9999 -9999 -9999 -9999 -9999 -9999 -9999
30.577777862548828125 34.46518707275390625 70.11871337890625 97.2015228271484375 18.454614639282226562 16 16 2073.997802734375 38.808757781982421875 16 16 16 16 32 76.73889923095703125 180.0325469970703125 99.77152252197265625 46.577777862548828125 16 28.444444656372070312 -9999 -9999 -9999 -9999 -9999 -9999 -9999 -9999 -9999 -9999 -9999 -9999 -9999 -9999 -9999 -9999 -9999 -9999 -9999 -9999 -9999 -9999 -9999 -9999 -9999 -9999 -9999 -9999 -9999 -9999
36.622222900390625 47.225677490234375 68.28861236572265625 55.228847503662109375 71.26312255859375 82.51224517822265625 16 16 2184.984375 24.177778244018554688 16 16 16 16 45.2187652587890625 199.0478973388671875 16 32 16 19.555555343627929688 -9999 -9999 -9999 -9999 -9999 -9999 -9999 -9999 -9999 -9999 -9999 -9999 -9999 -9999 -9999 -9999 -9999 -9999 -9999 -9999 -9999 -9999 -9999 -9999 -9999 -9999 -9999 -9999 -9999 -9999
32 58.8246917724609375 22.536077499389648438 16 39.37181854248046875 90.47730255126953125 301.397491455078125 16 2272.806640625 35.5555572509765625 16 16 36.622222900390625 24.952098846435546875 25.821233749389648438 157.2266693115234375 16 20.266666412353515625 64 104.53333282470703125 16 202.6666717529296875 -9999 -9999 -9999 -9999 -9999 -9999 -9999 -9999 -9999 -9999 -9999 -9999 -9999 -9999 -9999 -9999 -9999 -9999 -9999 -9999 -9999 -9999 -9999 -9999 -9999 -9999 -9999 -9999
24.888889312744140625 26.508642196655273438 27.781618118286132812 29.582124710083007812 105.0736541748046875 96.407928466796875 22.249876022338867188 2644.4541015625 16 36.266666412353515625 16 16 40.53333282470703125 88.39111328125 125.2266693115234375 16 16 27.733333587646484375 48 62.22222137451171875 98.5170745849609375 24802.439453125 16 -9999 -9999 -9999 -9999 -9999 -9999 -9999 -9999 -9999 -9999 -9999 -9999 -9999 -9999 -9999 -9999 -9999 -9999 -9999 -9999 -9999 -9999 -9999 -9999 -9999 -9999 -9999
29.866666793823242188 27.946666717529296875 40.04257965087890625 69.35224151611328125 16 40.177776336669921875 57.18123626708984375 2744.515380859375 16 16 16 16 18.84444427490234375 30.656789779663085938 16 16 16 32 16 57.079273223876953125 52.784420013427734375 24624.39453125 16 -9999 -9999 -9999 -9999 -9999 -9999 -9999 -9999 -9999 -9999 -9999 -9999 -9999 -9999 -9999 -9999 -9999 -9999 -9999 -9999 -9999 -9999 -9999 -9999 -9999 -9999 -9999
18.133333206176757812 46.4118499755859375 52.164478302001953125 16.889835357666015625 16 18.133333206176757812 26.879999160766601562 21.6888885498046875 2840.515380859375 28.444444656372070312 35.5555572509765625 16 16 16 16 45.15555572509765625 29.15555572509765625 40.62024688720703125 49.398868560791015625 33.5640411376953125 41.3594970703125 24589.626953125 16 16 -9999 -9999 -9999 -9999 -9999 -9999 -9999 -9999 -9999 -9999 -9999 -9999 -9999 -9999 -9999 -9999 -9999 -9999 -9999 -9999 -9999 -9999 -9999 -9999 -9999 -9999
22.399999618530273438 23.134815216064453125 44.87848663330078125 76.42173004150390625 24.632581710815429688 16 16 26.3111114501953125 16 2973.71435546875 37.19901275634765625 40.177776336669921875 32 16 16 37.6888885498046875 62.830615997314453125 20.535308837890625 23.221376419067382812 16 25.982320785522460938 24516.267578125 24.177778244018554688 16 -9999 -9999 -9999 -9999 -9999 -9999 -9999 -9999 -9999 -9999 -9999 -9999 -9999 -9999 -9999 -9999 -9999 -9999 -9999 -9999 -9999 -9999 -9999 -9999 -9999 -9999
