ValueNro_2398/sve_ValueNro_2398_dem_16mo.asc
ncols        141
nrows        228
xllcorner    356256.000000000000
yllcorner    6857312.000000000000
cellsize     16.000000000000
NODATA_value  -9999
[rows 168 to 188 of 228, columns 0 to 45 of 141]
-9999 -9999 -9999 -9999 -9999 -9999 167.9640045166015625 164.4010009765625 162.7079925537109375 163.6190032958984375 165.1580047607421875 165.5630035400390625 169.8470001220703125 172.569000244140625 173.2790069580078125 173.988006591796875 175.5149993896484375 177.4530029296875 175.6309967041015625 173.86700439453125 173.19500732421875 171.5930023193359375 170.7180023193359375 169.8280029296875 168.0319976806640625 167.0839996337890625 166.7050018310546875 165.3679962158203125 166.2100067138671875 166.427001953125 166.7689971923828125 167.22900390625 165.1139984130859375 162.634002685546875 161.6280059814453125 161.037994384765625 160.1450042724609375 159.6510009765625 160.287994384765625 158.449005126953125 157.4109954833984375 156.998992919921875 156.2920074462890625 155.701995849609375 155.766998291015625 154.253997802734375
-9999 -9999 -9999 -9999 -9999 -9999 169.0420074462890625 164.201995849609375 163.11199951171875 163.0489959716796875 163.3130035400390625 163.3690032958984375 167.5930023193359375 169.9239959716796875 170.4429931640625 170.42999267578125 171.2830047607421875 175.350006103515625 177.41400146484375 175.6139984130859375 171.6510009765625 170.9149932861328125 170.55999755859375 169.31500244140625 167.5659942626953125 166.1009979248046875 165.826995849609375 165.61700439453125 165.555999755859375 165.7270050048828125 165.6230010986328125 165.8040008544921875 163.9120025634765625 162.68499755859375 161.4730072021484375 161.21600341796875 159.5449981689453125 158.7209930419921875 158.3070068359375 157.4839935302734375 156.93499755859375 157.0590057373046875 156.2480010986328125 155.5959930419921875 155.3329925537109375 155.7660064697265625
-9999 -9999 -9999 -9999 -9999 -9999 167.113006591796875 165.69000244140625 163.2339935302734375 163.2469940185546875 163.0879974365234375 163.1670074462890625 164.3820037841796875 169.139007568359375 170.7649993896484375 171.5579986572265625 173.5879974365234375 174.6569976806640625 174.2729949951171875 173.8820037841796875 173.1410064697265625 170.412994384765625 168.259002685546875 167.9669952392578125 167.00799560546875 165.7270050048828125 165.39599609375 165.1580047607421875 165.264007568359375 165.6190032958984375 165.7079925537109375 164.759002685546875 163.5989990234375 162.7259979248046875 161.139007568359375 160.365997314453125 158.95599365234375 157.3800048828125 156.779998779296875 156.34100341796875 155.897003173828125 155.602996826171875 155.2729949951171875 154.83099365234375 154.9210052490234375 155.748992919921875
-9999 -9999 -9999 -9999 -9999 -9999 -9999 169.8249969482421875 165.4109954833984375 163.162994384765625 163.1009979248046875 163.156005859375 163.201995849609375 165.574005126953125 170.779998779296875 172.149993896484375 175.845001220703125 177.78900146484375 178.4250030517578125 177.561004638671875 175.8849945068359375 174.0279998779296875 169.8849945068359375 165.906005859375 165.425994873046875 165.4109954833984375 165.1360015869140625 164.89599609375 164.9530029296875 165.863006591796875 167.22900390625 164.3910064697265625 163.30499267578125 161.8470001220703125 161.0709991455078125 159.4420013427734375 157.7129974365234375 156.8070068359375 156.261993408203125 156.0279998779296875 155.8220062255859375 155.4640045166015625 154.2969970703125 153.662994384765625 154.417999267578125 155.1349945068359375
-9999 -9999 -9999 -9999 -9999 -9999 -9999 170.397003173828125 171.60699462890625 166.563995361328125 163.0279998779296875 163.253997802734375 163.3220062255859375 163.6049957275390625 168.9040069580078125 171.555999755859375 175.177001953125 180.337005615234375 180.964996337890625 179.1820068359375 177.613006591796875 175.2440032958984375 172.7610015869140625 168.9969940185546875 165.238006591796875 165.2760009765625 164.99200439453125 164.9239959716796875 165.110992431640625 165.7550048828125 166.391998291015625 164.391998291015625 162.3029937744140625 160.7129974365234375 159.26800537109375 157.6710052490234375 157.0970001220703125 156.805999755859375 156.2779998779296875 156.319000244140625 158.572998046875 157.11700439453125 154.766998291015625 154.2299957275390625 153.8280029296875 153.5780029296875
-9999 -9999 -9999 -9999 -9999 -9999 -9999 -9999 171.3350067138671875 169.7700042724609375 166.67999267578125 163.5399932861328125 163.3350067138671875 163.4739990234375 166.6230010986328125 170.548004150390625 176.10699462890625 178.764007568359375 179.6100006103515625 177.4949951171875 177.2949981689453125 175.688995361328125 172.7299957275390625 170.5749969482421875 165.8119964599609375 165.1869964599609375 165.0919952392578125 164.9239959716796875 164.7870025634765625 166.6100006103515625 166.0290069580078125 164.4210052490234375 162.3379974365234375 158.9810028076171875 158.1150054931640625 157.498992919921875 156.8639984130859375 156.468994140625 156.123992919921875 155.9380035400390625 156.714996337890625 156.061004638671875 154.6399993896484375 155.6519927978515625 154.4969940185546875 153.563995361328125
-9999 -9999 -9999 -9999 -9999 -9999 -9999 -9999 -9999 169.438995361328125 167.9340057373046875 165.9759979248046875 163.6060028076171875 163.740997314453125 165.802001953125 169.5500030517578125 172.9889984130859375 176.4010009765625 178.438995361328125 179.024993896484375 178.16900634765625 175.5269927978515625 175.0980072021484375 175.0679931640625 168.1790008544921875 166.4120025634765625 165.175994873046875 165.093994140625 164.589996337890625 166.8029937744140625 166.6999969482421875 164.2859954833984375 161.4029998779296875 159.093994140625 157.71600341796875 157.0890045166015625 156.677001953125 156.136993408203125 155.447998046875 155.19500732421875 155.264007568359375 155.125 154.6739959716796875 155.33599853515625 157.2530059814453125 154.531005859375
-9999 -9999 -9999 -9999 -9999 -9999 -9999 -9999 -9999 -9999 170.9550018310546875 169.93499755859375 166.2859954833984375 164.837005615234375 165.5279998779296875 167.0540008544921875 169.781005859375 174.1670074462890625 176.0099945068359375 178.3300018310546875 179.272003173828125 178.41900634765625 176.6660003662109375 176.1699981689453125 171.457000732421875 169.1479949951171875 166.9669952392578125 164.930999755859375 165.1609954833984375 166.100006103515625 165.8379974365234375 163.720001220703125 161.0319976806640625 158.89599609375 157.6020050048828125 156.1439971923828125 156.6360015869140625 156.516998291015625 156.42999267578125 155.3809967041015625 155.3589935302734375 155.0839996337890625 155.1360015869140625 156.29400634765625 158.180999755859375 156.1609954833984375
-9999 -9999 -9999 -9999 -9999 -9999 -9999 -9999 -9999 -9999 171.384002685546875 171.212005615234375 170.19000244140625 168.5460052490234375 167.2599945068359375 167.264007568359375 168.785003662109375 170.9369964599609375 174.40899658203125 175.5800018310546875 177.67999267578125 178.53900146484375 178.4239959716796875 176.535003662109375 172.66900634765625 169.9499969482421875 167.10400390625 166.5670013427734375 165.511993408203125 165.6280059814453125 164.68499755859375 162.779998779296875 161.11700439453125 159.71600341796875 158.623992919921875 157.6089935302734375 158.4550018310546875 158.41400146484375 157.531005859375 155.813995361328125 155.339996337890625 155.1100006103515625 155.531005859375 157.23699951171875 158.886993408203125 157.1230010986328125
-9999 -9999 -9999 -9999 -9999 -9999 -9999 -9999 167.77099609375 167.89599609375 169.7400054931640625 172.60699462890625 169.75 169.77099609375 170.5019989013671875 171.11199951171875 171.40899658203125 170.13800048828125 173.447998046875 174.85699462890625 175.781005859375 177.1479949951171875 177.7270050048828125 176.5059967041015625 172.7299957275390625 169.1020050048828125 167.0469970703125 167.587005615234375 166.4900054931640625 164.63800048828125 163.376007080078125 161.522003173828125 160.647003173828125 159.9900054931640625 160.2920074462890625 160.113006591796875 159.673004150390625 158.996002197265625 157.3979949951171875 156.47900390625 155.8509979248046875 155.7440032958984375 156.0469970703125 160.25799560546875 160.5800018310546875 158.0529937744140625
-9999 -9999 -9999 -9999 -9999 -9999 -9999 -9999 167.7570037841796875 167.826995849609375 169.3300018310546875 172.50799560546875 170.35400390625 170.7039947509765625 171.5670013427734375 172.3699951171875 172.093994140625 170.5709991455078125 172.92999267578125 175.555999755859375 176.3029937744140625 176.5630035400390625 176.800994873046875 176.2480010986328125 172.8899993896484375 168.9219970703125 166.5829925537109375 167.4470062255859375 166.4380035400390625 163.7740020751953125 163.035003662109375 161.4459991455078125 160.274993896484375 159.9709930419921875 161.2140045166015625 161.4420013427734375 160.802001953125 159.386993408203125 157.2530059814453125 156.63299560546875 155.80999755859375 155.9219970703125 156.4709930419921875 160.4669952392578125 160.7760009765625 158.8780059814453125
-9999 -9999 -9999 -9999 -9999 -9999 -9999 -9999 167.9420013427734375 167.7169952392578125 167.7570037841796875 169.897003173828125 170.4739990234375 171.6880035400390625 173.14300537109375 172.7469940185546875 173.238006591796875 171.3639984130859375 171.6699981689453125 173.95599365234375 176.3300018310546875 175.9040069580078125 176.647003173828125 174.88800048828125 173.875 170.1199951171875 166.977996826171875 167.378997802734375 167.449005126953125 163.30499267578125 162.173004150390625 160.6609954833984375 160.0200042724609375 160.4420013427734375 165.3350067138671875 166.21099853515625 163.6670074462890625 162.675994873046875 157.8280029296875 156.55499267578125 156.01800537109375 156.628997802734375 159.0189971923828125 160.7469940185546875 161.1490020751953125 160.0959930419921875
-9999 -9999 -9999 -9999 -9999 -9999 -9999 -9999 167.3589935302734375 167.6089935302734375 167.56500244140625 168.031005859375 169.51300048828125 171.677001953125 172.160003662109375 172.9980010986328125 173.531005859375 171.7610015869140625 172.8350067138671875 174.8170013427734375 175.3800048828125 176.177001953125 177.03399658203125 174.537994384765625 173.2259979248046875 171.02099609375 166.188995361328125 167.16900634765625 166.9380035400390625 163.852996826171875 162.845001220703125 160.6199951171875 159.78900146484375 160.615997314453125 165.531005859375 168.6710052490234375 165.001007080078125 163.0229949951171875 158.4680023193359375 156.8549957275390625 156.61700439453125 158.3509979248046875 161.36700439453125 161.897003173828125 161.85699462890625 160.8800048828125
-9999 -9999 -9999 -9999 -9999 -9999 -9999 -9999 168.173004150390625 167.9160003662109375 167.70599365234375 167.886993408203125 170.147003173828125 172.305999755859375 171.70599365234375 173.0989990234375 173.4369964599609375 172.576995849609375 173.3119964599609375 173.8079986572265625 173.5449981689453125 174.7790069580078125 176.13800048828125 174.194000244140625 172.417999267578125 169.2389984130859375 165.897003173828125 166.451995849609375 166.524993896484375 164.5919952392578125 162.4380035400390625 160.800994873046875 160.444000244140625 160.8809967041015625 164.8430023193359375 168.031005859375 164.550994873046875 162.0500030517578125 159.037994384765625 157.3690032958984375 159.292999267578125 160.3159942626953125 163.384002685546875 163.024993896484375 161.9239959716796875 161.0670013427734375
-9999 -9999 -9999 -9999 -9999 -9999 -9999 -9999 171.0970001220703125 169.9080047607421875 168.037994384765625 167.2570037841796875 169.2440032958984375 170.951995849609375 171.9210052490234375 172.3040008544921875 172.2230072021484375 172.85400390625 173.7339935302734375 173.930999755859375 173.4940032958984375 173.5050048828125 174.464996337890625 173.121002197265625 170.9739990234375 167.8209991455078125 165.58599853515625 165.8639984130859375 166.6750030517578125 165.264007568359375 162.0330047607421875 160.9010009765625 160.625 161.4420013427734375 163.41900634765625 166.2729949951171875 164.2259979248046875 160.996002197265625 158.886993408203125 158.9380035400390625 160.3939971923828125 161.58599853515625 164.160003662109375 163.5 162.2389984130859375 160.7969970703125
-9999 -9999 -9999 -9999 -9999 -9999 -9999 -9999 171.6909942626953125 170.63299560546875 169.1750030517578125 168.0469970703125 168.136993408203125 168.69500732421875 170.186004638671875 171.1660003662109375 172.1100006103515625 173.5709991455078125 173.863006591796875 172.649993896484375 173.6439971923828125 172.7899932861328125 170.9080047607421875 169.82000732421875 167.149993896484375 165.925994873046875 163.740997314453125 163.2100067138671875 163.8639984130859375 164.3289947509765625 162.1660003662109375 161.227996826171875 162.4369964599609375 161.6580047607421875 162.470001220703125 164.0789947509765625 162.884002685546875 160.9799957275390625 159.71600341796875 160.3769989013671875 161.16400146484375 162.386993408203125 162.98699951171875 163.373992919921875 162.24200439453125 161.3220062255859375
-9999 -9999 -9999 -9999 -9999 -9999 -9999 -9999 -9999 -9999 170.5189971923828125 168.1190032958984375 168.141998291015625 167.8459930419921875 168.0240020751953125 168.4459991455078125 170.0749969482421875 171.832000732421875 173.2830047607421875 172.00799560546875 170.8560028076171875 169.647003173828125 168.86199951171875 167.1269989013671875 166.3820037841796875 164.923004150390625 163.759002685546875 163.1490020751953125 162.4290008544921875 161.6620025634765625 161.4810028076171875 161.688995361328125 162.287994384765625 162.343994140625 162.957000732421875 163.0359954833984375 160.5540008544921875 160.3730010986328125 160.55499267578125 161.5829925537109375 161.8470001220703125 161.852996826171875 162.4850006103515625 162.3289947509765625 162.339996337890625 162.082000732421875
-9999 -9999 -9999 -9999 -9999 -9999 -9999 -9999 -9999 -9999 169.748992919921875 167.688995361328125 168.1100006103515625 168.2310028076171875 168.08599853515625 167.7389984130859375 168.28900146484375 168.7469940185546875 171.08599853515625 171.917999267578125 172.4530029296875 171.949005126953125 171.5110015869140625 173.17999267578125 171.5319976806640625 170.339996337890625 168.7230072021484375 166.2760009765625 164.1699981689453125 162.2610015869140625 161.7530059814453125 161.78399658203125 162.07000732421875 162.2559967041015625 161.6569976806640625 160.5059967041015625 160.2480010986328125 160.326995849609375 160.16400146484375 161.0679931640625 161.9329986572265625 161.6750030517578125 161.9429931640625 162.712005615234375 162.9210052490234375 162.3220062255859375
-9999 -9999 -9999 -9999 -9999 -9999 -9999 -9999 169.746002197265625 168.477996826171875 168.024993896484375 167.951995849609375 168.1269989013671875 168.2100067138671875 168.1710052490234375 168.1479949951171875 168.311004638671875 169.3070068359375 171.1519927978515625 172.1739959716796875 173.5290069580078125 173.3699951171875 173.7030029296875 173.6450042724609375 173.2769927978515625 172.2469940185546875 169.9759979248046875 168.4530029296875 165.74200439453125 166.9640045166015625 166.2859954833984375 164.49200439453125 162.761993408203125 161.75799560546875 160.5529937744140625 160.6020050048828125 160.5399932861328125 160.4629974365234375 160.50799560546875 160.22900390625 161.069000244140625 161.57000732421875 162.0500030517578125 162.5359954833984375 162.42999267578125 162.08599853515625
-9999 -9999 -9999 -9999 -9999 -9999 -9999 -9999 169.1349945068359375 168.1100006103515625 168.087005615234375 168.3289947509765625 167.906005859375 168.2299957275390625 168.2519989013671875 168.1280059814453125 168.1929931640625 170.141998291015625 171.1020050048828125 171.8300018310546875 172.5290069580078125 173.9680023193359375 173.4459991455078125 173.423004150390625 173.1529998779296875 172.7429962158203125 170.86700439453125 167.772003173828125 166.660003662109375 165.8289947509765625 165.1360015869140625 164.2949981689453125 163.2030029296875 161.1479949951171875 161.9170074462890625 164.34100341796875 163.628997802734375 162.468994140625 162.09100341796875 161.7819976806640625 161.71600341796875 161.75799560546875 162.1519927978515625 162.2729949951171875 162.1300048828125 162.15899658203125
-9999 -9999 -9999 -9999 -9999 -9999 -9999 171.1139984130859375 168.63800048828125 168.5760040283203125 170.720001220703125 171.9279937744140625 169.3489990234375 169.8549957275390625 168.126007080078125 168.3990020751953125 168.2649993896484375 170.75799560546875 172.0050048828125 172.00799560546875 172.6320037841796875 173.3070068359375 174.048004150390625 173.0410003662109375 172.563995361328125 172.477996826171875 170.0160064697265625 167.5019989013671875 165.839996337890625 164.0839996337890625 163.41900634765625 162.7350006103515625 161.2949981689453125 160.5760040283203125 161.839996337890625 165.3690032958984375 165.3289947509765625 164.9120025634765625 164.2760009765625 164.1360015869140625 161.9850006103515625 161.9109954833984375 162.3820037841796875 161.9429931640625 161.6790008544921875 160.9120025634765625
