ValueNro_2398/sve_ValueNro_2398_downslope_distance.asc
ncols        141
nrows        228
xllcorner    356256.000000000000
yllcorner    6857312.000000000000
cellsize     16.000000000000
NODATA_value  -9999
[rows 63 to 83 of 228, columns 92 to 137 of 141]
40.284271240234375 33.455844879150390625 29.313709259033203125 30.828426361083984375 20.828426361083984375 4 25.313709259033203125 4 10.485280990600585938 6 25.313709259033203125 43.313709259033203125 240.1076507568359375 244.592926025390625 259.078216552734375 278.39190673828125 294.04876708984375 317.36248779296875 322.5340576171875 180.9949493408203125 165.480224609375 152.9949493408203125 108.22539520263671875 91.7401123046875 78.08325958251953125 77.5979766845703125 49.112697601318359375 31.455844879150390625 20.970561981201171875 15.313708305358886719 13.656854629516601562 2.8284270763397216797 2.8284270763397216797 9.6568546295166015625 11.656854629516601562 8.8284273147583007812 2 -9999 -9999 -9999 -9999 -9999 -9999 -9999 -9999 -9999
19.656854629516601562 14.485280990600585938 10 8.8284273147583007812 10.828427314758300781 2.8284270763397216797 17.656854629516601562 4.8284273147583007812 8.8284273147583007812 4.8284273147583007812 22.828426361083984375 231.96551513671875 222.7939453125 229.2792205810546875 244.9360809326171875 270.592926025390625 284.249786376953125 301.563507080078125 249.764495849609375 132.7106781005859375 119.8822479248046875 112.08325958251953125 102.4264068603515625 85.2548370361328125 64.76955413818359375 53.79898834228515625 36.284271240234375 18.970561981201171875 8 2.8284270763397216797 2.8284270763397216797 2.8284270763397216797 8.4852809906005859375 15.656854629516601562 6 4 6.8284273147583007812 20.828426361083984375 -9999 -9999 -9999 -9999 -9999 -9999 -9999 -9999
4.8284273147583007812 4.8284273147583007812 8.8284273147583007812 40.1421356201171875 20.828426361083984375 6.8284273147583007812 6.8284273147583007812 4.8284273147583007812 7.6568541526794433594 4.8284273147583007812 21.656854629516601562 218.7939453125 207.1370849609375 213.96551513671875 199.480224609375 205.8233795166015625 285.906646728515625 228.7939453125 236.1076507568359375 124.024383544921875 104.7106781005859375 91.7401123046875 91.39697265625 72.62741851806640625 53.455844879150390625 39.455844879150390625 24.970561981201171875 8.4852809906005859375 4.8284273147583007812 42.1421356201171875 2.8284270763397216797 4.8284273147583007812 4 4 9.6568546295166015625 16.485280990600585938 22.485280990600585938 32.1421356201171875 -9999 -9999 -9999 -9999 -9999 -9999 -9999 -9999
20.1421356201171875 31.798990249633789062 34.62741851806640625 44.62741851806640625 32.62741851806640625 14.485280990600585938 2 2 7.6568541526794433594 4 20.828426361083984375 195.3380889892578125 193.480224609375 178.9949493408203125 177.681243896484375 188.1665191650390625 199.3380889892578125 208.30865478515625 219.2792205810546875 123.19596099853515625 94.22539520263671875 78.08325958251953125 70.76955413818359375 68.4264068603515625 39.79898834228515625 26.1421356201171875 13.656854629516601562 2.8284270763397216797 9.6568546295166015625 2.8284270763397216797 13.656854629516601562 25.798990249633789062 16.485280990600585938 23.313709259033203125 25.798990249633789062 33.455844879150390625 40.48528289794921875 55.79898834228515625 -9999 -9999 -9999 -9999 -9999 -9999 -9999 -9999
28.627416610717773438 47.112697601318359375 51.94112396240234375 54.284271240234375 41.94112396240234375 25.656854629516601562 4.8284273147583007812 5.6568541526794433594 6.8284273147583007812 4 20 65.7401123046875 170.1665191650390625 160.509674072265625 160.852813720703125 174.3675384521484375 186.1665191650390625 194.6518096923828125 247.96551513671875 257.27923583984375 89.7401123046875 68.76955413818359375 53.94112396240234375 33.79898834228515625 22.1421356201171875 9.6568546295166015625 2.8284270763397216797 2.8284270763397216797 2 13.313708305358886719 24.970561981201171875 43.455844879150390625 34.62741851806640625 38.284271240234375 49.455844879150390625 53.254833221435546875 62.91168975830078125 -9999 -9999 -9999 -9999 -9999 -9999 -9999 -9999 -9999
38.284271240234375 66.76955413818359375 72.4264068603515625 75.7401123046875 76.76955413818359375 29.313709259033203125 11.656854629516601562 4 6 4 21.313709259033203125 51.94112396240234375 135.195953369140625 140.3675384521484375 144.3675384521484375 160.7106781005859375 169.681243896484375 182.024383544921875 215.96551513671875 243.1370849609375 249.96551513671875 61.597980499267578125 39.112697601318359375 26.1421356201171875 8.4852809906005859375 4.8284273147583007812 16.828426361083984375 4.8284273147583007812 4 16.1421356201171875 33.112697601318359375 49.313709259033203125 53.112697601318359375 53.455844879150390625 61.254833221435546875 76.08325958251953125 74.56854248046875 -9999 -9999 -9999 -9999 -9999 -9999 -9999 -9999 -9999
44.284271240234375 77.2548370361328125 87.2548370361328125 98.22539520263671875 85.5979766845703125 37.313709259033203125 19.656854629516601562 6 4 4 26.970561981201171875 44.284271240234375 119.05382537841796875 119.05382537841796875 129.8822479248046875 145.5391082763671875 160.7106781005859375 177.5391082763671875 211.8233795166015625 49.313709259033203125 43.455844879150390625 52.76955413818359375 37.79898834228515625 16.1421356201171875 2.8284270763397216797 31.313709259033203125 16.828426361083984375 4 2.8284270763397216797 12 30.970561981201171875 49.313709259033203125 65.94112396240234375 72.76955413818359375 76.4264068603515625 87.7401123046875 69.94112396240234375 -9999 -9999 -9999 -9999 -9999 -9999 -9999 -9999 -9999
24.970561981201171875 39.79898834228515625 56.62741851806640625 72.4264068603515625 66.76955413818359375 48.48528289794921875 32.48528289794921875 14.828427314758300781 4 4 26.1421356201171875 44.970561981201171875 89.5979766845703125 100.91168975830078125 127.8822479248046875 151.195953369140625 167.195953369140625 184.509674072265625 41.455844879150390625 33.79898834228515625 25.313709259033203125 32.970561981201171875 29.313709259033203125 15.656854629516601562 6.8284273147583007812 10.485280990600585938 4.8284273147583007812 2 2.8284270763397216797 13.656854629516601562 31.798990249633789062 48.970561981201171875 79.94112396240234375 100.91168975830078125 111.7401123046875 121.39697265625 17.313709259033203125 -9999 -9999 -9999 -9999 -9999 -9999 -9999 -9999 -9999
9.6568546295166015625 25.313709259033203125 45.79898834228515625 67.112701416015625 80.76955413818359375 52.970561981201171875 34.48528289794921875 16.828426361083984375 2 9.6568546295166015625 28.485280990600585938 57.112697601318359375 73.94112396240234375 89.5979766845703125 109.2548370361328125 169.195953369140625 72.76955413818359375 41.455844879150390625 26.627416610717773438 17.656854629516601562 9.6568546295166015625 4.8284273147583007812 7.6568541526794433594 8.8284273147583007812 2 4.8284273147583007812 6.8284273147583007812 8.4852809906005859375 20.485280990600585938 11.656854629516601562 30.970561981201171875 48.48528289794921875 69.94112396240234375 90.08325958251953125 49.455844879150390625 14.485280990600585938 -9999 -9999 -9999 -9999 -9999 -9999 -9999 -9999 -9999 -9999
4.8284273147583007812 8 27.313709259033203125 77.5979766845703125 98.56854248046875 50.970561981201171875 34.1421356201171875 18 4 15.656854629516601562 35.313709259033203125 50.62741851806640625 66.284271240234375 83.112701416015625 72.4264068603515625 69.5979766845703125 52.284271240234375 32.62741851806640625 14.485280990600585938 4 4.8284273147583007812 16.828426361083984375 12.485280990600585938 4 2 30.627416610717773438 5.6568541526794433594 12.828427314758300781 24.485280990600585938 10.828427314758300781 31.798990249633789062 51.112697601318359375 70.4264068603515625 91.7401123046875 38.62741851806640625 13.656854629516601562 -9999 -9999 -9999 -9999 -9999 -9999 -9999 -9999 -9999 -9999
19.313709259033203125 16.1421356201171875 112.22539520263671875 113.05382537841796875 93.7401123046875 69.2548370361328125 30.1421356201171875 12.485280990600585938 2.8284270763397216797 6.8284273147583007812 11.656854629516601562 47.79898834228515625 63.455844879150390625 47.94112396240234375 54.76955413818359375 40.62741851806640625 22.485280990600585938 11.656854629516601562 4.8284273147583007812 12.828427314758300781 24.485280990600585938 43.79898834228515625 34.62741851806640625 17.313709259033203125 8.4852809906005859375 4 2.8284270763397216797 22.485280990600585938 34.970561981201171875 10.828427314758300781 28.627416610717773438 48.1421356201171875 65.112701416015625 98.91168975830078125 99.7401123046875 22.485280990600585938 -9999 -9999 -9999 -9999 -9999 -9999 -9999 -9999 -9999 -9999
38.1421356201171875 135.5391082763671875 121.05382537841796875 102.56854248046875 82.4264068603515625 61.94112396240234375 26.485280990600585938 7.6568541526794433594 10.828427314758300781 30.627416610717773438 5.6568541526794433594 8.4852809906005859375 19.313709259033203125 28.627416610717773438 29.313709259033203125 15.313708305358886719 6.8284273147583007812 6 14.485280990600585938 25.798990249633789062 39.112697601318359375 55.313709259033203125 54.76955413818359375 42.284271240234375 30.970561981201171875 21.313709259033203125 4 14.828427314758300781 10 10 27.656854629516601562 49.455844879150390625 67.455841064453125 89.5979766845703125 84.4264068603515625 20.485280990600585938 -9999 -9999 -9999 -9999 -9999 -9999 -9999 -9999 -9999 -9999
106.36753082275390625 139.195953369140625 123.8822479248046875 107.7401123046875 80.08325958251953125 49.79898834228515625 35.79898834228515625 6.8284273147583007812 10 25.656854629516601562 19.313709259033203125 4.8284273147583007812 4.8284273147583007812 12.828427314758300781 13.656854629516601562 2.8284270763397216797 2.8284270763397216797 10.828427314758300781 28.970561981201171875 48.62741851806640625 71.112701416015625 85.94112396240234375 72.4264068603515625 53.597980499267578125 42.970561981201171875 28.970561981201171875 9.6568546295166015625 6.8284273147583007812 14.828427314758300781 8 24.485280990600585938 45.313709259033203125 66.76955413818359375 73.94112396240234375 63.94112396240234375 -9999 -9999 -9999 -9999 -9999 -9999 -9999 -9999 -9999 -9999 -9999
97.19596099853515625 87.7401123046875 76.08325958251953125 67.5979766845703125 55.112697601318359375 41.79898834228515625 29.313709259033203125 6.8284273147583007812 10 37.455844879150390625 39.455844879150390625 22.970561981201171875 11.656854629516601562 6.8284273147583007812 6 14.485280990600585938 23.656854629516601562 36.970561981201171875 4.8284273147583007812 12.828427314758300781 45.79898834228515625 58.4264068603515625 92.08325958251953125 73.5979766845703125 51.455844879150390625 35.79898834228515625 16.485280990600585938 4.8284273147583007812 13.656854629516601562 8.8284273147583007812 26.485280990600585938 43.313709259033203125 67.455841064453125 49.94112396240234375 44.62741851806640625 -9999 -9999 -9999 -9999 -9999 -9999 -9999 -9999 -9999 -9999 -9999
85.5391082763671875 71.7401123046875 60.4264068603515625 52.76955413818359375 44.284271240234375 32.62741851806640625 20.485280990600585938 18.970561981201171875 37.112697601318359375 57.112697601318359375 69.2548370361328125 36.62741851806640625 28.485280990600585938 26.970561981201171875 22.828426361083984375 28.485280990600585938 41.79898834228515625 56.284271240234375 22.485280990600585938 30.627416610717773438 4.8284273147583007812 31.798990249633789062 43.94112396240234375 85.7401123046875 82.08325958251953125 38.1421356201171875 23.656854629516601562 4.8284273147583007812 20.485280990600585938 8 24.828426361083984375 44.62741851806640625 69.112701416015625 62.76955413818359375 -9999 -9999 -9999 -9999 -9999 -9999 -9999 -9999 -9999 -9999 -9999 -9999
136.9949493408203125 58.91168975830078125 46.4264068603515625 37.112697601318359375 28.970561981201171875 18.485280990600585938 5.6568541526794433594 7.6568541526794433594 25.798990249633789062 47.112697601318359375 66.76955413818359375 76.4264068603515625 46.62741851806640625 43.313709259033203125 40.1421356201171875 44.48528289794921875 57.79898834228515625 57.94112396240234375 40.62741851806640625 22.970561981201171875 5.6568541526794433594 15.313708305358886719 28.627416610717773438 49.94112396240234375 55.455844879150390625 48.284271240234375 37.79898834228515625 32.1421356201171875 6.8284273147583007812 7.6568541526794433594 24.970561981201171875 33.455844879150390625 -9999 -9999 -9999 -9999 -9999 -9999 -9999 -9999 -9999 -9999 -9999 -9999 -9999 -9999
112.852813720703125 47.94112396240234375 34.62741851806640625 22.970561981201171875 14.485280990600585938 4.8284273147583007812 7.6568541526794433594 22.1421356201171875 32.284271240234375 47.94112396240234375 68.91168975830078125 97.05382537841796875 67.112701416015625 62.970561981201171875 56.62741851806640625 61.79898834228515625 82.4264068603515625 68.4264068603515625 43.112697601318359375 22.970561981201171875 6.8284273147583007812 4 12.828427314758300781 25.656854629516601562 42.284271240234375 56.4264068603515625 59.112697601318359375 51.455844879150390625 4 4 8.8284273147583007812 -9999 -9999 -9999 -9999 -9999 -9999 -9999 -9999 -9999 -9999 -9999 -9999 -9999 -9999 -9999
60.4264068603515625 37.94112396240234375 24.1421356201171875 10.485280990600585938 2.8284270763397216797 14.485280990600585938 20.970561981201171875 35.79898834228515625 45.79898834228515625 55.254833221435546875 70.08325958251953125 84.284271240234375 89.112701416015625 82.76955413818359375 73.79898834228515625 81.112701416015625 93.5979766845703125 81.2548370361328125 43.112697601318359375 30.970561981201171875 23.313709259033203125 10.485280990600585938 4 6.8284273147583007812 35.79898834228515625 36.284271240234375 44.1421356201171875 30.1421356201171875 4 4 6.8284273147583007812 -9999 -9999 -9999 -9999 -9999 -9999 -9999 -9999 -9999 -9999 -9999 -9999 -9999 -9999 -9999
54.76955413818359375 30.1421356201171875 14.485280990600585938 2.8284270763397216797 61.254833221435546875 80.91168975830078125 97.05382537841796875 46.76955413818359375 217.1370849609375 220.30865478515625 229.96551513671875 238.4507904052734375 271.764495849609375 288.592926025390625 103.2548370361328125 102.4264068603515625 104.4264068603515625 98.91168975830078125 54.08325958251953125 46.284271240234375 35.94112396240234375 27.313709259033203125 22.970561981201171875 13.313708305358886719 2.8284270763397216797 10.485280990600585938 32.48528289794921875 21.656854629516601562 8 4.8284273147583007812 -9999 -9999 -9999 -9999 -9999 -9999 -9999 -9999 -9999 -9999 -9999 -9999 -9999 -9999 -9999 -9999
45.94112396240234375 20.970561981201171875 5.6568541526794433594 34.284271240234375 52.4264068603515625 70.91168975830078125 96.22539520263671875 119.681243896484375 196.1665191650390625 207.8233795166015625 219.480224609375 235.1370849609375 261.27923583984375 275.27923583984375 280.4508056640625 120.91168975830078125 128.56854248046875 116.56854248046875 71.7401123046875 87.7401123046875 60.76955413818359375 45.94112396240234375 38.62741851806640625 28.970561981201171875 17.656854629516601562 5.6568541526794433594 4 4.8284273147583007812 4 -9999 -9999 -9999 -9999 -9999 -9999 -9999 -9999 -9999 -9999 -9999 -9999 -9999 -9999 -9999 -9999 -9999
53.455844879150390625 14.1421356201171875 7.6568541526794433594 28.627416610717773438 49.94112396240234375 72.08325958251953125 84.284271240234375 174.024383544921875 178.024383544921875 192.509674072265625 216.30865478515625 233.1370849609375 254.7939453125 272.7939453125 285.96551513671875 156.3675384521484375 151.681243896484375 141.195953369140625 113.05382537841796875 90.08325958251953125 74.08325958251953125 65.5979766845703125 56.62741851806640625 46.62741851806640625 43.455844879150390625 24.970561981201171875 13.656854629516601562 14.828427314758300781 -9999 -9999 -9999 -9999 -9999 -9999 -9999 -9999 -9999 -9999 -9999 -9999 -9999 -9999 -9999 -9999 -9999 -9999
