ValueNro_2398/sve_ValueNro_2398_TWI_16m.asc
ncols        141
nrows        228
xllcorner    356256.000000000000
yllcorner    6857312.000000000000
cellsize     16.000000000000
NODATA_value  -9999
[rows 140 to 159 of 228, columns 44 to 87 of 141]
8.3670000000000008811 7.6870000000000002771 7.0220000000000002416 7.0129999999999999005 7.3070000000000003837 7.5910000000000001918 7.3419999999999996376 7.4249999999999998224 7.0739999999999998437 8.7880000000000002558 6.1890000000000000568 10.711000000000000298 7.1420000000000003482 8.0510000000000001563 7.9770000000000003126 6.9539999999999997371 7.5750000000000001776 7.8869999999999995666 8.1950000000000002842 7.6909999999999998366 7.7080000000000001847 7.8940000000000001279 8.7590000000000003411 20.402000000000001023 7.7919999999999998153 7.4610000000000002984 14.699999999999999289 7.3710000000000004405 10.048999999999999488 6.9809999999999998721 7.0419999999999998153 6.652000000000000135 7.2530000000000001137 8.2650000000000005684 7.1879999999999997229 7.3890000000000002345 11.356999999999999318 6.9310000000000000497 7.1719999999999997087 7.8179999999999996163 8.1050000000000004263 9.6089999999999999858 8.1690000000000004832 7.9630000000000000782
8.8650000000000002132 8.400999999999999801 6.900999999999999801 6.6420000000000003482 6.9059999999999996945 7.3109999999999999432 7.1840000000000001634 7.9619999999999997442 8.4049999999999993605 8.8059999999999991616 10.157999999999999474 7.2069999999999998508 7.0689999999999999503 7.2370000000000000995 7.4930000000000003268 7.2130000000000000782 7.05400000000000027 7.3869999999999995666 8.1370000000000004547 8.596999999999999531 8.9700000000000006395 9.3930000000000006821 9.653000000000000469 19.501999999999998892 7.8499999999999996447 14.728999999999999204 7.0789999999999997371 7.4580000000000001847 7.9210000000000002629 8.9990000000000005542 7.2910000000000003695 6.9909999999999996589 7.0400000000000000355 6.6040000000000000924 8.2460000000000004405 7.30400000000000027 8.8789999999999995595 11.749000000000000554 7.6490000000000000213 8.2989999999999994884 12.125999999999999446 9.9960000000000004405 6.9919999999999999929 8.0050000000000007816
8.0150000000000005684 8.2089999999999996305 7.17900000000000027 6.5720000000000000639 6.6150000000000002132 7.5170000000000003482 8.6720000000000005969 8.2789999999999999147 8.4220000000000005969 9.2339999999999999858 5.9640000000000004121 6.7820000000000000284 6.4900000000000002132 7.2889999999999997016 6.9809999999999998721 7.3179999999999996163 6.6550000000000002487 7.2300000000000004263 8.1639999999999997016 8.0389999999999997016 7.1980000000000003979 6.7149999999999998579 7.3349999999999999645 7.5529999999999999361 19.658000000000001251 7.1529999999999995808 7.6029999999999997584 7.3789999999999995595 8.2409999999999996589 7.8600000000000003197 8.4779999999999997584 6.9080000000000003624 6.6449999999999995737 8.1180000000000003268 6.5160000000000000142 8.0220000000000002416 8.5530000000000008242 8.4489999999999998437 12.667999999999999261 11.836000000000000298 8.150999999999999801 8.2490000000000005542 7.0380000000000002558 7.1650000000000000355
7.3970000000000002416 10.564000000000000057 8.3610000000000006537 7.1799999999999997158 7.5830000000000001847 9.7479999999999993321 7.7960000000000002629 7.4000000000000003553 7.6609999999999995879 8.5860000000000002984 5.8669999999999999929 5.9230000000000000426 6.6130000000000004334 6.8819999999999996732 6.9809999999999998721 7.2389999999999998792 8.4100000000000001421 9.0559999999999991616 9.3770000000000006679 7.2259999999999999787 7.0430000000000001492 6.7400000000000002132 6.6139999999999998792 11.901999999999999247 20.687000000000001165 7.2999999999999998224 7.4809999999999998721 7.25 8.1449999999999995737 8.4990000000000005542 8.2850000000000001421 9.8510000000000008669 7.8099999999999996092 8.8859999999999992326 7.1559999999999996945 6.9480000000000003979 7.5170000000000003482 7.6410000000000000142 7.0419999999999998153 9.1630000000000002558 11.201000000000000512 10.08799999999999919 9.3840000000000003411 6.7649999999999996803
8.4900000000000002132 10.675000000000000711 9.153000000000000469 6.4029999999999995808 9.9849999999999994316 6.4640000000000004121 6.5830000000000001847 6.7880000000000002558 7.1280000000000001137 8.1359999999999992326 6.1020000000000003126 6.0090000000000003411 6.5019999999999997797 6.9630000000000000782 6.8890000000000002345 6.7869999999999999218 6.6319999999999996732 6.6539999999999999147 6.8650000000000002132 11.739000000000000767 11.727999999999999758 11.55400000000000027 11.477000000000000313 6.875 7.5039999999999995595 19.405999999999998806 8.0239999999999991331 7.9470000000000000639 7.8540000000000000924 8.3740000000000005542 9.3900000000000005684 11.246000000000000441 8.7970000000000005969 7.5940000000000003055 9.4800000000000004263 7.42900000000000027 6.626000000000000334 7.3579999999999996518 7.4429999999999996163 8.9019999999999992468 9.0790000000000006253 12.166000000000000369 8.2949999999999999289 7.8010000000000001563
8.3439999999999994174 10.958999999999999631 12.092000000000000526 10.021000000000000796 9.3789999999999995595 7.8680000000000003268 6.8949999999999995737 6.331000000000000405 6.6440000000000001279 6.1879999999999997229 7.2800000000000002487 6.125 6.1600000000000001421 6.2179999999999999716 6.974000000000000199 10.981999999999999318 11.089999999999999858 11.150000000000000355 11.336999999999999744 6.8589999999999999858 6.7820000000000000284 7.4119999999999999218 7.7900000000000000355 7.3949999999999995737 7.0529999999999999361 19.728999999999999204 7.6410000000000000142 7.6390000000000002345 7.6299999999999998934 8.1669999999999998153 9.5700000000000002842 12.339000000000000412 8.6280000000000001137 8.2980000000000000426 10.532999999999999474 7.5549999999999997158 6.6310000000000002274 6.5860000000000002984 7.7450000000000001066 7.6619999999999999218 9.3309999999999995168 9.1099999999999994316 9.6199999999999992184 7.9640000000000004121
8.2569999999999996732 9.9359999999999999432 8.3070000000000003837 7.0970000000000004192 8.9580000000000001847 6.3630000000000004334 6.6939999999999999503 6.5369999999999999218 6.652000000000000135 7.2910000000000003695 7.7169999999999996376 10.377000000000000668 10.416999999999999815 10.566000000000000725 10.743000000000000327 6.5890000000000004121 6.8669999999999999929 7.3419999999999996376 7.3669999999999999929 7.1529999999999995808 6.7580000000000000071 6.8179999999999996163 6.8719999999999998863 7.07099999999999973 7.0910000000000001918 7.3470000000000004192 19.321999999999999176 8.0670000000000001705 7.8150000000000003908 7.8710000000000004405 8.4329999999999998295 11.509999999999999787 11.891000000000000014 8.3629999999999995453 11.167999999999999261 7.2910000000000003695 7.1580000000000003624 6.6349999999999997868 7.724000000000000199 7.9429999999999996163 11.428000000000000824 9.3460000000000000853 8.5619999999999993889 9.1470000000000002416
7.3170000000000001705 8.025999999999999801 8.2940000000000004832 8.1850000000000004974 8.4160000000000003695 6.4070000000000000284 6.5849999999999999645 6.5640000000000000568 6.5240000000000000213 7.1900000000000003908 9.9649999999999998579 6.4850000000000003197 7.2119999999999997442 7.0160000000000000142 7.1369999999999995666 7.1970000000000000639 6.7820000000000000284 6.7830000000000003624 6.6879999999999997229 7.1159999999999996589 6.6909999999999998366 6.8440000000000003055 7 7.0119999999999995666 10.635999999999999233 11.605999999999999872 21.451000000000000512 8.0739999999999998437 7.7900000000000000355 7.6740000000000003766 8.025999999999999801 10.240000000000000213 13.910999999999999588 8.48300000000000054 8.3689999999999997726 10.990000000000000213 8.099000000000000199 7.1570000000000000284 7.0910000000000001918 8.1730000000000000426 11.064999999999999503 9.1839999999999992752 9.1300000000000007816 10.282000000000000028
6.3669999999999999929 6.956000000000000405 7.8239999999999998437 8.8000000000000007105 8.9000000000000003553 6.9779999999999997584 5.9669999999999996376 6.1379999999999999005 6.2149999999999998579 6.5890000000000004121 9.5609999999999999432 6.3319999999999998508 6.4509999999999996234 6.4519999999999999574 6.4240000000000003766 6.4720000000000004192 6.5899999999999998579 6.7270000000000003126 6.6719999999999997087 6.5320000000000000284 10.80400000000000027 11.077999999999999403 11.448000000000000398 11.455000000000000071 11.029999999999999361 6.9889999999999998792 19.509000000000000341 7.597999999999999865 8.2159999999999993037 8.1029999999999997584 7.9299999999999997158 8.5410000000000003695 9.7170000000000005258 12.17900000000000027 8.4260000000000001563 11.667999999999999261 7.0849999999999999645 7.123999999999999666 6.8360000000000002984 8.4870000000000000995 8.4540000000000006253 10.669999999999999929 11.791999999999999815 8.1110000000000006537
6.6699999999999999289 7.123999999999999666 9.1690000000000004832 7.7910000000000003695 8.1560000000000005826 7 6.4359999999999999432 5.5430000000000001492 5.5899999999999998579 6.2220000000000004192 9.3300000000000000711 6.0929999999999999716 6.456000000000000405 6.4059999999999996945 6.4699999999999997513 6.4790000000000000924 10.471000000000000085 10.624000000000000554 10.734999999999999432 10.638999999999999346 6.376000000000000334 7.3959999999999999076 7.80400000000000027 7.597999999999999865 8.1110000000000006537 6.8869999999999995666 7.4950000000000001066 19.347999999999998977 8.5160000000000000142 8.3559999999999998721 7.9580000000000001847 8.1310000000000002274 9.3949999999999995737 12.304999999999999716 7.8949999999999995737 8.3970000000000002416 10.835000000000000853 6.8840000000000003411 6.6879999999999997229 8.4849999999999994316 8.1829999999999998295 12.310999999999999943 9.2059999999999995168 10.310000000000000497
8.0239999999999991331 6.3970000000000002416 7.3849999999999997868 11.262999999999999901 6.6939999999999999503 5.4329999999999998295 5.7670000000000003482 5.2030000000000002913 5.5160000000000000142 5.9550000000000000711 9.16200000000000081 5.9059999999999996945 9.7029999999999994031 10.07099999999999973 10.336000000000000298 10.492000000000000881 6.4379999999999997229 6.6890000000000000568 7.224000000000000199 7.1210000000000004405 6.5640000000000000568 6.6410000000000000142 6.8589999999999999858 7.1100000000000003197 6.9610000000000002984 7.5789999999999997371 7.1779999999999999361 20.097999999999998977 8.2919999999999998153 8.3859999999999992326 7.9690000000000003055 7.9279999999999999361 9.596999999999999531 12.954000000000000625 7.7309999999999998721 8.2680000000000006821 11.305999999999999162 6.5049999999999998934 6.5179999999999997939 7.5240000000000000213 12.326999999999999957 10.185000000000000497 8.9589999999999996305 8.1720000000000005969
8.4890000000000007674 7.3230000000000003979 6.6360000000000001208 8.2089999999999996305 9.1059999999999998721 8.2309999999999998721 8.5719999999999991758 8.8170000000000001705 6.0060000000000002274 10.243999999999999773 9.0350000000000001421 9.41200000000000081 7.0910000000000001918 7.0570000000000003837 7.3060000000000000497 7.1490000000000000213 6.7649999999999996803 6.5279999999999995808 6.7960000000000002629 6.5330000000000003624 6.8390000000000004121 6.5060000000000002274 6.7789999999999999147 7.0179999999999997939 7.0229999999999996874 10.169999999999999929 10.353999999999999204 21.425000000000000711 8.2910000000000003695 8.3569999999999993179 8.1349999999999997868 8.1099999999999994316 8.5860000000000002984 9.2690000000000001279 11.563000000000000611 7.974000000000000199 11.675000000000000711 6.5199999999999995737 10.240000000000000213 10.958999999999999631 8.4070000000000000284 9.8520000000000003126 8.2769999999999992468 9.4730000000000007532
7.1929999999999996163 8.3190000000000008384 7.6139999999999998792 7.4580000000000001847 5.9489999999999998437 5.6310000000000002274 5.8360000000000002984 6.9340000000000001634 9.9469999999999991758 6.2850000000000001421 5.9980000000000002203 7.1600000000000001421 6.0129999999999999005 6.3060000000000000497 6.5220000000000002416 6.6029999999999997584 7.0380000000000002558 6.525999999999999801 6.6779999999999999361 6.5640000000000000568 6.4299999999999997158 9.1899999999999995026 9.4949999999999992184 9.9079999999999994742 10.295999999999999375 7.0110000000000001208 7.498999999999999666 20.060999999999999943 8.3979999999999996874 8.3230000000000003979 8.9139999999999997016 8.3770000000000006679 8.4960000000000004405 9.5210000000000007958 11.862000000000000099 7.6600000000000001421 12.532999999999999474 10.836000000000000298 6.4909999999999996589 6.9409999999999998366 8.1850000000000004974 8.8599999999999994316 8.1549999999999993605 11.89199999999999946
6.8029999999999999361 9.2579999999999991189 6.8170000000000001705 7.0620000000000002771 6.0449999999999999289 5.8910000000000000142 6.1289999999999995595 10.092999999999999972 5.751000000000000334 6.9169999999999998153 5.8520000000000003126 5.9919999999999999929 7.025999999999999801 6.1130000000000004334 6.3460000000000000853 6.4660000000000001918 6.501000000000000334 8.0139999999999993463 8.3420000000000005258 8.6069999999999993179 8.8279999999999994031 6.5869999999999997442 6.6020000000000003126 6.7919999999999998153 7.0679999999999996163 7.0039999999999995595 7.9249999999999998224 19.646999999999998465 7.5620000000000002771 8.5749999999999992895 8.7729999999999996874 8.5160000000000000142 8.0399999999999991473 8.5389999999999997016 13.705999999999999517 12.519000000000000128 7.7809999999999996945 7.4770000000000003126 7.1989999999999998437 6.6330000000000000071 7.900999999999999801 9.8439999999999994174 8.58799999999999919 12.891000000000000014
6.7450000000000001066 9.6999999999999992895 6.6009999999999999787 7.581000000000000405 6.30400000000000027 5.7009999999999996234 6.4980000000000002203 8.6590000000000006963 7.6490000000000000213 5.972999999999999865 5.5940000000000003055 6.2389999999999998792 7.5400000000000000355 8.2980000000000000426 9.125 9.3629999999999995453 9.5570000000000003837 6.5890000000000004121 6.5240000000000000213 6.4070000000000000284 6.4980000000000002203 6.5730000000000003979 6.6100000000000003197 6.7409999999999996589 6.8109999999999999432 6.8230000000000003979 6.8630000000000004334 19.887000000000000455 12.553000000000000824 8.4070000000000000284 8.4920000000000008811 8.582000000000000739 8.2409999999999996589 13.377000000000000668 8.5630000000000006111 8.1329999999999991189 7.7270000000000003126 7.7359999999999997655 7.0490000000000003766 6.4500000000000001776 7.3509999999999999787 10.730000000000000426 9.525999999999999801 13.085000000000000853
6.6500000000000003553 9.8290000000000006253 6.9909999999999996589 7.2270000000000003126 8.3849999999999997868 5.9500000000000001776 5.5570000000000003837 7.1020000000000003126 6.7359999999999997655 5.456000000000000405 5.5599999999999996092 6.4210000000000002629 6.7910000000000003695 7.8899999999999996803 5.9199999999999999289 6.0209999999999999076 6.2190000000000003055 12.864000000000000767 12.814999999999999503 11.653999999999999915 12.875999999999999446 13.069000000000000838 13.112999999999999545 12.89199999999999946 13.217999999999999972 6.7590000000000003411 7.0430000000000001492 19.853999999999999204 7.5030000000000001137 13.596999999999999531 13.932999999999999829 13.481999999999999318 13.114000000000000767 8.4220000000000005969 8.1329999999999991189 7.7190000000000003055 8.1189999999999997726 7.4599999999999999645 7.3449999999999997513 8.1359999999999992326 6.9329999999999998295 10.481999999999999318 8.8610000000000006537 8.7059999999999995168
9.9250000000000007105 9.5289999999999999147 8.221999999999999531 6.8639999999999998792 6.6459999999999999076 6.8259999999999996234 5.3330000000000001847 6.3189999999999999503 5.7469999999999998863 5.7080000000000001847 6.1799999999999997158 6.7439999999999997726 6.9580000000000001847 5.8819999999999996732 6.5190000000000001279 7.3159999999999998366 12.676999999999999602 6.5490000000000003766 6.4859999999999997655 12.541999999999999815 6.6310000000000002274 6.876000000000000334 6.8019999999999996021 11.880000000000000782 6.8600000000000003197 13.259000000000000341 18.890999999999998238 7.9669999999999996376 7.3840000000000003411 8.221999999999999531 8.3360000000000002984 8.5739999999999998437 8.4049999999999993605 7.6909999999999998366 10.689000000000000057 10.932000000000000384 10.172000000000000597 7.2519999999999997797 7.5339999999999998082 8.4960000000000004405 6.6719999999999997087 10.159000000000000696 8.5239999999999991331 8.9299999999999997158
9.5340000000000006963 10.769000000000000128 7.6719999999999997087 7.8449999999999997513 6.7290000000000000924 7.0620000000000002771 7.4669999999999996376 6.1210000000000004405 6.0510000000000001563 6.4679999999999999716 6.8920000000000003482 6.4029999999999995808 5.9619999999999997442 5.6109999999999997655 6.0560000000000000497 12.839000000000000412 12.215999999999999304 6.3819999999999996732 6.5250000000000003553 6.5659999999999998366 7.7149999999999998579 6.8810000000000002274 6.8559999999999998721 7.8659999999999996589 6.8910000000000000142 6.7729999999999996874 18.592999999999999972 8.8439999999999994174 7.2530000000000001137 7.6829999999999998295 8.4350000000000004974 8.1170000000000008811 11.362999999999999545 11.691000000000000725 8.1549999999999993605 8.6199999999999992184 8.2650000000000005684 9.349000000000000199 7.5430000000000001492 8.8710000000000004405 6.5960000000000000853 10.230999999999999872 8.3260000000000005116 9.2270000000000003126
11.211000000000000298 11.550000000000000711 8.5609999999999999432 8.2980000000000000426 6.6929999999999996163 7.2610000000000001208 7.2019999999999999574 8.6099999999999994316 7.4420000000000001705 6.8589999999999999858 6.1939999999999999503 6.2409999999999996589 5.2460000000000004405 7.5190000000000001279 12.919999999999999929 5.7169999999999996376 5.9150000000000000355 12.272000000000000242 6.5179999999999997939 6.7859999999999995879 8.2479999999999993321 6.7610000000000001208 6.9980000000000002203 6.8150000000000003908 8.5340000000000006963 6.972999999999999865 6.82099999999999973 19.603000000000001535 7.4240000000000003766 7.4480000000000003979 9.7019999999999999574 11.647000000000000242 8.667999999999999261 8.3260000000000005116 8.3810000000000002274 8.3870000000000004547 8.6199999999999992184 9.21299999999999919 7.5209999999999999076 9.2260000000000008669 6.6219999999999998863 9.9109999999999995879 8.207000000000000739 9.32099999999999973
11.089000000000000412 11.810000000000000497 12.888999999999999346 7.5899999999999998579 8.332000000000000739 7.3810000000000002274 6.3789999999999995595 8.4589999999999996305 7.5240000000000000213 6.3860000000000001208 5.4029999999999995808 5.0960000000000000853 6.9589999999999996305 12.852999999999999758 5.6699999999999999289 5.8730000000000002203 6.6159999999999996589 7.1459999999999999076 12.603999999999999204 7.0110000000000001208 6.8339999999999996305 8.8870000000000004547 6.9679999999999999716 6.9630000000000000782 8.9269999999999996021 7.1680000000000001492 6.793999999999999595 18.838000000000000966 7.9589999999999996305 8.2550000000000007816 8.5250000000000003553 12.919000000000000483 8.0559999999999991616 8.2739999999999991331 9.0120000000000004547 9.7300000000000004263 8.3810000000000002274 8.4079999999999994742 10.089999999999999858 7.5220000000000002416 6.5899999999999998579 7.1050000000000004263 10.737000000000000099 9.5239999999999991331
