ValueNro_2398/sve_ValueNro_2398_bm_lehtip_juuret.asc
ncols        141
nrows        228
xllcorner    356256.000000000000
yllcorner    6857312.000000000000
cellsize     16.000000000000
NODATA_value -9999
[rows 156 to 194 of 228, columns 0 to 87 of 141]
-9999 -9999 507 1063 875 32767 32767 277 765 510 561 615 1200 1129 1035 1042 693 716 370 369 872 1005 404 8 467 480 479 648 265 218 947 173 0 0 0 0 0 17 0 32767 32767 32767 32767 32767 32767 32767 32767 32767 32767 32767 577 32767 32767 5 164 281 344 588 621 765 907 0 0 0 0 0 0 0 0 999 613 537 335 124 67 241 240 0 0 87 315 104 290 253 490 213 121 0
-9999 -9999 227 1529 634 1350 1191 485 446 399 498 595 654 588 717 526 979 668 1071 1077 1070 1093 579 39 264 575 241 43 213 301 33 700 8 0 0 0 0 32767 13 149 32767 32767 32767 32767 32767 32767 32767 32767 32767 32767 32767 77 136 57 179 331 753 202 226 399 555 398 0 0 0 0 0 0 0 793 626 594 452 180 122 212 6 0 0 0 32 76 656 183 318 224 86 0
-9999 -9999 416 1485 320 1107 1586 343 431 630 433 438 754 663 753 553 1014 1027 1212 1265 1091 1145 299 446 190 4 99 422 449 436 235 462 142 0 0 14 394 32767 118 887 168 32767 32767 32767 32767 32767 32767 32767 32767 32767 32767 0 618 130 186 264 749 461 424 362 456 1181 0 0 0 0 0 0 0 334 727 597 661 1008 152 21 0 0 5 0 0 99 230 721 301 255 74 16
-9999 -9999 730 754 775 313 0 411 419 428 412 81 657 770 444 413 1057 1273 741 1292 1337 444 520 604 194 226 136 108 140 334 756 142 132 0 0 0 55 0 141 179 597 32767 32767 32767 32767 32767 32767 32767 32767 32767 32767 32767 144 229 95 233 552 827 378 478 664 1031 777 0 0 0 0 0 0 0 26 568 1567 803 387 0 0 0 0 6 5 51 605 746 430 214 181 38
-9999 -9999 108 504 294 380 342 434 1062 391 129 75 592 589 1169 1126 1148 1058 541 1208 1328 361 639 543 40 346 173 117 681 666 330 519 110 0 53 24 32767 13 125 43 45 560 880 157 32767 32767 32767 32767 32767 32767 38 32767 449 323 453 415 426 278 224 235 521 15 1002 768 0 0 0 0 0 0 139 743 1047 876 540 29 0 0 0 5 4 0 20 1003 223 200 230 79
-9999 -9999 -9999 119 278 340 554 483 367 402 416 414 398 534 517 511 542 349 533 490 1061 371 702 428 412 431 109 444 179 284 341 520 634 100 0 0 32767 201 107 517 479 209 187 120 109 32767 32767 32767 32767 32767 32767 32767 32767 82 234 696 122 657 340 594 42 350 16 1269 0 0 0 0 0 0 530 435 1570 1109 351 117 0 0 0 4 0 0 0 580 1060 305 327 139
-9999 -9999 -9999 0 0 426 503 554 415 409 315 411 362 537 479 492 477 294 245 140 367 379 703 474 416 211 467 965 363 455 434 574 91 447 1184 77 32767 221 192 222 186 215 162 129 15 186 32767 32767 32767 32767 32767 32767 32767 0 541 255 258 225 308 194 718 656 323 1018 475 0 0 0 0 0 207 515 1463 885 706 495 37 4 0 6 5 0 0 0 230 263 746 147
-9999 -9999 -9999 -9999 0 275 494 537 133 118 256 119 358 305 388 363 485 400 420 128 51 5 517 510 492 427 397 572 450 666 575 1009 413 936 1625 128 462 134 133 113 108 109 185 168 125 13 161 32767 32767 32767 32767 32767 32767 32767 489 347 190 242 240 222 781 39 608 344 137 0 0 0 0 0 54 873 1427 1787 1685 392 248 0 6 8 7 5 0 0 223 176 591 275
-9999 -9999 -9999 -9999 -9999 117 478 442 124 141 137 429 368 342 115 310 412 430 258 131 644 664 572 511 396 6 703 432 648 637 1250 1212 1055 1163 358 32767 4 180 152 200 5 4 83 181 199 183 11 32767 32767 32767 32767 32767 32767 32767 32767 603 468 205 210 216 196 766 540 482 24 23 0 0 0 0 22 714 551 1493 1646 621 287 98 2 0 6 5 0 0 945 298 434 166
-9999 -9999 -9999 -9999 -9999 -9999 509 524 361 372 440 348 439 371 388 417 419 424 916 1030 484 528 503 462 241 318 574 433 309 621 1334 1216 1301 1378 670 32767 126 228 11 4 139 4 134 155 180 143 137 32767 32767 32767 32767 32767 32767 32767 32767 706 749 720 81 193 485 467 6 658 578 30 0 0 0 0 0 88 717 1250 1414 1669 191 8 43 0 0 5 0 0 2 199 201 159
-9999 -9999 -9999 -9999 -9999 -9999 1205 497 108 350 397 128 162 295 336 391 996 961 1233 1342 286 414 659 653 236 446 650 453 65 331 990 1155 1102 1688 154 4 195 112 11 105 14 179 184 155 234 473 75 32767 32767 32767 32767 32767 32767 677 32767 32767 9 432 847 381 136 747 780 576 582 71 20 0 0 0 0 0 491 746 1457 1202 659 558 89 8 0 0 0 0 0 333 182 63
-9999 -9999 -9999 -9999 -9999 -9999 586 478 349 220 116 36 337 1228 1396 1299 1292 1026 1349 1401 451 22 521 562 48 796 810 497 128 150 408 1003 1467 184 32767 0 102 13 107 107 145 137 180 189 248 5 118 129 32767 32767 32767 32767 32767 420 216 32767 19 586 232 69 252 224 406 33 541 482 22 0 0 0 0 0 22 877 700 1584 1072 726 662 259 0 0 0 0 0 167 140 113
-9999 -9999 -9999 -9999 -9999 -9999 146 363 506 216 126 0 0 446 452 78 69 441 1104 1300 842 249 605 77 661 914 767 506 753 395 421 1194 1483 31 32767 0 124 4 143 11 186 203 189 208 227 6 202 32767 32767 32767 32767 32767 616 663 805 32767 32767 227 394 122 0 50 74 786 577 542 19 0 0 0 0 0 48 501 562 930 684 32767 32767 329 33 0 0 0 0 0 465 577
-9999 -9999 -9999 -9999 -9999 -9999 533 87 1347 830 784 648 0 0 36 480 87 409 1305 772 858 969 96 608 731 738 866 763 1138 1241 1105 1048 1576 1352 21 12 145 109 11 91 157 180 194 220 40 400 177 32767 32767 32767 32767 32767 32767 115 514 564 32767 32767 173 255 87 33 6 435 149 228 0 0 0 0 0 0 100 143 119 168 797 1429 1448 32767 99 0 0 0 0 0 5 158
-9999 -9999 -9999 -9999 -9999 -9999 403 496 867 1193 843 720 354 967 0 250 13 517 95 1280 1075 690 646 955 576 66 0 93 574 640 743 1413 609 32767 1020 104 29 103 92 128 171 173 792 610 144 354 408 32767 32767 32767 32767 32767 32767 511 718 438 32767 32767 4 204 185 46 123 292 759 530 0 0 0 0 0 0 115 254 46 133 138 168 983 32767 531 0 0 0 0 0 0 7
-9999 -9999 -9999 -9999 -9999 -9999 -9999 235 488 657 904 715 80 436 616 534 559 288 499 324 1341 731 561 924 370 0 0 145 811 263 470 760 95 0 92 276 734 174 48 193 72 806 656 408 197 679 464 32767 32767 32767 32767 32767 32767 125 940 991 502 32767 32767 659 47 67 26 351 961 395 381 17 0 0 26 25 0 33 334 123 123 144 194 1475 560 119 0 0 0 0 0 0
-9999 -9999 -9999 -9999 -9999 -9999 -9999 133 267 349 867 977 663 34 523 317 532 1097 132 423 1215 924 552 726 627 48 0 187 75 92 221 1067 32767 226 696 1030 1000 670 142 88 136 646 386 811 1793 797 205 32767 32767 32767 32767 32767 32767 32767 673 670 288 126 32767 0 124 154 53 356 636 46 275 18 0 0 0 72 27 30 231 169 90 121 158 663 729 184 60 8 7 6 0 0
-9999 -9999 -9999 -9999 -9999 -9999 -9999 -9999 199 645 221 794 432 1109 161 417 435 122 353 475 1276 1232 1132 532 851 717 780 452 661 176 531 167 32767 751 738 978 938 952 751 467 244 346 415 546 195 185 32767 32767 32767 32767 32767 32767 32767 32767 808 626 213 456 32767 32767 116 0 31 130 533 912 925 967 0 0 28 73 0 0 200 95 190 110 198 437 32767 172 202 5 5 5 0 0
-9999 -9999 -9999 -9999 -9999 -9999 -9999 -9999 -9999 510 442 453 1062 819 1027 400 28 37 82 420 600 1353 1143 566 546 1073 514 315 430 210 417 156 440 809 1176 1080 1381 381 795 745 618 219 486 293 183 32767 32767 279 32767 32767 32767 32767 32767 32767 1024 207 491 338 453 32767 0 534 35 45 744 678 913 429 0 0 0 69 0 10 146 189 166 0 71 416 32767 555 203 55 0 0 2 0
-9999 -9999 -9999 -9999 -9999 -9999 -9999 -9999 -9999 -9999 132 103 752 530 339 1021 653 907 990 518 552 1221 1305 590 1197 853 477 898 375 443 103 32767 476 776 1173 239 0 679 335 807 534 156 457 193 257 32767 32767 10 185 32767 32767 32767 32767 32767 992 222 267 194 490 32767 32767 97 185 62 741 765 911 149 0 0 25 0 132 193 54 0 52 0 84 283 32767 673 456 77 60 322 3 33
-9999 -9999 -9999 -9999 -9999 -9999 -9999 -9999 -9999 -9999 112 231 1160 345 747 1090 903 743 778 886 645 648 1294 1092 958 1115 367 1033 526 355 32767 653 702 303 411 398 155 1123 0 744 590 313 311 64 388 120 32767 32767 32767 32767 32767 32767 32767 32767 32767 812 891 220 353 115 32767 32767 299 0 330 644 985 468 71 103 139 187 227 0 0 0 22 23 21 255 617 808 1373 198 95 375 171 111
-9999 -9999 -9999 -9999 -9999 -9999 -9999 -9999 728 542 175 457 562 458 502 1108 964 718 1005 1070 1331 1295 1283 1206 448 1046 505 521 619 484 545 573 745 13 116 98 193 316 473 627 113 535 143 68 344 275 32767 32767 32767 32767 32767 32767 32767 32767 32767 119 828 457 281 169 32767 32767 69 375 309 479 318 507 638 658 323 148 0 0 0 55 21 25 340 148 574 32767 1032 567 231 30 129 238
-9999 -9999 -9999 -9999 -9999 -9999 -9999 -9999 508 687 289 256 836 519 443 280 427 913 1072 520 1235 1209 1185 1050 1076 1055 1322 583 456 32767 575 714 110 209 153 110 99 418 811 298 398 407 19 88 117 159 128 32767 32767 32767 32767 32767 32767 32767 32767 15 615 157 244 233 79 32767 32767 530 130 300 413 671 795 952 927 562 0 0 44 0 22 362 178 381 857 1252 32767 1066 428 121 220 103
-9999 -9999 -9999 -9999 -9999 -9999 -9999 -9999 807 794 645 185 534 216 455 831 763 511 665 709 876 991 891 1376 1340 1588 1206 159 32767 95 662 806 397 955 129 178 0 428 657 242 456 423 83 92 103 474 280 919 32767 32767 32767 32767 32767 32767 32767 32767 83 114 236 167 436 0 32767 0 348 1174 972 508 1915 1667 900 207 0 42 0 36 376 173 145 616 688 599 1285 32767 866 503 163 5
-9999 -9999 -9999 -9999 -9999 -9999 -9999 -9999 768 702 4 318 135 32767 0 269 830 643 669 1281 783 1178 1537 1447 1511 137 1369 32767 0 154 1500 1189 357 0 0 0 250 14 300 78 131 218 465 52 157 130 215 347 32767 32767 32767 32767 32767 32767 32767 32767 32767 716 39 16 226 351 32767 32767 82 836 889 745 1111 625 796 555 40 19 4 0 151 163 327 457 671 713 1202 996 1204 534 175 96
-9999 -9999 -9999 -9999 -9999 -9999 -9999 -9999 674 116 32767 32767 32767 32767 32767 32767 0 4 91 768 849 847 129 0 32767 32767 0 209 194 486 1372 318 314 0 124 3 415 460 408 559 42 213 204 166 284 319 468 228 931 267 32767 32767 32767 32767 32767 32767 32767 708 327 142 814 187 143 32767 0 47 26 608 163 1009 754 555 39 17 17 69 155 240 529 624 387 741 913 856 966 32767 505 75
-9999 -9999 -9999 -9999 -9999 -9999 -9999 -9999 32767 315 236 165 149 162 0 0 23 32767 32767 36 20 880 32767 32767 336 331 1396 300 0 0 343 127 35 428 193 723 685 466 160 602 34 61 64 191 270 266 401 532 410 431 305 136 462 130 378 32767 32767 32767 217 200 161 98 215 32767 32767 32 171 0 0 0 611 493 22 88 38 0 190 505 567 629 669 594 387 1298 1405 1126 1014 153
-9999 -9999 -9999 -9999 -9999 -9999 -9999 -9999 43 531 238 380 721 259 124 0 370 465 38 24 884 1034 406 539 1559 968 254 479 266 357 369 501 358 736 386 552 162 393 78 183 42 117 281 173 186 334 688 506 442 252 529 72 114 195 201 188 881 214 494 389 104 69 85 344 32767 32767 227 175 0 941 0 557 246 86 85 167 201 590 631 652 554 615 502 1055 1409 530 1317 1283
-9999 -9999 -9999 -9999 -9999 -9999 -9999 -9999 -9999 -9999 915 751 406 227 174 914 154 0 233 54 0 326 362 0 0 37 36 358 0 431 430 33 0 13 435 381 762 937 582 91 105 62 223 236 257 252 188 178 466 229 518 277 164 58 56 177 217 472 300 377 6 293 33 303 82 32767 50 415 192 1492 0 0 522 591 153 334 458 597 581 632 642 926 681 995 1457 853 32767 1283
-9999 -9999 -9999 -9999 -9999 -9999 -9999 -9999 -9999 -9999 777 722 582 330 264 732 136 184 96 0 30 0 642 1280 1091 0 0 35 1471 1087 125 887 489 1068 814 292 196 197 261 237 207 521 364 256 208 712 200 582 363 483 356 169 40 127 94 101 106 87 263 416 447 206 336 177 376 32767 32767 317 206 1376 194 0 870 576 346 418 625 651 634 626 647 702 651 657 639 732 964 874
-9999 -9999 -9999 -9999 -9999 -9999 -9999 -9999 604 671 224 315 620 642 367 158 593 8 329 283 1128 986 0 32 1021 979 0 0 2004 1398 1644 1063 45 1483 212 389 226 244 211 202 466 562 233 173 348 354 376 524 265 330 317 364 452 543 319 764 139 157 108 250 391 167 351 233 181 8 32767 437 223 1373 0 0 19 144 404 608 637 808 424 618 563 606 425 534 1016 595 1185 1595
-9999 -9999 -9999 -9999 -9999 -9999 -9999 -9999 357 349 501 636 483 169 224 420 495 430 546 1056 1791 1271 0 0 28 0 0 0 0 0 1535 674 330 854 39 213 253 267 264 264 310 564 212 449 593 632 135 92 1031 446 8 582 617 180 140 573 292 649 708 254 113 227 344 265 358 411 32767 32767 29 0 0 0 0 35 149 630 686 699 903 937 683 788 1002 1037 911 580 519 829
-9999 -9999 -9999 -9999 -9999 -9999 -9999 32767 683 243 522 525 332 175 162 462 571 483 206 132 1248 1072 873 0 28 0 0 0 264 146 0 398 965 235 567 224 287 283 247 183 222 281 314 400 82 78 101 497 678 124 0 651 781 927 182 126 187 556 131 498 153 216 451 325 242 249 19 32767 0 257 174 0 0 22 411 359 458 370 643 590 927 1160 1244 1010 1177 940 1259 1005
-9999 -9999 -9999 -9999 -9999 -9999 -9999 32767 258 185 204 222 114 273 164 152 729 170 176 1048 1327 930 919 22 124 132 0 0 285 288 388 582 386 499 512 381 200 281 282 277 206 62 543 211 616 260 411 206 173 501 76 335 0 0 0 121 381 543 225 164 176 91 398 307 528 80 375 32767 32767 14 162 0 109 0 733 407 563 171 231 216 720 677 704 512 872 905 1537 609
-9999 -9999 -9999 -9999 -9999 -9999 340 32767 112 221 264 113 29 304 248 69 626 503 248 219 982 1134 1039 36 0 0 35 0 329 245 1278 548 355 459 260 468 320 241 229 54 389 70 380 275 252 246 349 387 775 796 681 522 138 134 120 31 0 448 301 185 228 87 466 404 415 656 92 399 32767 80 18 0 0 785 615 57 227 318 261 202 158 581 412 539 260 1254 1037 340
-9999 -9999 -9999 -9999 -9999 234 148 32767 305 894 191 18 186 575 186 128 172 186 694 890 6 1101 1363 0 34 311 405 319 807 659 1249 1051 163 657 494 281 283 63 43 473 428 571 670 402 151 261 426 150 157 224 339 556 506 183 70 341 0 0 0 1354 296 221 157 579 580 516 66 283 32767 32767 29 178 401 811 233 201 307 121 192 230 3 687 471 451 287 1068 1327 849
-9999 -9999 -9999 -9999 -9999 226 153 32767 123 227 97 57 351 513 177 135 70 450 464 329 630 520 296 440 5 13 14 434 507 92 554 915 155 529 373 339 325 384 73 538 546 256 0 205 355 166 427 212 333 491 483 193 601 265 108 50 407 0 0 1108 216 572 215 497 180 240 446 402 32767 32767 12 258 459 528 227 262 361 393 391 31 29 578 903 538 410 552 739 776
-9999 -9999 -9999 -9999 46 647 665 32767 58 174 477 113 413 406 200 54 160 121 474 272 258 579 185 137 18 36 40 41 41 389 147 313 368 623 725 734 480 525 427 535 182 172 270 51 408 220 353 451 148 597 586 143 148 586 288 192 617 546 635 337 500 494 650 192 133 199 541 128 366 32767 32767 336 346 678 236 483 42 313 282 599 78 -9999 -9999 -9999 497 399 576 523
-9999 -9999 -9999 -9999 743 850 223 32767 393 188 256 461 873 573 156 70 55 149 600 443 468 660 35 177 185 189 40 39 548 85 40 226 335 275 691 744 652 367 624 25 21 170 144 161 450 359 292 509 599 546 458 377 204 558 221 544 213 684 537 677 647 5 647 219 361 166 594 556 133 32767 32767 20 17 -9999 -9999 -9999 -9999 -9999 -9999 -9999 -9999 -9999 -9999 -9999 -9999 -9999 -9999 -9999
