ValueNro_2398/sve_ValueNro_2398_dem_16mo.asc
ncols        141
nrows        228
xllcorner    356256.000000000000
yllcorner    6857312.000000000000
cellsize     16.000000000000
NODATA_value  -9999
[rows 42 to 62 of 228, columns 92 to 137 of 141]
176.1649932861328125 174.1410064697265625 170.0679931640625 169.156005859375 168.9010009765625 170.26300048828125 172.4279937744140625 175.427001953125 174.9210052490234375 175.38299560546875 182.3549957275390625 182.9720001220703125 183.300994873046875 182.69000244140625 181.1880035400390625 180.180999755859375 182.281005859375 185.53900146484375 187.4759979248046875 186.947998046875 185.813995361328125 185.093994140625 186.0229949951171875 186.0359954833984375 185.569000244140625 -9999 -9999 -9999 -9999 -9999 -9999 -9999 -9999 -9999 -9999 -9999 -9999 -9999 -9999 -9999 -9999 -9999 -9999 -9999 -9999 -9999
176.2270050048828125 174.0630035400390625 172.00799560546875 167.4080047607421875 167.2700042724609375 167.3280029296875 168.33599853515625 170.83599853515625 172.13800048828125 174.938995361328125 181.425994873046875 182.74200439453125 183.162994384765625 181.4380035400390625 181.39300537109375 180.0019989013671875 182.0319976806640625 184.36199951171875 185.550994873046875 185.9799957275390625 185.761993408203125 184.6529998779296875 184.03900146484375 184.675994873046875 183.904998779296875 -9999 -9999 -9999 -9999 -9999 -9999 -9999 -9999 -9999 -9999 -9999 -9999 -9999 -9999 -9999 -9999 -9999 -9999 -9999 -9999 -9999
175.792999267578125 173.2570037841796875 173.936004638671875 167.061004638671875 164.9010009765625 165.73199462890625 165.3860015869140625 167.33099365234375 170.2169952392578125 174.365997314453125 179.98699951171875 180.8220062255859375 181.186004638671875 181.8040008544921875 181.14599609375 179.7530059814453125 181.5780029296875 183.54400634765625 185.212005615234375 184.938995361328125 185.110992431640625 183.9900054931640625 182.85699462890625 183.2169952392578125 182.826995849609375 182.53900146484375 -9999 -9999 -9999 -9999 -9999 -9999 -9999 -9999 -9999 -9999 -9999 -9999 -9999 -9999 -9999 -9999 -9999 -9999 -9999 -9999
174.84100341796875 173.3170013427734375 173.822998046875 167.7270050048828125 163.4949951171875 163.89300537109375 163.5529937744140625 164.5800018310546875 168.272003173828125 174.1840057373046875 178.3260040283203125 179.44500732421875 179.6540069580078125 180.2960052490234375 178.735992431640625 179.1269989013671875 181.5290069580078125 183.7859954833984375 185.69500732421875 184.876007080078125 183.996002197265625 182.2429962158203125 181.48199462890625 181.05499267578125 181.7220001220703125 180.7969970703125 180.5579986572265625 -9999 -9999 -9999 -9999 -9999 -9999 -9999 -9999 -9999 -9999 -9999 -9999 -9999 -9999 -9999 -9999 -9999 -9999 -9999
174.54400634765625 172.7760009765625 173.9940032958984375 168.7310028076171875 163.16400146484375 162.6829986572265625 162.8430023193359375 163.61199951171875 167.3730010986328125 171.516998291015625 177.656005859375 178.7969970703125 179.4429931640625 177.8300018310546875 177.0890045166015625 178.863006591796875 181.339996337890625 183.3090057373046875 185.0319976806640625 184.9149932861328125 183.85400390625 181.6320037841796875 180.9839935302734375 180.6909942626953125 180.8509979248046875 181.3339996337890625 181.0279998779296875 178.764007568359375 178.96600341796875 180.6719970703125 180.9949951171875 181.9149932861328125 -9999 -9999 -9999 -9999 -9999 -9999 -9999 -9999 -9999 -9999 -9999 -9999 -9999 -9999
173.4900054931640625 172.337005615234375 173.7299957275390625 171.048004150390625 163.25799560546875 162.292999267578125 162.483001708984375 163.0149993896484375 164.1510009765625 171.7350006103515625 177.05999755859375 178.1580047607421875 178.7079925537109375 177.8390045166015625 177.074005126953125 178.225006103515625 179.8589935302734375 181.811004638671875 184.0679931640625 184.569000244140625 183.220001220703125 181.48699951171875 180.7989959716796875 180.3899993896484375 180.697998046875 180.628997802734375 180.740997314453125 179.2140045166015625 179.1719970703125 180.2429962158203125 180.2610015869140625 181.0019989013671875 -9999 -9999 -9999 -9999 -9999 -9999 -9999 -9999 -9999 -9999 -9999 -9999 -9999 -9999
172.8339996337890625 172.343994140625 172.7769927978515625 171.537994384765625 163.17999267578125 162.2899932861328125 162.264007568359375 162.350006103515625 162.9459991455078125 170.9239959716796875 175.6710052490234375 176.509002685546875 177.19500732421875 176.5760040283203125 176.410003662109375 177.8280029296875 178.449005126953125 180.404998779296875 182.733001708984375 183.3809967041015625 182.3639984130859375 182.03399658203125 180.0460052490234375 180.0829925537109375 181.688995361328125 180.2769927978515625 180.052001953125 178.6540069580078125 178.64300537109375 179.2010040283203125 180.4380035400390625 -9999 -9999 -9999 -9999 -9999 -9999 -9999 -9999 -9999 -9999 -9999 -9999 -9999 -9999 -9999
173.0540008544921875 172.0319976806640625 172.475006103515625 171.33599853515625 163.8979949951171875 162.149993896484375 162.08599853515625 162.2550048828125 162.5579986572265625 169.802001953125 173.4799957275390625 175.3860015869140625 175.3719940185546875 175.2449951171875 175.57000732421875 177.2030029296875 177.9759979248046875 179.26800537109375 181.2039947509765625 182.865997314453125 182.912994384765625 181.7769927978515625 179.8899993896484375 179.8589935302734375 181.089996337890625 179.1450042724609375 179.02099609375 178.587005615234375 178.69000244140625 179.4029998779296875 -9999 -9999 -9999 -9999 -9999 -9999 -9999 -9999 -9999 -9999 -9999 -9999 -9999 -9999 -9999 -9999
173.1920013427734375 171.21600341796875 171.5720062255859375 170.634002685546875 167.7610015869140625 162.0260009765625 161.9510040283203125 162.2689971923828125 162.7310028076171875 168.6100006103515625 172.26300048828125 174.5449981689453125 174.531005859375 174.800994873046875 175.75799560546875 176.1490020751953125 177.2100067138671875 178.51800537109375 180.6230010986328125 182.680999755859375 183.7030029296875 183.6179962158203125 180.292999267578125 179.8719940185546875 179.977996826171875 178.7220001220703125 178.587005615234375 178.680999755859375 178.373992919921875 -9999 -9999 -9999 -9999 -9999 -9999 -9999 -9999 -9999 -9999 -9999 -9999 -9999 -9999 -9999 -9999 -9999
174.1880035400390625 171.082000732421875 170.639007568359375 170.218994140625 169.9040069580078125 162.055999755859375 161.9239959716796875 162.113006591796875 162.5890045166015625 168.248992919921875 171.7960052490234375 174.593994140625 174.738006591796875 174.89300537109375 174.8260040283203125 175.800994873046875 176.917999267578125 177.6719970703125 179.889007568359375 182.2270050048828125 183.923004150390625 183.897003173828125 180.4340057373046875 179.8699951171875 179.654998779296875 178.6660003662109375 178.613006591796875 178.5099945068359375 178.9029998779296875 -9999 -9999 -9999 -9999 -9999 -9999 -9999 -9999 -9999 -9999 -9999 -9999 -9999 -9999 -9999 -9999 -9999
174.1569976806640625 170.720001220703125 169.80999755859375 170.569000244140625 169.725006103515625 162.3979949951171875 161.871002197265625 162.0290069580078125 162.384002685546875 167.779998779296875 170.1880035400390625 174.0749969482421875 175.1929931640625 174.360992431640625 173.88299560546875 174.850006103515625 175.930999755859375 177.0890045166015625 179.4219970703125 181.92999267578125 183.3990020751953125 182.662994384765625 180.852996826171875 179.4799957275390625 179.28399658203125 178.6320037841796875 179.0019989013671875 177.873992919921875 177.35699462890625 176.53399658203125 -9999 -9999 -9999 -9999 -9999 -9999 -9999 -9999 -9999 -9999 -9999 -9999 -9999 -9999 -9999 -9999
174.94500732421875 170.593994140625 169.470001220703125 170.33599853515625 169.531005859375 163.292999267578125 161.6529998779296875 161.7899932861328125 161.9949951171875 165.5829925537109375 168.738006591796875 172.162994384765625 174.7259979248046875 174.2660064697265625 173.9109954833984375 174.0980072021484375 175.970001220703125 176.488006591796875 178.199005126953125 181.2570037841796875 182.26800537109375 181.485992431640625 180.462005615234375 178.662994384765625 177.9470062255859375 177.4010009765625 178.4149932861328125 177.2169952392578125 175.485992431640625 175.33099365234375 175.2769927978515625 -9999 -9999 -9999 -9999 -9999 -9999 -9999 -9999 -9999 -9999 -9999 -9999 -9999 -9999 -9999
174.2270050048828125 170.113006591796875 169.23199462890625 169.1840057373046875 169.0229949951171875 165.5879974365234375 161.6649932861328125 161.59100341796875 161.740997314453125 162.675994873046875 166.677001953125 171.2989959716796875 175.16900634765625 174.07000732421875 173.7010040283203125 174.3849945068359375 175.425994873046875 175.501007080078125 176.9770050048828125 179.8130035400390625 180.016998291015625 179.7079925537109375 176.6739959716796875 176.9170074462890625 176.483001708984375 177.1649932861328125 177.014007568359375 176.936004638671875 175.1410064697265625 173.524993896484375 173.126007080078125 -9999 -9999 -9999 -9999 -9999 -9999 -9999 -9999 -9999 -9999 -9999 -9999 -9999 -9999 -9999
174.03900146484375 170.0529937744140625 169.34100341796875 168.365997314453125 167.98199462890625 167.20599365234375 162.1490020751953125 161.3329925537109375 161.4380035400390625 162.2559967041015625 163.6230010986328125 170.1479949951171875 174.279998779296875 173.8350067138671875 172.8280029296875 173.50799560546875 175.66900634765625 174.365997314453125 175.4499969482421875 177.3070068359375 177.3939971923828125 177.40899658203125 175.26300048828125 174.923004150390625 175.7559967041015625 176.850006103515625 176.701995849609375 176.177001953125 175.022003173828125 172.5720062255859375 171.4600067138671875 -9999 -9999 -9999 -9999 -9999 -9999 -9999 -9999 -9999 -9999 -9999 -9999 -9999 -9999 -9999
172.63299560546875 169.8910064697265625 168.65899658203125 166.70599365234375 167.1139984130859375 165.9709930419921875 161.8419952392578125 161.16400146484375 161.3090057373046875 161.5229949951171875 162.5279998779296875 173.4980010986328125 175.212005615234375 173.3209991455078125 172.6490020751953125 173.9640045166015625 173.7830047607421875 173.6699981689453125 174.3730010986328125 175.5030059814453125 176.07000732421875 175.542999267578125 174.738006591796875 174.8939971923828125 177.113006591796875 178.0540008544921875 176.3040008544921875 175.779998779296875 175.53399658203125 172.305999755859375 169.8419952392578125 -9999 -9999 -9999 -9999 -9999 -9999 -9999 -9999 -9999 -9999 -9999 -9999 -9999 -9999 -9999
172.3520050048828125 169.85699462890625 167.5489959716796875 166.6820068359375 165.5019989013671875 165.1399993896484375 161.3719940185546875 161.102996826171875 161.1269989013671875 161.274993896484375 163.4369964599609375 173.1020050048828125 175.4149932861328125 172.6450042724609375 172.430999755859375 172.876007080078125 173.75 172.18499755859375 173.4279937744140625 173.4199981689453125 173.6869964599609375 174.4429931640625 174.71600341796875 175.779998779296875 177.998992919921875 178.1230010986328125 175.5050048828125 175.1529998779296875 175.3390045166015625 172 168.7259979248046875 168.3260040283203125 -9999 -9999 -9999 -9999 -9999 -9999 -9999 -9999 -9999 -9999 -9999 -9999 -9999 -9999
171.8950042724609375 170.727996826171875 168.5749969482421875 167.298004150390625 165.6060028076171875 162.699005126953125 161.1959991455078125 160.938995361328125 160.90899658203125 161.207000732421875 162.873992919921875 171.7790069580078125 173.6790008544921875 171.860992431640625 171.8260040283203125 171.197998046875 171.83099365234375 171.25 171.436004638671875 172.0989990234375 173.3820037841796875 174.701995849609375 175.3560028076171875 177.0019989013671875 177.52099609375 177.7969970703125 175.4279937744140625 174.1309967041015625 173.11199951171875 170.384002685546875 167.1670074462890625 166.8209991455078125 167.2859954833984375 168.4949951171875 -9999 -9999 -9999 -9999 -9999 -9999 -9999 -9999 -9999 -9999 -9999 -9999
171.850006103515625 170.363006591796875 169.7030029296875 168.53900146484375 166.798004150390625 161.951995849609375 161.3000030517578125 160.9709930419921875 161.108001708984375 161.2469940185546875 164.0149993896484375 169.397003173828125 171.8520050048828125 171.3000030517578125 170.660003662109375 171.925994873046875 172.8939971923828125 170.96600341796875 170.891998291015625 171.332000732421875 174.156005859375 175.399993896484375 175.46099853515625 175.5850067138671875 175.78399658203125 176.1820068359375 175.1929931640625 173.089996337890625 172.826995849609375 170.5590057373046875 166.727996826171875 165.7779998779296875 166.1360015869140625 167.0659942626953125 169.4279937744140625 173.2859954833984375 -9999 -9999 -9999 -9999 -9999 -9999 -9999 -9999 -9999 -9999
171.3809967041015625 169.839996337890625 169.1970062255859375 168.511993408203125 167.0850067138671875 162.1970062255859375 161.264007568359375 160.889007568359375 160.9850006103515625 161.3379974365234375 162.3589935302734375 168.475006103515625 170.1100006103515625 170.4949951171875 170.2660064697265625 173.024993896484375 172.447998046875 170.8800048828125 171.13800048828125 172.074005126953125 175.2400054931640625 175.6999969482421875 175.2299957275390625 174.6970062255859375 174.3119964599609375 174.212005615234375 174.423004150390625 172.9120025634765625 172.39300537109375 172.339996337890625 167.8560028076171875 165.38800048828125 165.1620025634765625 166.4929962158203125 168.438995361328125 172.4369964599609375 172.61199951171875 -9999 -9999 -9999 -9999 -9999 -9999 -9999 -9999 -9999
169.9709930419921875 169.634002685546875 168.891998291015625 168.4069976806640625 165.64599609375 161.6230010986328125 161.1790008544921875 160.83099365234375 160.9219970703125 161.095001220703125 162.8589935302734375 167.56500244140625 169.01300048828125 171.2449951171875 170.1540069580078125 171.397003173828125 169.9369964599609375 171.04400634765625 171.660003662109375 175.0670013427734375 175.71600341796875 174.8939971923828125 174.4080047607421875 173.365997314453125 172.2429962158203125 172.9900054931640625 172.3079986572265625 172.72900390625 172.1309967041015625 171.8390045166015625 170.03900146484375 166.537994384765625 164.7230072021484375 164.7350006103515625 167.9730072021484375 169.4199981689453125 169.46099853515625 -9999 -9999 -9999 -9999 -9999 -9999 -9999 -9999 -9999
168.2030029296875 167.927001953125 168.0489959716796875 168.6219940185546875 164.9720001220703125 161.6609954833984375 161.0420074462890625 160.80499267578125 160.8600006103515625 161.1710052490234375 163.3650054931640625 167.3119964599609375 169.63299560546875 171.602996826171875 170.1190032958984375 169.3600006103515625 169.858001708984375 173.40899658203125 175.4109954833984375 176.6089935302734375 176.3170013427734375 174.6060028076171875 173.5 171.8589935302734375 172.14599609375 171.688995361328125 170.7779998779296875 170.96099853515625 170.61700439453125 170.5359954833984375 169.9929962158203125 167.6670074462890625 164.4579925537109375 164.2570037841796875 166.376007080078125 166.3390045166015625 165.923004150390625 -9999 -9999 -9999 -9999 -9999 -9999 -9999 -9999 -9999
