ValueNro_2398/ValueNro_2398_bm_manty_neulaset.asc
ncols        141
nrows        228
xllcorner    356256.000000000000
yllcorner    6857312.000000000000
cellsize     16.000000000000
NODATA_value -9999
[rows 160 to 199 of 228, columns 0 to 89 of 141]
-9999 -9999 0 0 0 2 3 56 37 32 23 41 68 30 31 37 35 51 53 48 42 46 26 50 48 50 26 0 116 220 160 137 48 3 0 0 32767 26 26 56 47 99 46 48 32767 32767 32767 32767 32767 32767 58 32767 197 206 164 156 109 205 266 86 23 21 24 0 0 0 0 0 0 0 33 168 240 259 202 41 44 45 15 35 32 7 52 180 266 205 258 299 306 175
-9999 -9999 -9999 0 0 2 44 62 49 31 22 22 30 63 57 57 66 71 84 54 39 43 25 49 41 62 16 37 118 152 241 52 100 81 0 0 32767 78 18 35 35 27 25 83 94 32767 32767 32767 32767 32767 32767 32767 32767 232 138 157 253 191 183 185 44 14 21 0 0 0 0 0 0 0 225 151 239 173 222 131 38 14 14 24 15 14 16 68 239 160 165 221 296 184
-9999 -9999 -9999 0 0 2 50 84 40 27 2 24 46 63 52 63 81 67 50 40 41 1 20 14 29 41 63 86 121 80 71 58 15 84 11 15 32767 65 43 41 28 28 38 81 71 12 32767 32767 32767 32767 32767 32767 32767 77 147 178 178 309 201 229 159 7 23 23 13 0 0 0 0 17 213 227 177 247 207 139 72 24 8 32 28 15 29 33 177 182 236 216 264 167
-9999 -9999 -9999 -9999 0 0 61 63 25 2 2 2 67 29 28 50 54 27 22 9 18 12 14 29 28 14 59 68 36 49 29 28 29 30 156 31 0 87 42 70 59 67 60 26 85 81 0 32767 32767 32767 32767 32767 32767 32767 174 235 132 157 157 275 162 52 7 21 43 0 0 0 0 0 111 207 182 174 163 193 155 35 29 38 33 24 49 23 154 156 247 261 251 130
-9999 -9999 -9999 -9999 -9999 0 61 45 27 32 2 34 47 43 23 29 42 25 3 8 26 13 28 27 30 25 127 84 34 15 27 14 13 30 176 32767 0 30 66 64 39 43 59 89 30 68 19 32767 32767 32767 32767 32767 32767 32767 32767 148 190 224 252 272 259 171 10 5 73 28 0 0 0 6 54 186 223 186 141 172 143 105 61 32 28 26 45 15 100 187 302 259 176 111
-9999 -9999 -9999 -9999 -9999 -9999 63 55 47 45 47 34 41 36 36 40 30 32 35 33 38 5 8 7 23 27 38 76 23 79 35 15 19 20 85 32767 6 73 75 45 0 46 29 121 190 40 30 32767 32767 32767 32767 32767 32767 32767 32767 171 104 226 244 231 178 176 12 8 28 32 5 4 0 6 7 111 208 174 196 214 239 267 136 74 36 27 87 48 110 214 212 319 222 196
-9999 -9999 -9999 -9999 -9999 -9999 14 85 29 31 25 0 42 46 44 30 28 43 36 42 68 16 8 13 7 143 27 82 12 11 26 47 27 9 26 0 77 78 55 64 47 68 97 106 161 38 18 32767 32767 32767 32767 32767 32767 105 32767 32767 68 168 170 202 210 150 99 22 9 47 14 6 0 0 0 16 210 251 189 266 268 264 232 156 80 52 49 117 98 106 255 323 208 60
-9999 -9999 -9999 -9999 -9999 -9999 45 60 24 0 0 0 25 14 28 15 15 43 20 0 26 31 37 23 81 92 68 135 12 3 27 50 0 29 32767 0 75 5 0 68 74 46 30 29 84 26 24 24 32767 32767 32767 32767 32767 162 125 32767 29 73 166 165 260 213 280 45 17 28 27 6 0 0 0 0 56 121 241 160 135 176 254 151 83 34 26 112 139 97 262 246 223 5
-9999 -9999 -9999 -9999 -9999 -9999 35 47 63 28 0 0 0 42 43 34 23 24 27 0 0 45 43 59 36 10 158 76 81 25 37 13 8 0 32767 0 27 0 0 54 53 24 29 29 46 25 28 32767 32767 32767 32767 32767 27 119 87 32767 32767 98 120 61 162 227 260 129 16 25 27 17 0 0 0 0 36 210 225 224 209 32767 32767 149 81 27 26 103 117 34 135 104 38 5
-9999 -9999 -9999 -9999 -9999 -9999 63 52 2 4 4 31 0 0 0 35 59 63 25 15 15 27 53 59 12 183 202 152 7 26 29 0 9 0 0 25 27 6 62 66 25 29 29 58 53 29 26 32767 32767 32767 32767 32767 32767 15 163 164 32767 32767 148 182 99 216 145 67 39 45 19 7 0 0 0 11 108 104 263 237 218 218 165 32767 94 15 24 50 115 55 28 43 38 5
-9999 -9999 -9999 -9999 -9999 -9999 114 55 92 27 4 4 27 0 0 9 10 16 2 19 30 30 39 63 39 153 0 112 102 73 73 15 28 32767 0 30 31 61 51 98 154 204 174 141 125 51 31 32767 32767 32767 32767 32767 32767 29 168 27 32767 32767 138 210 238 120 175 96 107 29 28 5 0 0 9 88 195 177 189 198 236 223 198 32767 165 31 23 48 116 118 62 69 151 6
-9999 -9999 -9999 -9999 -9999 -9999 -9999 6 15 168 8 7 40 4 7 8 12 6 4 30 34 66 100 52 43 0 0 107 140 102 31 80 15 56 37 146 166 220 147 245 225 158 286 205 67 69 30 32767 32767 32767 32767 32767 32767 0 129 120 149 32767 32767 95 271 117 172 151 139 53 103 12 0 6 145 182 193 213 176 149 191 207 244 170 172 105 31 37 126 115 124 108 178 33
-9999 -9999 -9999 -9999 -9999 -9999 -9999 66 5 15 7 61 33 48 24 1 5 78 0 25 17 28 65 96 42 131 0 145 218 226 82 104 32767 26 116 172 192 164 215 131 173 153 172 223 127 123 29 32767 32767 32767 32767 32767 32767 32767 157 110 127 175 32767 145 227 168 126 176 92 78 84 13 0 6 176 201 216 214 185 242 244 247 246 267 154 157 85 57 32 51 73 97 155 83
-9999 -9999 -9999 -9999 -9999 -9999 -9999 -9999 0 13 14 25 12 27 12 24 16 0 5 42 35 14 32 121 77 63 158 221 149 235 89 210 32767 154 12 133 183 193 179 192 108 59 145 138 236 97 32767 32767 32767 32767 32767 32767 32767 32767 122 102 224 151 32767 32767 216 261 166 299 176 153 31 23 0 0 153 220 239 263 224 235 248 313 297 190 32767 238 253 38 27 33 61 76 27 90
-9999 -9999 -9999 -9999 -9999 -9999 -9999 -9999 -9999 4 23 83 103 58 83 8 43 43 12 49 48 29 29 27 45 47 12 90 193 241 112 60 73 4 26 26 32 104 116 172 35 171 207 153 140 32767 32767 43 32767 32767 32767 32767 32767 32767 79 247 143 233 201 32767 145 128 269 210 161 84 34 15 0 0 132 190 274 280 233 244 255 338 299 192 32767 203 166 57 56 78 96 121 28 27
-9999 -9999 -9999 -9999 -9999 -9999 -9999 -9999 -9999 -9999 0 109 12 37 41 88 86 26 6 56 48 47 14 28 16 25 90 65 156 182 77 32767 93 146 23 0 0 0 92 191 125 230 262 223 304 32767 32767 0 0 32767 32767 32767 32767 32767 36 325 219 225 152 32767 32767 231 245 114 141 86 70 41 5 6 117 269 224 252 269 327 298 328 288 264 32767 259 202 174 83 165 145 185 37 14
-9999 -9999 -9999 -9999 -9999 -9999 -9999 -9999 -9999 -9999 76 59 59 40 24 51 188 74 42 27 52 47 44 16 15 15 82 6 91 170 32767 77 111 15 1 22 0 0 16 194 206 145 312 276 208 215 32767 32767 32767 32767 32767 32767 32767 32767 32767 108 88 126 235 216 32767 32767 159 273 109 124 5 107 163 193 248 252 238 299 315 319 325 325 332 279 178 189 182 241 266 156 266 183 173 33
-9999 -9999 -9999 -9999 -9999 -9999 -9999 -9999 9 137 49 144 197 8 39 49 80 79 38 24 44 48 46 16 29 15 44 22 129 93 133 41 146 11 23 30 26 17 118 174 110 10 328 295 289 285 32767 32767 32767 32767 32767 32767 32767 32767 32767 49 238 132 218 217 32767 32767 132 220 208 101 42 96 145 171 223 339 316 308 299 271 323 326 352 248 138 32767 135 199 331 359 291 220 213 65
-9999 -9999 -9999 -9999 -9999 -9999 -9999 -9999 177 59 151 170 62 117 120 149 116 48 6 45 27 14 34 38 14 13 28 88 37 32767 41 4 0 24 33 88 0 31 71 118 143 185 370 269 320 215 118 32767 32767 32767 32767 32767 32767 32767 32767 73 141 240 197 225 202 32767 32767 103 268 150 24 42 79 174 124 294 314 307 279 313 347 355 234 187 149 112 32767 135 188 252 320 234 162 86
-9999 -9999 -9999 -9999 -9999 -9999 -9999 -9999 259 234 84 259 244 29 93 180 176 48 10 127 60 14 26 36 13 5 16 28 32767 0 33 76 12 0 0 0 0 14 65 232 212 208 333 257 240 216 183 115 32767 32767 32767 32767 32767 32767 32767 32767 68 210 194 176 89 143 32767 83 195 38 23 56 99 118 165 252 329 279 297 319 353 256 159 168 166 199 111 32767 107 146 319 280 168 55
-9999 -9999 -9999 -9999 -9999 -9999 -9999 -9999 173 203 228 183 19 32767 46 61 101 67 14 64 68 13 6 5 4 0 0 32767 0 9 34 27 5 0 0 0 18 10 88 223 215 164 288 259 154 209 160 204 32767 32767 32767 32767 32767 32767 32767 32767 32767 96 291 266 283 192 32767 32767 118 42 35 4 67 162 139 241 319 287 283 323 347 247 110 176 181 156 193 98 60 145 283 192 63 27
-9999 -9999 -9999 -9999 -9999 -9999 -9999 -9999 90 237 32767 32767 32767 32767 32767 32767 0 0 31 71 106 27 0 0 32767 32767 0 0 0 1 5 1 2 0 0 0 27 116 133 208 174 211 176 167 200 159 141 192 129 282 32767 32767 32767 32767 32767 32767 32767 0 210 207 238 234 177 32767 13 52 19 0 9 189 149 245 320 322 287 302 339 216 146 173 154 116 165 157 104 32767 215 230 59 25
-9999 -9999 -9999 -9999 -9999 -9999 -9999 -9999 32767 164 256 263 149 0 4 10 3 32767 32767 0 0 0 32767 32767 2 2 1 0 0 0 2 0 23 9 27 213 51 171 204 113 81 118 177 159 217 183 165 155 174 30 174 261 208 313 196 32767 32767 32767 202 81 287 274 149 32767 32767 29 0 0 0 16 179 179 332 290 318 318 356 143 157 102 108 155 95 98 188 234 168 235 156 19
-9999 -9999 -9999 -9999 -9999 -9999 -9999 -9999 279 10 172 204 192 145 77 14 0 0 0 0 0 0 15 29 6 1 1 0 0 2 5 5 22 9 143 85 184 95 295 200 143 91 238 203 225 182 144 208 171 89 156 142 257 309 154 244 189 248 127 32 86 141 116 223 32767 32767 0 0 0 0 50 189 220 295 303 337 232 143 49 105 119 117 91 74 197 233 191 183 225 182
-9999 -9999 -9999 -9999 -9999 -9999 -9999 -9999 -9999 -9999 26 20 159 176 148 34 0 0 0 0 0 14 14 0 0 0 0 5 0 9 1 0 0 11 186 178 19 28 115 220 235 141 257 270 235 264 212 231 158 167 238 337 290 204 123 206 162 144 194 59 138 103 47 91 126 32767 3 0 0 0 6 52 126 283 250 212 163 96 52 103 108 29 61 146 179 203 32767 76 81 194
-9999 -9999 -9999 -9999 -9999 -9999 -9999 -9999 -9999 -9999 17 19 90 150 289 166 60 48 0 0 0 0 0 0 0 0 0 0 54 0 0 0 5 161 178 104 37 30 39 89 170 126 159 271 214 182 216 193 211 153 140 198 210 74 176 100 144 114 217 184 24 71 60 169 10 32767 32767 0 0 0 0 20 183 176 227 222 151 111 117 52 49 48 50 150 179 187 150 30 32767 92
-9999 -9999 -9999 -9999 -9999 -9999 -9999 -9999 90 7 72 150 111 99 123 262 35 2 9 4 0 0 0 0 0 0 0 0 0 0 0 0 58 134 135 68 80 38 34 48 98 113 194 240 136 137 132 137 193 182 178 121 64 51 53 54 231 225 253 119 128 107 78 39 130 248 32767 3 0 0 0 6 37 127 136 135 85 94 114 106 117 52 87 128 136 173 167 90 81 121
-9999 -9999 -9999 -9999 -9999 -9999 -9999 -9999 148 191 177 153 164 138 174 209 52 16 10 0 47 52 0 0 0 0 0 0 0 0 0 8 98 0 130 47 44 47 45 38 105 118 19 174 175 82 92 92 161 51 2 19 7 25 40 92 244 95 167 60 40 99 62 40 47 24 32767 32767 14 14 0 0 23 139 235 117 59 55 26 16 48 161 93 117 132 179 160 136 186 73
-9999 -9999 -9999 -9999 -9999 -9999 -9999 32767 76 200 269 228 225 192 193 173 33 29 13 23 0 0 0 0 0 0 0 0 0 0 0 57 215 88 49 68 77 42 43 18 68 142 174 129 242 246 64 140 44 62 0 0 0 0 0 26 28 0 24 30 183 251 25 33 104 106 177 32767 63 54 0 0 0 39 179 105 176 123 77 47 16 124 79 78 159 210 85 137 161 32767
-9999 -9999 -9999 -9999 -9999 -9999 -9999 32767 182 270 173 184 228 179 197 261 94 54 0 0 0 0 0 0 0 0 0 0 2 19 48 18 231 105 81 99 70 39 78 104 75 138 156 59 164 146 186 86 103 111 66 5 0 0 0 0 9 25 44 26 22 78 10 107 33 151 10 32767 32767 72 0 0 0 53 85 50 134 10 59 26 20 151 175 135 130 139 189 171 219 119
-9999 -9999 -9999 -9999 -9999 -9999 223 32767 160 242 183 224 149 188 249 273 126 40 19 5 0 0 0 0 0 0 0 0 5 17 30 139 36 23 42 135 77 77 79 144 141 208 89 129 8 25 41 154 186 14 198 58 36 0 0 0 0 5 42 13 26 158 145 182 107 43 104 142 32767 37 60 0 0 197 15 57 39 62 35 27 32 146 88 53 40 79 171 186 147 213
-9999 -9999 -9999 -9999 -9999 190 193 32767 123 188 274 146 226 193 297 240 196 192 209 157 26 0 0 0 0 24 12 9 20 85 29 10 103 44 56 132 141 136 145 141 179 151 256 174 129 132 142 129 32 20 45 29 127 52 51 29 0 0 0 0 16 74 236 150 72 69 133 50 32767 32767 28 24 13 179 37 36 87 86 145 103 70 34 46 45 91 142 183 79 103 168
-9999 -9999 -9999 -9999 -9999 74 117 32767 92 192 247 129 206 220 293 257 254 201 144 95 98 27 17 6 11 10 1 49 49 12 78 57 99 11 46 41 111 120 137 154 234 215 236 127 217 151 186 136 140 132 67 74 136 90 178 22 16 0 0 0 0 14 257 155 61 16 48 25 32767 32767 50 9 0 76 65 133 75 147 125 185 139 93 29 46 56 106 118 86 98 223
-9999 -9999 -9999 -9999 138 95 149 32767 114 231 153 214 127 183 295 289 280 251 148 119 147 176 28 9 31 44 42 44 43 56 26 33 23 46 15 16 33 150 209 302 239 204 204 209 208 101 102 112 76 137 16 81 77 94 155 51 12 5 24 5 5 51 106 22 111 22 19 254 82 32767 32767 0 0 200 95 163 118 132 127 95 138 -9999 -9999 -9999 119 170 81 135 253 326
-9999 -9999 -9999 -9999 153 158 258 32767 289 152 185 169 136 176 250 277 283 234 276 174 191 135 137 97 30 28 53 39 40 124 51 40 111 32 22 15 108 104 218 228 183 201 238 205 298 115 70 38 139 134 115 89 79 70 98 150 102 7 8 5 26 13 119 80 27 23 67 95 174 32767 32767 12 12 -9999 -9999 -9999 -9999 -9999 -9999 -9999 -9999 -9999 -9999 -9999 -9999 -9999 -9999 -9999 323 -9999
-9999 -9999 -9999 149 88 200 32767 78 165 190 140 136 56 191 241 299 210 243 216 204 196 111 124 228 223 90 28 55 58 127 62 44 53 37 33 40 87 139 67 214 216 193 172 215 240 255 33 26 111 138 185 70 167 99 107 120 232 137 13 6 22 34 262 130 28 23 127 107 223 161 32767 40 -9999 -9999 -9999 -9999 -9999 -9999 -9999 -9999 -9999 -9999 -9999 -9999 -9999 -9999 -9999 -9999 -9999 -9999
-9999 -9999 -9999 60 210 32767 116 118 277 293 224 68 225 239 265 335 233 277 218 253 229 21 125 111 69 183 28 64 52 127 82 100 49 12 22 31 86 120 98 159 150 209 193 154 159 168 122 99 137 148 147 98 126 115 93 145 192 241 65 46 6 7 144 9 34 35 137 142 170 96 32767 -9999 -9999 -9999 -9999 -9999 -9999 -9999 -9999 -9999 -9999 -9999 -9999 -9999 -9999 -9999 -9999 -9999 -9999 -9999
-9999 -9999 -9999 -9999 221 296 128 86 179 245 127 118 125 157 156 242 182 242 142 188 57 28 79 161 109 122 16 14 13 49 56 172 90 78 104 25 6 118 191 120 48 250 183 223 196 184 118 96 136 168 128 137 107 104 113 62 89 99 159 106 13 7 141 217 17 134 181 110 36 137 -9999 -9999 -9999 -9999 -9999 -9999 -9999 -9999 -9999 -9999 -9999 -9999 -9999 -9999 -9999 -9999 -9999 -9999 -9999 -9999
-9999 -9999 -9999 -9999 90 127 341 129 236 253 129 235 261 263 200 193 113 174 301 64 79 0 33 30 23 116 127 122 82 129 137 180 65 100 67 32 41 5 97 102 8 120 224 135 269 215 120 109 148 134 144 168 140 184 78 68 44 26 115 233 52 65 97 213 21 57 114 213 161 -9999 -9999 -9999 -9999 -9999 -9999 -9999 -9999 -9999 -9999 -9999 -9999 -9999 -9999 -9999 -9999 -9999 -9999 -9999 -9999 -9999
-9999 -9999 -9999 -9999 87 145 187 90 251 235 207 156 211 227 197 291 -9999 -9999 -9999 54 39 5 0 58 23 127 60 241 220 146 261 223 152 88 125 32 94 24 42 46 48 137 166 225 86 261 197 129 93 54 109 101 136 40 137 22 99 119 83 157 100 133 134 236 28 36 239 201 165 -9999 -9999 -9999 -9999 -9999 -9999 -9999 -9999 -9999 -9999 -9999 -9999 -9999 -9999 -9999 -9999 -9999 -9999 -9999 -9999 -9999
