ValueNro_2398/ValueNro_2398_keskipituus.asc
ncols        141
nrows        228
xllcorner    356256.000000000000
yllcorner    6857312.000000000000
cellsize     16.000000000000
NODATA_value -9999
[rows 117 to 155 of 228, columns 0 to 87 of 141]
-9999 -9999 -9999 -9999 -9999 -9999 -9999 -9999 -9999 -9999 -9999 -9999 -9999 -9999 -9999 -9999 -9999 -9999 180 234 227 237 200 198 201 186 168 154 157 160 156 141 161 32767 32767 32767 32767 32767 32767 32767 211 135 149 137 198 181 196 174 172 155 154 32767 116 73 37 17 35 73 149 147 132 138 138 132 136 144 155 156 160 150 72 123 70 141 32767 32767 32767 32767 32767 32767 32767 32767 32767 32767 189 179 77 57
-9999 -9999 -9999 -9999 -9999 -9999 -9999 -9999 -9999 -9999 -9999 -9999 -9999 -9999 -9999 -9999 -9999 149 207 238 210 162 188 170 190 189 174 183 173 159 132 111 172 183 161 32767 11 32767 32767 32767 162 131 178 152 178 189 187 163 202 174 162 124 115 129 70 20 21 105 124 150 132 138 140 134 132 131 145 170 180 155 73 120 67 103 32767 32767 32767 32767 32767 32767 32767 32767 32767 32767 32767 191 131 81
-9999 -9999 -9999 -9999 -9999 -9999 -9999 -9999 -9999 -9999 -9999 -9999 -9999 -9999 -9999 -9999 -9999 32767 112 223 186 69 95 129 211 150 150 161 154 169 131 94 164 173 32767 32767 32767 59 146 186 140 131 147 133 118 202 194 155 185 198 172 137 32767 134 129 63 106 132 146 154 133 122 128 129 127 129 136 171 181 166 114 79 137 143 181 32767 32767 32767 32767 32767 32767 32767 32767 32767 32767 5 136 80
-9999 -9999 -9999 -9999 -9999 -9999 -9999 -9999 -9999 -9999 -9999 -9999 -9999 -9999 -9999 -9999 -9999 -9999 32767 30 158 157 111 114 209 157 159 166 160 169 102 107 112 122 32767 32767 32767 32767 191 168 141 130 138 134 125 193 192 190 163 180 183 178 32767 90 133 156 157 153 152 153 136 138 154 152 147 146 139 168 157 163 137 109 125 122 42 32767 32767 32767 32767 32767 32767 32767 32767 32767 32767 32767 39 65
-9999 -9999 -9999 -9999 -9999 -9999 -9999 -9999 -9999 -9999 -9999 -9999 -9999 -9999 -9999 -9999 -9999 -9999 32767 32767 32767 147 158 169 169 207 153 133 186 177 172 206 156 32767 32767 32767 32767 32767 134 170 152 163 180 165 139 139 162 177 180 183 180 176 131 132 126 159 158 147 157 143 140 146 129 123 133 137 129 154 168 185 85 127 126 68 32767 32767 32767 32767 32767 32767 32767 32767 32767 32767 32767 32767 43 72
-9999 -9999 -9999 -9999 -9999 -9999 -9999 -9999 -9999 -9999 -9999 -9999 -9999 -9999 -9999 -9999 -9999 -9999 -9999 32767 32767 32767 147 168 166 109 135 89 93 74 175 182 155 32767 32767 32767 32767 169 149 166 180 177 130 198 197 192 153 196 179 203 172 154 144 32767 116 140 157 150 154 137 138 137 148 131 147 152 168 181 184 122 123 139 87 22 32767 32767 32767 32767 32767 32767 32767 32767 32767 32767 32767 32767 9 117
-9999 -9999 -9999 -9999 -9999 -9999 -9999 -9999 -9999 -9999 -9999 -9999 -9999 -9999 -9999 -9999 -9999 -9999 -9999 129 39 32767 32767 134 222 170 90 120 146 143 124 167 32767 193 162 199 197 156 135 164 168 172 171 185 180 198 183 154 154 138 171 128 115 129 132 139 153 158 151 145 135 115 146 143 130 143 159 169 109 72 139 93 130 131 32767 32767 32767 32767 32767 32767 32767 32767 32767 32767 32767 32767 24 210
-9999 -9999 -9999 -9999 -9999 -9999 -9999 -9999 -9999 -9999 -9999 -9999 -9999 -9999 -9999 -9999 -9999 -9999 -9999 124 49 56 32767 32767 146 180 165 166 98 104 116 32767 32767 178 32767 32767 173 155 149 78 144 126 164 152 183 169 190 174 118 161 180 102 167 86 32767 135 140 148 146 122 131 146 147 147 157 157 169 163 73 90 91 80 109 93 32767 32767 32767 32767 32767 32767 32767 32767 32767 32767 32767 41 32767 159
-9999 -9999 -9999 -9999 -9999 -9999 -9999 -9999 -9999 -9999 -9999 -9999 -9999 -9999 -9999 -9999 -9999 -9999 -9999 145 7 69 60 32767 32767 134 129 160 115 109 169 32767 183 32767 32767 32767 32767 135 32767 32767 32767 62 90 174 203 188 187 179 185 168 193 204 93 104 32767 152 140 150 128 121 149 142 125 151 158 143 161 80 101 70 102 110 87 99 125 32767 32767 32767 32767 32767 32767 32767 32767 38 37 37 32767 208
-9999 -9999 -9999 -9999 -9999 -9999 -9999 -9999 -9999 -9999 -9999 -9999 -9999 -9999 -9999 -9999 -9999 -9999 132 84 108 161 224 233 32767 32767 131 169 157 155 32767 32767 32767 32767 32767 32767 32767 32767 32767 32767 32767 32767 90 196 236 223 165 205 177 199 214 202 204 145 32767 215 161 175 142 141 149 149 136 147 160 186 123 68 79 144 114 62 1 4 6 32767 32767 32767 32767 32767 32767 120 122 49 37 25 32767 154
-9999 -9999 -9999 -9999 -9999 -9999 -9999 -9999 -9999 -9999 -9999 -9999 -9999 -9999 -9999 -9999 -9999 -9999 62 110 177 171 209 208 165 32767 32767 72 228 137 32767 127 204 32767 32767 32767 199 147 32767 32767 32767 32767 32767 130 217 221 201 162 201 179 168 172 169 153 188 170 190 168 150 141 148 148 173 159 174 190 114 71 116 61 4 1 4 3 4 32767 32767 32767 32767 32767 32767 185 187 72 4 39 13 32767
-9999 -9999 -9999 -9999 -9999 -9999 -9999 -9999 -9999 -9999 -9999 -9999 -9999 -9999 -9999 -9999 48 22 65 145 216 231 203 202 214 202 32767 32767 94 32767 32767 32767 101 165 176 168 32767 32767 32767 32767 32767 32767 32767 101 195 185 156 121 133 140 92 107 104 83 142 193 187 178 160 147 126 130 131 146 154 168 144 124 95 11 3 5 5 6 2 2 32767 32767 32767 87 160 213 162 65 2 29 13 32767
-9999 -9999 -9999 -9999 -9999 -9999 -9999 -9999 -9999 -9999 -9999 -9999 -9999 -9999 -9999 25 29 16 90 204 280 224 210 231 210 219 202 32767 32767 32767 228 149 32767 158 187 123 32767 32767 32767 32767 32767 32767 32767 32767 186 207 200 182 104 85 116 53 130 101 104 114 209 208 194 187 127 125 160 142 115 95 90 15 8 3 5 5 5 4 29 2 32767 32767 32767 32767 219 202 174 55 36 1 11 25
-9999 -9999 -9999 -9999 -9999 -9999 -9999 -9999 -9999 -9999 209 178 70 27 14 14 19 33 177 254 233 230 244 156 157 160 156 81 32767 32767 161 148 179 32767 203 125 32767 32767 32767 32767 32767 32767 32767 32767 163 201 182 183 76 131 140 117 109 80 87 137 183 180 194 172 182 178 176 142 95 80 11 3 5 5 5 5 3 4 33 2 8 32767 32767 159 211 210 175 103 2 3 79 120
-9999 -9999 -9999 -9999 -9999 -9999 -9999 -9999 -9999 218 197 189 68 34 34 32 111 186 177 239 245 205 206 32767 32767 32767 32767 199 16 32767 32767 204 185 218 32767 131 32767 32767 32767 32767 32767 32767 32767 32767 92 211 158 150 139 166 63 119 127 98 90 103 153 154 192 198 223 170 187 136 99 59 4 7 6 5 5 5 3 3 4 16 8 32767 78 168 220 193 193 100 14 50 100 125
-9999 -9999 -9999 -9999 -9999 -9999 -9999 -9999 144 225 214 184 129 115 116 108 197 194 269 198 208 173 192 32767 32767 32767 32767 176 117 32767 32767 15 191 180 163 127 32767 32767 32767 32767 32767 32767 32767 32767 130 199 186 212 160 33 11 99 142 118 89 119 99 140 140 200 199 168 164 172 116 68 4 7 4 4 3 1 1 3 4 28 11 25 49 205 202 202 187 125 142 130 163 186
-9999 -9999 -9999 -9999 -9999 -9999 -9999 146 212 189 167 145 188 168 160 174 170 198 196 169 167 143 202 32767 32767 32767 32767 163 32767 193 32767 32767 63 207 90 32767 83 32767 32767 32767 32767 32767 32767 32767 181 177 200 186 174 27 1 68 85 104 121 139 150 125 141 163 176 164 183 177 117 84 3 5 5 4 3 2 10 34 13 3 9 8 12 145 207 205 209 201 189 193 195 195
-9999 -9999 -9999 -9999 -9999 -9999 -9999 48 116 164 115 134 122 125 112 49 127 199 179 173 169 127 129 200 32767 197 165 144 32767 209 190 32767 32767 139 167 178 32767 32767 32767 32767 32767 32767 32767 32767 153 32767 116 191 203 23 16 10 55 133 143 144 147 146 124 103 189 196 194 193 136 114 20 3 2 1 3 82 117 108 38 1 4 6 52 147 215 204 196 238 239 182 193 178
-9999 -9999 -9999 -9999 -9999 -9999 31 34 110 69 33 33 61 55 65 33 33 129 138 213 224 118 103 115 131 158 130 63 32767 173 156 159 32767 32767 72 198 118 128 32767 32767 32767 32767 32767 71 49 142 32767 195 187 131 15 14 2 28 150 147 146 142 138 121 124 110 83 145 180 146 68 19 21 31 110 143 145 123 1 3 10 14 91 166 213 176 214 220 208 227 205 184
-9999 -9999 -9999 -9999 -9999 13 24 133 82 33 21 33 20 25 26 12 14 34 115 117 136 171 180 155 171 32767 124 134 32767 174 126 185 140 32767 32767 157 158 32767 108 32767 32767 32767 4 32767 32767 32767 164 234 158 73 11 12 13 10 57 152 143 137 138 138 152 130 100 114 154 166 149 97 88 92 189 161 120 2 1 4 4 13 99 178 208 188 197 193 200 212 202 189
-9999 -9999 -9999 -9999 27 55 34 25 48 14 14 14 14 13 14 14 9 9 25 130 118 168 210 198 192 198 181 104 127 133 139 156 187 32767 32767 50 162 155 131 32767 32767 6 32767 31 32767 32767 165 227 185 135 17 7 16 36 11 86 145 147 147 158 168 129 136 136 134 165 213 213 184 183 191 124 10 17 32 3 2 1 6 168 205 186 194 150 208 220 227 232
-9999 -9999 -9999 88 22 14 25 27 9 13 13 13 13 18 14 12 10 13 13 30 56 87 68 143 195 160 160 32767 187 136 110 132 47 32767 32767 32767 4 161 163 62 32767 32767 19 32767 32767 32767 76 152 185 114 93 7 11 17 13 56 130 154 136 147 163 170 157 158 156 175 199 215 194 187 191 104 10 32 37 41 35 7 5 163 218 200 191 151 178 208 253 226
-9999 -9999 178 111 34 16 15 22 22 17 17 24 13 13 13 15 17 15 13 13 14 25 129 126 182 172 32767 218 235 143 85 62 32767 32767 32767 32767 32767 49 145 32767 32767 32767 32767 32767 32767 32767 32767 50 197 196 121 17 4 12 31 10 135 149 149 149 168 118 151 155 129 125 156 184 179 190 184 137 40 70 5 12 38 68 3 100 167 209 209 170 209 225 242 230
189 188 171 100 118 35 76 102 27 30 25 24 7 8 12 19 17 16 18 13 8 6 19 32767 32767 200 210 211 221 176 113 32767 32767 32767 32767 32767 32767 32767 107 32767 32767 32767 32767 32767 32767 32767 32767 123 227 243 61 32 3 8 17 4 30 155 153 170 119 128 145 145 122 110 178 180 177 179 195 178 161 63 52 2 7 70 9 84 160 205 204 205 210 229 234 223
241 211 174 132 102 93 115 120 67 37 28 19 15 11 23 15 18 52 49 20 7 32767 32767 170 191 227 208 209 219 89 32767 32767 32767 32767 32767 32767 50 32767 32767 32767 32767 32767 32767 1 32767 32767 32767 145 178 205 150 28 2 8 14 74 39 82 144 141 152 152 143 138 123 107 121 110 163 179 179 157 157 118 94 76 79 168 114 133 191 210 204 226 203 176 214 247
-9999 199 193 177 131 132 119 58 61 68 125 60 96 22 69 62 89 67 9 30 32767 27 106 201 196 229 182 183 74 32767 32767 32767 32767 32767 32767 32767 32767 32767 32767 32767 32767 54 55 32767 32767 32767 168 167 179 200 170 84 28 4 17 60 52 96 154 145 142 139 133 132 121 114 107 113 162 169 151 152 163 140 151 170 169 161 181 189 210 202 216 171 154 149 175 209
-9999 -9999 -9999 162 123 128 73 56 82 55 54 109 143 67 54 16 44 67 8 13 143 143 150 172 229 245 202 155 32767 32767 32767 32767 32767 32767 32767 32767 32767 32767 32767 32767 11 75 123 32767 32767 45 161 155 161 191 186 92 26 7 15 66 59 52 125 127 137 139 132 133 138 122 109 121 180 151 127 132 149 154 182 201 202 171 200 243 218 217 211 187 141 145 145 177
-9999 -9999 -9999 117 135 82 72 51 42 66 105 66 124 96 57 80 62 32767 32767 60 102 179 188 202 225 250 204 32767 32767 32767 32767 32767 32767 32767 32767 32767 32767 32767 32767 32767 32767 32767 32767 32767 32767 32767 12 124 210 179 199 150 106 4 16 84 59 97 124 158 158 143 146 143 149 143 124 113 152 159 149 139 164 167 178 184 179 188 159 230 211 249 220 170 140 120 151 170
-9999 -9999 -9999 133 122 88 77 79 80 83 106 74 76 99 58 81 32767 69 69 98 72 107 153 221 240 225 32767 32767 32767 32767 32767 32767 32767 32767 32767 32767 32767 32767 32767 32767 32767 32767 32767 32767 32767 41 32767 132 202 195 219 183 107 11 31 120 62 66 150 156 143 148 124 122 145 144 123 118 151 136 144 149 138 153 148 153 135 143 180 225 220 231 222 178 145 114 121 137
-9999 -9999 -9999 147 140 140 99 125 131 58 71 99 97 94 100 32767 88 101 42 67 70 135 167 157 217 211 32767 32767 32767 32767 32767 32767 32767 32767 32767 32767 32767 32767 32767 32767 32767 32767 32767 32767 32767 32767 32767 152 165 172 176 200 135 23 31 102 45 186 150 144 148 147 147 144 149 149 152 122 125 158 173 143 129 130 148 121 123 140 132 193 216 228 212 177 113 122 118 158
-9999 -9999 -9999 123 152 132 160 176 148 56 72 52 115 58 101 22 36 39 68 127 75 172 203 199 161 181 195 32767 32767 32767 32767 32767 32767 32767 32767 32767 32767 32767 32767 32767 32767 32767 32767 32767 32767 165 143 168 165 150 152 204 151 64 55 126 59 137 128 129 150 150 150 150 150 150 150 147 135 136 185 121 149 143 149 140 142 148 140 158 192 236 214 200 133 122 114 161
-9999 -9999 -9999 115 98 134 173 189 177 120 93 115 71 123 32767 35 28 97 83 63 74 112 177 151 149 215 191 196 32767 32767 32767 32767 50 32767 32767 32767 32767 32767 32767 32767 32767 32767 32767 32767 32767 126 177 134 132 172 167 153 154 92 71 70 55 74 99 124 125 139 137 149 148 157 156 145 147 118 152 119 158 152 154 121 124 150 121 144 162 196 231 220 135 145 145 149
-9999 -9999 -9999 136 173 151 125 143 153 124 131 111 95 32767 91 112 84 92 57 54 104 80 178 193 210 143 158 192 150 32767 6 42 23 32767 32767 32767 32767 32767 32767 32767 32767 32767 32767 32767 32767 129 160 150 129 129 130 131 114 66 110 71 94 62 12 98 119 148 140 140 139 138 109 113 142 140 155 144 159 152 157 148 152 150 147 140 154 176 250 225 174 143 130 132
-9999 -9999 -9999 85 86 131 145 120 139 158 114 32767 137 226 241 226 217 195 161 76 85 122 139 143 133 171 176 183 134 54 27 23 23 31 32767 32767 32767 32767 32767 32767 32767 32767 32767 105 32767 32767 183 113 149 152 135 183 144 100 58 103 104 107 47 92 159 157 136 134 110 110 108 153 135 139 152 172 154 154 153 150 153 151 150 146 134 188 213 231 189 187 145 161
-9999 -9999 -9999 88 42 68 85 102 91 120 32767 160 197 227 235 230 197 218 238 159 69 42 123 92 152 196 212 137 104 30 3 3 3 34 32767 32767 32767 32767 32767 32767 32767 32767 32767 32767 70 32767 42 157 163 163 183 158 56 96 186 149 80 121 56 93 164 157 130 135 159 138 138 151 137 145 185 153 139 152 150 157 139 119 150 119 141 171 218 250 227 194 167 189
-9999 -9999 -9999 140 117 60 83 107 117 32767 173 176 147 150 164 177 134 163 173 131 111 91 103 87 121 199 187 200 132 28 27 34 41 50 53 32767 32767 32767 32767 32767 32767 32767 32767 32767 32767 32767 32767 150 163 166 123 32767 32767 166 151 105 155 107 62 47 156 156 134 145 147 138 138 129 145 129 163 169 135 152 154 152 114 110 121 144 139 151 206 247 223 202 177 167
-9999 -9999 -9999 111 91 90 89 103 32767 125 126 106 110 121 108 119 105 113 119 93 99 111 119 60 90 211 182 180 169 28 36 38 31 4 28 32767 32767 32767 32767 32767 32767 32767 32767 32767 32767 32767 32767 32767 147 202 80 32767 32767 157 144 127 141 97 99 48 119 137 130 128 136 112 113 110 121 150 129 190 126 152 128 157 105 112 150 150 143 151 175 217 254 203 166 153
-9999 -9999 -9999 78 112 110 105 32767 89 154 105 108 124 104 78 103 116 108 100 116 110 91 63 77 81 203 249 235 120 50 9 5 3 3 12 28 32767 32767 32767 32767 32767 32767 32767 32767 32767 32767 32767 32767 32767 174 32767 32767 32767 160 139 76 143 146 126 135 119 145 150 149 100 121 151 152 122 146 126 172 149 145 148 148 149 149 146 143 137 154 181 216 212 201 177 149
-9999 -9999 61 127 159 100 32767 45 96 153 139 117 102 103 70 73 117 139 139 116 99 114 61 42 153 198 201 186 206 122 57 9 66 64 3 4 3 32767 32767 32767 32767 32767 32767 32767 32767 32767 32767 15 32767 96 101 32767 32767 190 168 125 128 124 147 167 171 18 72 96 19 22 22 21 13 111 181 169 143 138 145 158 155 144 145 150 155 158 180 211 211 191 179 149
