ValueNro_2398/ValueNro_2398_bm_kuusi_neulaset.asc
ncols        141
nrows        228
xllcorner    356256.000000000000
yllcorner    6857312.000000000000
cellsize     16.000000000000
NODATA_value -9999
[rows 156 to 194 of 228, columns 0 to 87 of 141]
-9999 -9999 18 171 297 32767 32767 462 242 432 115 492 127 132 230 175 324 385 435 410 196 180 154 357 326 176 237 227 431 86 35 42 71 66 36 22 22 29 67 32767 32767 32767 32767 32767 32767 32767 32767 32767 32767 32767 0 32767 32767 105 188 277 102 291 278 90 289 45 50 56 59 54 38 37 44 71 327 479 191 14 26 33 56 0 0 22 52 12 174 497 517 478 182 0
-9999 -9999 87 326 272 19 2 194 501 527 426 469 151 304 394 352 228 232 200 197 209 156 385 342 577 547 429 329 182 369 272 71 50 67 70 37 9 32767 132 167 32767 32767 32767 32767 32767 32767 32767 32767 32767 32767 32767 237 377 202 131 370 289 203 201 279 206 74 36 34 37 34 0 0 0 96 102 258 124 4 14 47 3 0 3 3 18 26 154 483 450 395 190 0
-9999 -9999 149 266 67 21 0 273 689 633 155 199 355 406 353 147 133 161 95 169 157 164 206 173 496 34 11 18 114 421 662 405 156 68 50 81 46 32767 309 39 150 32767 32767 32767 32767 32767 32767 32767 32767 32767 32767 22 226 268 131 91 109 335 452 211 256 90 40 31 31 30 0 0 0 75 84 333 156 116 0 0 3 4 4 4 2 51 48 293 223 279 124 5
-9999 -9999 86 117 83 66 78 401 149 153 148 185 542 279 203 184 129 106 166 183 114 163 225 487 556 100 24 26 483 1058 597 254 142 90 41 23 43 36 131 128 30 32767 32767 32767 32767 32767 32767 32767 32767 32767 32767 32767 261 481 211 208 338 216 516 406 282 269 72 44 37 33 31 0 0 46 0 107 335 318 16 0 4 4 4 4 3 19 60 162 448 441 373 12
-9999 -9999 0 0 7 26 58 273 177 205 179 117 180 260 124 128 150 153 131 205 118 282 214 484 158 171 13 24 116 385 429 80 109 79 42 0 32767 8 169 198 334 39 133 141 32767 32767 32767 32767 32767 32767 30 32767 0 489 552 388 472 356 275 189 220 203 264 77 47 43 7 6 0 55 20 375 282 286 65 17 4 4 3 3 3 3 0 187 295 432 411 132
-9999 -9999 -9999 0 7 63 203 242 272 199 154 154 203 151 183 134 242 247 182 140 167 310 220 145 159 175 228 138 151 410 248 197 43 162 3 3 32767 246 214 363 351 510 176 271 266 32767 32767 32767 32767 32767 32767 32767 32767 104 861 773 388 104 398 339 326 198 62 211 58 40 10 9 9 43 61 412 345 275 199 32 3 4 4 4 3 4 3 54 109 455 340 325
-9999 -9999 -9999 12 0 40 136 176 188 202 259 154 274 277 150 241 252 208 138 136 227 290 244 208 91 636 572 341 289 458 427 494 564 558 125 108 32767 284 518 471 491 499 151 220 138 132 32767 32767 32767 32767 32767 32767 32767 0 667 410 344 115 295 235 152 163 207 235 49 66 12 9 15 0 2 255 282 222 103 54 20 25 30 32 4 4 3 0 60 317 448 338
-9999 -9999 -9999 -9999 2 28 237 270 249 280 296 280 267 205 207 265 164 145 209 247 169 206 209 20 20 125 155 364 465 408 266 157 177 237 59 17 123 245 122 215 153 233 264 158 227 166 42 32767 32767 32767 32767 32767 32767 32767 278 507 448 343 340 118 110 201 173 327 54 71 38 12 12 9 0 240 191 369 306 215 46 2 30 34 32 4 3 3 47 498 359 414
-9999 -9999 -9999 -9999 -9999 41 253 197 173 149 281 279 311 286 178 200 193 199 255 249 212 138 21 19 79 141 126 187 487 387 151 130 132 186 99 32767 31 161 245 254 108 120 184 229 486 201 10 32767 32767 32767 32767 32767 32767 32767 32767 137 574 153 153 119 217 130 31 43 36 48 46 15 12 11 0 85 174 331 420 262 80 51 0 3 29 4 3 3 71 647 295 345
-9999 -9999 -9999 -9999 -9999 -9999 259 172 286 321 359 116 393 236 267 223 144 190 176 183 218 37 224 235 379 583 410 400 674 540 99 130 181 167 268 32767 12 258 143 124 32 128 360 439 220 133 15 32767 32767 32767 32767 32767 32767 32767 32767 0 492 130 43 227 295 198 210 181 21 48 75 13 12 11 3 21 160 279 399 217 8 21 21 0 4 4 3 3 0 393 485 103
-9999 -9999 -9999 -9999 -9999 -9999 54 229 63 116 61 41 265 378 298 206 189 166 154 121 259 230 174 137 494 39 527 444 483 209 181 161 95 253 13 3 237 161 139 168 118 270 437 500 604 141 151 32767 32767 32767 32767 32767 32767 331 32767 32767 29 531 130 164 156 299 300 229 230 15 54 43 13 12 10 3 50 155 336 203 90 254 27 0 0 4 3 7 0 293 406 169
-9999 -9999 -9999 -9999 -9999 -9999 239 251 34 60 42 25 56 56 122 168 171 189 184 318 56 182 217 219 162 417 627 827 427 184 146 156 378 305 32767 6 141 10 14 176 264 131 560 609 592 132 108 11 32767 32767 32767 32767 32767 642 150 32767 0 400 357 156 108 274 322 187 228 197 49 72 45 11 9 9 0 225 181 232 381 515 188 45 0 3 4 10 0 226 158 135
-9999 -9999 -9999 -9999 -9999 -9999 144 278 335 126 40 60 40 374 388 212 173 200 60 393 393 301 196 160 350 510 389 367 371 144 184 141 334 52 32767 3 11 25 33 138 264 461 554 646 601 137 85 32767 32767 32767 32767 32767 21 184 384 32767 32767 162 506 194 133 124 361 188 244 18 48 42 14 10 5 9 18 50 69 127 210 32767 32767 136 19 3 4 3 7 2 364 100
-9999 -9999 -9999 -9999 -9999 -9999 112 138 318 238 226 246 74 64 52 213 160 117 141 272 144 196 143 485 455 96 49 117 384 128 185 181 160 35 0 7 11 11 159 219 434 574 581 658 200 91 13 32767 32767 32767 32767 32767 32767 402 384 199 32767 32767 329 193 348 85 175 101 250 27 37 45 12 6 0 3 26 27 14 4 261 199 210 32767 23 3 4 4 7 3 28 152
-9999 -9999 -9999 -9999 -9999 -9999 329 568 83 174 275 208 208 32 49 262 418 234 269 175 174 284 589 622 415 11 0 34 212 615 388 211 415 32767 24 10 50 203 173 187 205 197 139 200 458 168 19 32767 32767 32767 32767 32767 32767 21 327 837 32767 32767 52 126 66 175 209 411 92 21 24 74 14 10 0 38 53 59 21 17 0 4 126 32767 30 2 4 4 7 7 3 3
-9999 -9999 -9999 -9999 -9999 -9999 -9999 445 251 71 379 385 116 25 159 234 34 10 11 312 141 399 384 645 136 0 0 50 88 174 501 104 113 25 39 32 74 225 196 183 133 129 255 297 166 311 20 32767 32767 32767 32767 32767 32767 31 120 286 279 32767 32767 249 84 133 141 363 86 162 18 82 41 10 42 38 0 27 84 27 0 0 9 207 85 26 2 4 0 7 7 45
-9999 -9999 -9999 -9999 -9999 -9999 -9999 43 9 242 395 411 805 163 219 271 39 0 26 296 125 311 487 488 364 30 0 46 254 61 193 176 32767 443 187 107 92 57 234 482 549 348 389 415 273 122 92 32767 32767 32767 32767 32767 32767 32767 43 242 746 213 32767 21 115 121 150 197 110 164 151 80 42 10 35 58 22 25 56 35 15 0 23 157 278 63 23 3 32 4 3 43
-9999 -9999 -9999 -9999 -9999 -9999 -9999 -9999 21 137 560 773 937 655 483 200 222 24 140 389 213 54 143 446 492 513 386 316 270 152 384 209 32767 198 407 263 51 68 62 66 250 658 501 700 234 669 32767 32767 32767 32767 32767 32767 32767 32767 52 313 541 768 32767 32767 177 144 107 88 286 261 300 85 36 9 23 76 0 16 46 26 70 58 21 429 32767 389 40 3 29 3 3 3
-9999 -9999 -9999 -9999 -9999 -9999 -9999 -9999 -9999 11 229 439 464 943 587 1022 164 317 186 360 195 120 63 296 242 236 1157 485 416 145 392 196 114 391 236 230 218 29 47 109 471 334 379 429 441 32767 32767 89 32767 32767 32767 32767 32767 32767 45 186 574 488 102 32767 0 795 167 164 239 226 296 87 38 10 38 73 27 26 43 73 65 0 5 424 32767 426 30 21 0 0 0 0
-9999 -9999 -9999 -9999 -9999 -9999 -9999 -9999 -9999 -9999 17 326 1272 1243 1144 579 771 716 735 202 18 207 139 293 188 180 402 464 397 450 228 32767 222 190 210 39 79 34 25 41 422 205 505 193 223 32767 32767 8 0 32767 32767 32767 32767 32767 193 211 446 290 696 32767 32767 214 241 174 278 205 426 153 68 3 0 19 61 83 9 0 3 0 11 252 32767 230 205 37 23 68 0 14
-9999 -9999 -9999 -9999 -9999 -9999 -9999 -9999 -9999 -9999 41 247 897 1227 1053 988 259 280 928 307 178 101 211 151 306 168 468 689 895 281 32767 70 523 507 297 348 34 2 0 89 523 644 257 286 248 282 32767 32767 32767 32767 32767 32767 32767 32767 32767 270 418 468 488 177 32767 32767 288 82 322 183 376 97 0 12 13 68 96 0 0 0 7 8 7 248 453 381 274 133 14 180 34 52
-9999 -9999 -9999 -9999 -9999 -9999 -9999 -9999 215 267 715 486 724 1091 1363 999 789 273 682 178 204 115 204 194 318 213 191 632 308 308 128 414 127 384 176 88 11 10 36 107 114 786 175 278 239 531 32767 32767 32767 32767 32767 32767 32767 32767 32767 386 543 589 325 256 32767 32767 216 278 311 227 329 281 369 225 214 55 0 0 0 9 7 8 43 325 535 32767 400 343 13 0 63 106
-9999 -9999 -9999 -9999 -9999 -9999 -9999 -9999 311 678 507 371 463 351 449 416 306 500 723 199 164 130 130 157 224 230 137 407 165 32767 416 201 398 12 101 252 4 19 378 357 651 563 141 202 183 541 220 32767 32767 32767 32767 32767 32767 32767 32767 128 367 220 463 600 243 32767 32767 605 153 400 716 854 652 398 453 331 0 0 7 0 7 41 428 408 422 638 32767 432 297 339 283 25
-9999 -9999 -9999 -9999 -9999 -9999 -9999 -9999 128 181 531 166 110 461 32 238 889 1021 941 284 350 162 41 133 101 286 297 10 32767 23 142 70 308 2 11 50 20 106 211 184 508 311 51 138 223 442 741 76 32767 32767 32767 32767 32767 32767 32767 32767 194 138 368 582 921 21 32767 0 452 349 826 757 474 554 420 460 0 7 0 11 39 233 404 404 322 404 642 32767 579 505 226 14
-9999 -9999 -9999 -9999 -9999 -9999 -9999 -9999 46 35 8 38 61 32767 75 146 194 398 582 320 365 52 287 407 388 49 28 32767 0 129 62 74 137 43 3 4 9 474 278 112 252 533 261 60 343 302 568 198 32767 32767 32767 32767 32767 32767 32767 32767 32767 36 94 219 201 479 32767 32767 335 238 112 201 357 467 387 153 13 5 0 0 153 337 413 363 399 373 246 713 795 474 191 20
-9999 -9999 -9999 -9999 -9999 -9999 -9999 -9999 649 0 32767 32767 32767 32767 32767 32767 0 28 37 218 229 464 48 54 32767 32767 17 32 0 146 406 30 60 162 19 31 389 236 439 116 178 325 476 397 314 469 555 355 714 520 32767 32767 32767 32767 32767 32767 32767 150 144 313 405 621 514 32767 50 64 211 190 0 90 219 274 12 22 4 9 52 333 505 378 456 482 325 664 681 32767 270 0
-9999 -9999 -9999 -9999 -9999 -9999 -9999 -9999 32767 726 323 59 60 42 71 8 79 32767 32767 0 0 0 32767 32767 31 72 92 95 0 13 28 41 86 272 667 44 561 371 63 250 130 146 469 436 320 387 345 418 423 1007 938 827 552 260 213 32767 32767 32767 483 433 344 502 650 32767 32767 77 117 0 2 0 102 229 7 15 12 0 46 519 357 766 759 643 716 711 376 154 237 15
-9999 -9999 -9999 -9999 -9999 -9999 -9999 -9999 166 816 472 441 212 64 269 45 0 0 0 0 0 36 177 405 490 256 88 6 60 144 204 143 322 209 101 532 644 935 131 313 70 151 303 347 300 400 272 122 458 464 664 633 460 218 442 320 505 242 561 1100 951 628 1080 78 32767 32767 32 102 24 43 0 71 261 11 12 112 291 476 805 766 755 914 707 773 348 80 313 272
-9999 -9999 -9999 -9999 -9999 -9999 -9999 -9999 -9999 -9999 975 994 735 346 59 132 14 0 0 63 55 221 197 161 74 49 44 134 175 256 355 58 54 347 326 531 1037 1000 772 111 43 120 146 139 270 161 260 126 542 448 568 282 116 135 151 176 639 510 403 1112 970 653 1348 708 251 32767 92 156 31 35 74 0 174 305 275 379 622 771 891 768 763 928 807 524 395 143 32767 760
-9999 -9999 -9999 -9999 -9999 -9999 -9999 -9999 -9999 -9999 1065 989 930 469 216 73 92 24 176 60 63 48 27 32 42 78 55 50 17 20 61 33 11 163 515 650 1145 1458 1193 702 482 621 523 122 255 222 259 253 394 555 532 393 133 376 195 161 230 182 292 374 1425 986 1019 1078 940 32767 32767 124 0 28 0 43 64 256 492 677 628 766 773 794 801 791 801 424 553 545 581 915
-9999 -9999 -9999 -9999 -9999 -9999 -9999 -9999 515 991 806 780 840 607 483 179 390 402 270 190 37 44 51 51 44 49 52 73 26 0 29 2 193 359 1110 1080 1118 1105 1160 1233 1029 500 359 102 258 268 410 381 264 450 476 183 93 93 192 400 125 211 210 115 644 1203 1117 1100 1221 12 32767 59 0 0 0 32 35 366 619 644 902 808 812 772 559 812 742 593 562 540 315 233
-9999 -9999 -9999 -9999 -9999 -9999 -9999 -9999 361 382 563 587 340 507 328 236 347 238 17 30 24 0 47 0 0 2 2 14 19 35 34 171 285 775 1149 1280 1078 1062 1068 1096 1034 898 1203 477 123 334 150 109 163 531 398 261 162 13 130 113 293 232 73 581 164 487 1195 1108 1174 900 32767 32767 168 72 3 3 4 30 153 772 914 933 968 969 798 389 631 551 674 274 284 225
-9999 -9999 -9999 -9999 -9999 -9999 -9999 32767 302 400 359 410 446 348 323 281 384 20 49 33 34 0 0 0 0 0 0 0 68 7 42 125 209 500 1027 996 817 1006 1083 1352 1011 676 656 667 98 95 143 123 490 19 42 41 55 39 3 171 601 601 182 21 630 152 1424 1300 901 1011 393 32767 97 104 52 0 3 30 32 782 438 703 742 890 960 536 744 738 642 59 118 92
-9999 -9999 -9999 -9999 -9999 -9999 -9999 32767 166 345 433 468 241 419 323 192 133 39 21 2 0 0 0 0 0 5 13 60 48 269 268 526 379 517 898 1175 993 1015 809 644 993 578 647 524 439 819 356 204 365 386 152 145 73 71 74 60 281 19 27 13 642 175 969 1052 1325 797 959 32767 32767 99 56 0 2 0 537 972 599 1437 1082 1126 1059 402 481 729 597 655 159 118
-9999 -9999 -9999 -9999 -9999 -9999 172 32767 251 392 410 255 189 335 118 13 201 137 11 26 23 0 0 0 0 15 29 200 147 342 122 306 754 1186 691 811 853 754 742 593 710 839 1167 626 937 1059 875 559 322 1129 307 626 143 41 41 56 86 169 27 49 433 81 506 612 1097 871 1057 248 32767 0 245 0 81 40 1203 1223 1127 1016 1114 1127 1442 689 743 921 1200 741 530 375
-9999 -9999 -9999 -9999 -9999 169 409 32767 266 488 123 157 292 440 163 4 198 195 42 123 139 2 35 58 53 320 310 282 201 148 124 697 498 780 938 995 934 595 569 737 419 499 380 346 527 692 710 538 1255 1289 1237 893 492 351 143 204 86 160 66 2 10 552 272 694 1198 1042 595 962 32767 32767 171 38 81 114 1168 1146 1068 914 644 775 1219 905 860 1102 854 471 287 442
-9999 -9999 -9999 -9999 -9999 328 408 32767 217 357 120 166 267 440 21 4 0 511 431 505 210 20 10 267 207 379 449 162 216 423 508 266 542 1175 1032 1243 1025 1147 654 810 498 383 265 469 457 548 545 873 981 854 856 798 870 484 91 182 227 187 62 37 3 594 148 831 1300 1363 920 904 32767 32767 78 160 191 569 1013 657 870 694 748 556 683 825 951 967 936 684 510 418
-9999 -9999 -9999 -9999 75 241 128 32767 175 280 553 139 616 407 22 11 280 333 535 453 564 83 507 187 147 191 330 315 338 315 527 470 761 1047 1095 1041 1351 888 424 307 233 351 320 343 424 486 459 1008 1365 859 1167 1058 1040 997 555 208 439 39 304 164 43 136 245 1234 1180 1451 1272 841 987 32767 32767 109 74 70 503 657 710 705 878 811 640 -9999 -9999 -9999 841 911 807 504
-9999 -9999 -9999 -9999 112 127 74 32767 188 459 380 422 557 469 260 12 167 334 404 380 519 81 24 505 558 560 201 359 362 158 302 293 523 1323 991 1057 879 429 440 296 440 356 145 274 337 458 1235 1356 841 1104 882 935 1029 1037 504 530 133 505 270 337 304 203 94 668 1245 1430 1250 1112 669 32767 32767 90 87 -9999 -9999 -9999 -9999 -9999 -9999 -9999 -9999 -9999 -9999 -9999 -9999 -9999 -9999 -9999
