ValueNro_2398/ValueNro_2398_dem_16m_aggr.asc
ncols        141
nrows        228
xllcorner    356256.000000000000
yllcorner    6857312.000000000000
cellsize     16.000000000000
NODATA_value  -9999
[rows 40 to 59 of 228, columns 92 to 137 of 141]
176.2689056396484375 171.9024810791015625 169.88885498046875 170.315704345703125 170.89556884765625 174.5187835693359375 175.98638916015625 176.6771392822265625 178.2077178955078125 179.8245391845703125 182.365447998046875 182.8563690185546875 182.8669586181640625 182.5245819091796875 181.7981109619140625 182.5728759765625 185.0699005126953125 187.7800445556640625 188.231353759765625 186.8945770263671875 185.763824462890625 186.7378692626953125 187.4853515625 187.087127685546875 -9999 -9999 -9999 -9999 -9999 -9999 -9999 -9999 -9999 -9999 -9999 -9999 -9999 -9999 -9999 -9999 -9999 -9999 -9999 -9999 -9999 -9999
175.1831207275390625 172.8211669921875 169.174041748046875 169.30401611328125 169.3040618896484375 171.3480072021484375 173.978179931640625 175.715972900390625 175.0458221435546875 178.3306732177734375 183.163665771484375 183.233245849609375 182.5937042236328125 182.5876312255859375 180.46942138671875 181.2293548583984375 183.921844482421875 186.5323944091796875 187.2755889892578125 186.62225341796875 185.5041961669921875 185.4437713623046875 186.13946533203125 185.923065185546875 -9999 -9999 -9999 -9999 -9999 -9999 -9999 -9999 -9999 -9999 -9999 -9999 -9999 -9999 -9999 -9999 -9999 -9999 -9999 -9999 -9999 -9999
175.2757415771484375 173.7486724853515625 169.311859130859375 167.5275726318359375 167.45855712890625 167.76824951171875 170.1166229248046875 172.2075958251953125 172.77996826171875 177.8367919921875 182.482391357421875 183.0246734619140625 182.211517333984375 181.88665771484375 180.4483184814453125 180.59124755859375 183.0196075439453125 185.03155517578125 185.8729400634765625 185.8502349853515625 185.4868011474609375 184.2749176025390625 184.5651397705078125 184.4229583740234375 183.838043212890625 -9999 -9999 -9999 -9999 -9999 -9999 -9999 -9999 -9999 -9999 -9999 -9999 -9999 -9999 -9999 -9999 -9999 -9999 -9999 -9999 -9999
174.7461395263671875 173.3555908203125 170.6797027587890625 165.859130859375 165.3470001220703125 165.3492431640625 166.5930328369140625 168.6959686279296875 171.9315338134765625 177.69635009765625 180.569580078125 181.190704345703125 181.464599609375 181.1634979248046875 180.13238525390625 180.36016845703125 182.48681640625 184.64410400390625 185.25360107421875 185.0569305419921875 184.83477783203125 183.403167724609375 182.9205474853515625 183.1888275146484375 182.5884246826171875 -9999 -9999 -9999 -9999 -9999 -9999 -9999 -9999 -9999 -9999 -9999 -9999 -9999 -9999 -9999 -9999 -9999 -9999 -9999 -9999 -9999
174.370941162109375 173.267486572265625 171.8853607177734375 165.3459625244140625 163.6051177978515625 163.9048919677734375 164.1873626708984375 166.4901275634765625 170.443878173828125 176.6861572265625 179.130340576171875 179.775543212890625 179.9670562744140625 179.5280914306640625 178.757904052734375 180.2646484375 182.406158447265625 184.7371978759765625 185.37774658203125 184.61456298828125 183.329559326171875 182.1520843505859375 181.4635772705078125 181.7401275634765625 181.38568115234375 180.848602294921875 -9999 -9999 -9999 -9999 -9999 -9999 -9999 -9999 -9999 -9999 -9999 -9999 -9999 -9999 -9999 -9999 -9999 -9999 -9999 -9999
173.7664642333984375 173.7669677734375 172.0874786376953125 165.575408935546875 162.950225830078125 162.801666259765625 163.3061981201171875 164.940765380859375 168.9338531494140625 175.1134796142578125 178.496856689453125 179.15277099609375 178.93096923828125 177.783721923828125 177.73162841796875 179.911102294921875 181.9349822998046875 184.2904052734375 185.2527618408203125 184.2971649169921875 182.63720703125 181.406585693359375 180.800872802734375 180.68280029296875 181.0043182373046875 181.1474761962890625 179.8414459228515625 -9999 -9999 -9999 -9999 -9999 -9999 -9999 -9999 -9999 -9999 -9999 -9999 -9999 -9999 -9999 -9999 -9999 -9999 -9999
172.6936492919921875 173.0857696533203125 172.6656341552734375 166.8086395263671875 162.709808349609375 162.342132568359375 162.77410888671875 163.34912109375 168.3856964111328125 174.0810089111328125 177.805816650390625 178.41033935546875 178.595306396484375 177.08880615234375 177.654083251953125 178.855133056640625 180.720947265625 183.0872344970703125 184.4952545166015625 183.980194091796875 182.67193603515625 181.23077392578125 180.5042572021484375 180.513031005859375 180.7578125 180.8290557861328125 180.1491241455078125 178.8071746826171875 179.5327606201171875 180.363250732421875 180.4171295166015625 181.65399169921875 -9999 -9999 -9999 -9999 -9999 -9999 -9999 -9999 -9999 -9999 -9999 -9999 -9999 -9999
172.3764495849609375 172.8500823974609375 172.550689697265625 168.0414581298828125 162.51959228515625 162.2323150634765625 162.284637451171875 162.5228271484375 167.1546783447265625 173.1309661865234375 176.2606658935546875 177.0302886962890625 177.16595458984375 176.2263946533203125 177.3083953857421875 177.9180145263671875 179.233734130859375 181.63134765625 183.220123291015625 183.1218719482421875 182.4067840576171875 180.8801727294921875 179.968597412109375 180.6632537841796875 180.923370361328125 180.1949615478515625 179.6070556640625 178.66424560546875 178.978118896484375 179.8856964111328125 180.2601318359375 180.5037384033203125 -9999 -9999 -9999 -9999 -9999 -9999 -9999 -9999 -9999 -9999 -9999 -9999 -9999 -9999
172.52264404296875 172.4784698486328125 172.0359039306640625 168.8237152099609375 162.713287353515625 162.129638671875 162.1555633544921875 162.216766357421875 166.08843994140625 171.627044677734375 174.5980987548828125 175.6372222900390625 175.5111846923828125 175.21307373046875 176.7158966064453125 177.3711090087890625 178.56304931640625 180.16253662109375 182.158416748046875 182.8926239013671875 182.8839111328125 180.6039886474609375 179.780364990234375 180.5042572021484375 180.3400115966796875 179.2137298583984375 178.9038543701171875 178.696929931640625 178.7984466552734375 179.91571044921875 180.9545745849609375 -9999 -9999 -9999 -9999 -9999 -9999 -9999 -9999 -9999 -9999 -9999 -9999 -9999 -9999 -9999
172.5230712890625 171.489715576171875 171.1627349853515625 169.655792236328125 163.92132568359375 162.0491485595703125 162.089202880859375 162.19842529296875 165.7492828369140625 170.4626007080078125 173.9804534912109375 174.7006378173828125 174.5428619384765625 175.1260833740234375 176.1300811767578125 176.8564300537109375 177.7849273681640625 179.4044189453125 181.4894866943359375 183.2208404541015625 183.8791351318359375 181.2757415771484375 179.80633544921875 180.1315765380859375 179.42462158203125 178.652099609375 178.5555572509765625 178.6593475341796875 178.4048309326171875 179.4642486572265625 -9999 -9999 -9999 -9999 -9999 -9999 -9999 -9999 -9999 -9999 -9999 -9999 -9999 -9999 -9999 -9999
172.8134918212890625 171.0341339111328125 170.41119384765625 170.1373748779296875 165.8487396240234375 162.0559539794921875 162.0154876708984375 162.19415283203125 165.142974853515625 169.784210205078125 173.7470703125 174.6317291259765625 174.59765625 174.7853851318359375 175.016143798828125 176.52947998046875 177.209442138671875 178.7062835693359375 180.8632049560546875 183.056732177734375 183.8460845947265625 182.4052734375 179.8936004638671875 179.8966827392578125 179.26416015625 178.6145782470703125 178.55731201171875 178.9085845947265625 178.0312042236328125 -9999 -9999 -9999 -9999 -9999 -9999 -9999 -9999 -9999 -9999 -9999 -9999 -9999 -9999 -9999 -9999 -9999
172.731842041015625 170.2637786865234375 169.89166259765625 170.3264312744140625 166.9442138671875 162.085601806640625 161.927032470703125 162.0708770751953125 164.46435546875 169.2161407470703125 172.3431549072265625 174.3518524169921875 174.8069305419921875 174.2050323486328125 174.247283935546875 175.5254364013671875 176.5635223388671875 178.004425048828125 180.52166748046875 182.9322357177734375 183.0526123046875 182.354827880859375 180.061614990234375 179.4584808349609375 178.825042724609375 178.81036376953125 178.6731109619140625 177.74151611328125 176.963623046875 -9999 -9999 -9999 -9999 -9999 -9999 -9999 -9999 -9999 -9999 -9999 -9999 -9999 -9999 -9999 -9999 -9999
172.669342041015625 169.7984466552734375 169.572174072265625 170.38531494140625 167.680145263671875 162.25579833984375 161.7100067138671875 161.8712615966796875 163.2174072265625 167.2793426513671875 170.175018310546875 173.521881103515625 174.767669677734375 174.060516357421875 173.9827880859375 174.6487884521484375 176.46759033203125 176.9842987060546875 179.386077880859375 182.0902862548828125 181.959320068359375 181.1538238525390625 179.8057708740234375 178.40203857421875 177.4989166259765625 178.204315185546875 177.9940643310546875 176.407623291015625 175.3979644775390625 175.5704803466796875 -9999 -9999 -9999 -9999 -9999 -9999 -9999 -9999 -9999 -9999 -9999 -9999 -9999 -9999 -9999 -9999
172.350006103515625 169.640228271484375 169.31634521484375 169.5395050048828125 167.96466064453125 163.19940185546875 161.59002685546875 161.678131103515625 162.1676177978515625 164.512481689453125 168.770599365234375 173.3462982177734375 174.987945556640625 173.7743072509765625 173.7100372314453125 174.5731658935546875 176.0158538818359375 175.568023681640625 178.24505615234375 180.050201416015625 180.353302001953125 178.4881744384765625 177.1054534912109375 176.6782379150390625 176.805267333984375 177.310211181640625 177.0756683349609375 175.982513427734375 174.3134765625 173.415802001953125 173.420013427734375 -9999 -9999 -9999 -9999 -9999 -9999 -9999 -9999 -9999 -9999 -9999 -9999 -9999 -9999 -9999
171.705413818359375 169.72100830078125 168.9092559814453125 168.151947021484375 167.8519134521484375 164.74884033203125 161.4212188720703125 161.42535400390625 161.6753692626953125 162.6414947509765625 166.694183349609375 172.6234130859375 174.6632232666015625 173.262420654296875 173.0617218017578125 174.674102783203125 174.862701416015625 174.7989501953125 176.339447021484375 177.65423583984375 177.7598724365234375 176.2335052490234375 175.0702667236328125 175.313018798828125 176.707672119140625 176.8212432861328125 176.3153839111328125 175.810394287109375 174.1555328369140625 171.9897918701171875 171.5415802001953125 -9999 -9999 -9999 -9999 -9999 -9999 -9999 -9999 -9999 -9999 -9999 -9999 -9999 -9999 -9999
171.272064208984375 169.4428863525390625 167.7132415771484375 166.7499237060546875 167.0050506591796875 164.4940185546875 161.2896728515625 161.2234344482421875 161.3673095703125 161.8269500732421875 167.831817626953125 174.0030670166015625 174.6358795166015625 172.8090057373046875 172.9243927001953125 174.156829833984375 173.77081298828125 173.98175048828125 175.015655517578125 175.64996337890625 176.23175048828125 175.2362518310546875 174.8551788330078125 175.4714813232421875 177.8282318115234375 177.1876220703125 176.0364990234375 175.9817047119140625 174.3306884765625 170.9070281982421875 169.968505859375 -9999 -9999 -9999 -9999 -9999 -9999 -9999 -9999 -9999 -9999 -9999 -9999 -9999 -9999 -9999
171.32281494140625 168.9939422607421875 167.05889892578125 166.2583770751953125 165.6245574951171875 163.2489776611328125 161.258209228515625 161.1392059326171875 161.2263641357421875 161.6985626220703125 168.9497222900390625 174.2960968017578125 174.3712158203125 172.475372314453125 172.63348388671875 172.929443359375 173.0489044189453125 172.549957275390625 173.7604827880859375 173.7526397705078125 174.228973388671875 174.79254150390625 175.0296173095703125 177.129913330078125 178.34344482421875 176.988372802734375 175.3258056640625 174.9231109619140625 174.2620391845703125 169.9801025390625 168.5028533935546875 -9999 -9999 -9999 -9999 -9999 -9999 -9999 -9999 -9999 -9999 -9999 -9999 -9999 -9999 -9999
171.2599639892578125 169.9933013916015625 167.7507171630859375 166.8174285888671875 164.3445892333984375 161.8319854736328125 161.1936492919921875 161.0499420166015625 161.134735107421875 161.806060791015625 167.51776123046875 172.964324951171875 172.897003173828125 172.1003265380859375 171.7348175048828125 171.8562469482421875 171.65130615234375 171.2932586669921875 171.92034912109375 172.709197998046875 173.964874267578125 175.09332275390625 176.074615478515625 177.2090301513671875 177.7509002685546875 176.935089111328125 174.6760711669921875 173.8072052001953125 172.3885498046875 168.9119415283203125 167.0900421142578125 167.07171630859375 -9999 -9999 -9999 -9999 -9999 -9999 -9999 -9999 -9999 -9999 -9999 -9999 -9999 -9999
170.827911376953125 170.041015625 169.3335113525390625 167.94293212890625 164.30059814453125 161.5759735107421875 161.1107330322265625 161.0124359130859375 161.193878173828125 161.78472900390625 166.3262786865234375 171.13134765625 171.7443084716796875 171.069854736328125 171.10791015625 172.3344879150390625 171.707855224609375 170.957061767578125 171.036956787109375 172.505035400390625 174.5887603759765625 175.5702056884765625 175.6678009033203125 175.675201416015625 176.1017608642578125 175.9114532470703125 174.0199432373046875 173.0116424560546875 172.3782501220703125 168.561004638671875 166.279388427734375 165.9499053955078125 166.509368896484375 168.1396026611328125 -9999 -9999 -9999 -9999 -9999 -9999 -9999 -9999 -9999 -9999 -9999 -9999
170.648681640625 169.6369781494140625 169.142669677734375 167.77899169921875 165.22784423828125 161.4381561279296875 161.004730224609375 160.9288330078125 161.2112884521484375 161.7747344970703125 165.0848236083984375 169.751922607421875 170.5589141845703125 170.50457763671875 171.261474609375 172.57037353515625 171.6071319580078125 171.0628509521484375 171.3378753662109375 173.6235198974609375 175.5164642333984375 175.51947021484375 175.1158294677734375 174.4995574951171875 174.491607666015625 174.4271240234375 173.612640380859375 172.635040283203125 172.5782623291015625 170.279510498046875 166.449462890625 165.1112518310546875 165.50103759765625 167.3881378173828125 170.18707275390625 172.884918212890625 -9999 -9999 -9999 -9999 -9999 -9999 -9999 -9999 -9999 -9999
