ValueNro_2398/ValueNro_2398_bm_manty_neulaset.asc
ncols        141
nrows        228
xllcorner    356256.000000000000
yllcorner    6857312.000000000000
cellsize     16.000000000000
NODATA_value -9999
[rows 120 to 159 of 228, columns 0 to 89 of 141]
-9999 -9999 -9999 -9999 -9999 -9999 -9999 -9999 -9999 -9999 -9999 -9999 -9999 -9999 -9999 -9999 -9999 -9999 32767 65 141 187 121 116 171 245 71 235 38 6 102 53 66 185 32767 32767 32767 32767 254 275 202 158 170 164 159 312 218 197 202 199 237 208 32767 157 118 143 158 175 192 197 256 262 276 302 281 281 273 226 158 120 8 0 0 12 45 32767 32767 32767 32767 32767 32767 32767 32767 32767 32767 32767 9 0 0 0
-9999 -9999 -9999 -9999 -9999 -9999 -9999 -9999 -9999 -9999 -9999 -9999 -9999 -9999 -9999 -9999 -9999 -9999 32767 32767 32767 163 218 284 159 181 148 102 134 45 84 296 233 32767 32767 32767 32767 32767 167 282 263 240 241 305 226 215 150 127 219 178 226 213 239 237 185 209 178 170 185 159 192 258 224 234 236 168 232 247 211 134 0 0 0 0 32767 32767 32767 32767 32767 32767 32767 32767 32767 32767 32767 32767 0 0 1 52
-9999 -9999 -9999 -9999 -9999 -9999 -9999 -9999 -9999 -9999 -9999 -9999 -9999 -9999 -9999 -9999 -9999 -9999 -9999 32767 32767 32767 156 193 304 95 179 67 53 100 298 237 279 32767 32767 32767 32767 124 169 182 159 235 186 320 286 281 120 214 216 276 262 203 280 32767 176 285 247 214 209 226 228 283 216 215 226 192 162 260 82 34 0 1 0 2 32767 32767 32767 32767 32767 32767 32767 32767 32767 32767 32767 32767 0 8 18 50
-9999 -9999 -9999 -9999 -9999 -9999 -9999 -9999 -9999 -9999 -9999 -9999 -9999 -9999 -9999 -9999 -9999 -9999 -9999 56 36 32767 32767 136 152 278 80 70 104 80 126 204 32767 184 237 151 196 236 105 192 250 198 240 278 198 245 260 279 282 213 277 167 210 216 136 265 267 241 254 263 228 174 228 186 94 50 70 132 30 15 1 0 15 7 32767 32767 32767 32767 32767 32767 32767 32767 32767 32767 32767 32767 0 152 14 80
-9999 -9999 -9999 -9999 -9999 -9999 -9999 -9999 -9999 -9999 -9999 -9999 -9999 -9999 -9999 -9999 -9999 -9999 -9999 94 72 93 32767 32767 135 171 244 132 29 55 278 32767 32767 138 32767 32767 45 100 58 28 45 180 227 197 154 131 277 255 143 204 217 132 151 54 32767 269 265 281 311 260 209 226 231 205 146 70 39 43 29 0 0 29 43 18 32767 32767 32767 32767 32767 32767 32767 32767 32767 32767 32767 0 32767 146 218 126
-9999 -9999 -9999 -9999 -9999 -9999 -9999 -9999 -9999 -9999 -9999 -9999 -9999 -9999 -9999 -9999 -9999 -9999 -9999 70 0 28 84 32767 32767 157 202 194 177 179 241 32767 215 32767 32767 32767 32767 27 32767 32767 32767 46 198 175 169 191 147 170 132 159 209 167 57 78 32767 288 336 322 295 264 211 184 145 77 132 103 38 14 28 15 1 84 34 0 0 32767 32767 32767 32767 32767 32767 32767 32767 5 14 0 32767 153 124 114
-9999 -9999 -9999 -9999 -9999 -9999 -9999 -9999 -9999 -9999 -9999 -9999 -9999 -9999 -9999 -9999 -9999 -9999 5 14 97 237 183 122 32767 32767 123 194 303 258 32767 32767 32767 32767 32767 32767 32767 32767 32767 32767 32767 32767 32 192 181 176 134 197 193 154 148 66 136 98 32767 197 287 363 274 227 226 230 83 159 222 89 23 15 14 61 81 28 0 0 0 32767 32767 32767 32767 32767 32767 80 34 19 3 1 32767 77 133 73
-9999 -9999 -9999 -9999 -9999 -9999 -9999 -9999 -9999 -9999 -9999 -9999 -9999 -9999 -9999 -9999 -9999 -9999 20 45 71 230 336 192 168 32767 32767 143 139 236 32767 140 127 32767 32767 32767 132 28 32767 32767 32767 32767 32767 179 56 27 118 296 111 15 8 57 72 35 83 158 133 251 278 229 260 231 187 153 114 76 28 15 24 25 0 0 0 0 0 32767 32767 32767 32767 32767 32767 136 45 44 0 0 0 32767 9 34
-9999 -9999 -9999 -9999 -9999 -9999 -9999 -9999 -9999 -9999 -9999 -9999 -9999 -9999 -9999 -9999 6 0 25 214 82 28 202 189 207 167 32767 32767 155 32767 32767 32767 173 202 192 222 32767 32767 32767 32767 32767 32767 32767 60 0 0 147 70 120 13 28 28 30 11 47 64 185 190 275 266 233 153 87 45 81 52 8 146 78 0 0 0 0 0 0 0 32767 32767 32767 37 145 104 199 32 0 0 0 32767 0 92
-9999 -9999 -9999 -9999 -9999 -9999 -9999 -9999 -9999 -9999 -9999 -9999 -9999 -9999 -9999 1 0 0 35 0 28 176 178 120 233 169 96 32767 32767 32767 103 71 32767 173 130 147 32767 32767 32767 32767 32767 32767 32767 32767 212 45 91 11 25 0 0 0 13 29 30 77 13 167 147 158 123 91 185 72 6 22 27 0 0 0 0 0 0 0 0 0 32767 32767 32767 32767 53 136 221 13 0 0 0 18 32767 19
-9999 -9999 -9999 -9999 -9999 -9999 -9999 -9999 -9999 -9999 58 83 26 1 0 0 1 2 83 119 68 136 64 150 81 224 179 87 32767 32767 168 184 177 32767 165 161 32767 32767 32767 32767 32767 32767 32767 32767 303 148 171 11 16 1 2 0 1 0 54 75 173 171 189 185 77 204 117 13 3 24 0 0 0 0 0 0 0 0 0 0 0 32767 32767 159 123 109 181 61 0 0 38 54 32767 0
-9999 -9999 -9999 -9999 -9999 -9999 -9999 -9999 -9999 173 30 93 37 0 0 0 29 24 25 62 67 178 182 32767 32767 32767 32767 198 37 32767 32767 68 237 154 32767 156 32767 32767 32767 32767 32767 32767 32767 32767 86 188 111 55 77 0 0 81 3 22 0 167 167 142 258 178 72 153 182 9 19 0 0 0 0 0 0 0 0 0 0 0 0 32767 33 174 60 0 214 63 0 86 58 145 78 32767
-9999 -9999 -9999 -9999 -9999 -9999 -9999 -9999 141 127 98 25 131 36 36 25 11 13 53 162 43 199 178 32767 32767 32767 32767 172 64 32767 32767 43 229 199 227 178 32767 32767 32767 32767 32767 32767 32767 32767 172 81 28 77 57 1 0 80 93 81 164 219 147 258 266 227 119 196 214 44 4 0 0 0 0 0 0 0 0 0 0 0 0 0 97 159 160 57 169 129 212 98 163 219 81 32767
-9999 -9999 -9999 -9999 -9999 -9999 -9999 71 61 175 280 111 57 29 15 8 27 131 56 242 142 84 45 32767 32767 32767 32767 72 32767 66 32767 32767 45 126 117 32767 30 32767 32767 32767 32767 32767 32767 32767 143 130 7 11 342 0 0 28 86 99 182 227 220 212 241 218 174 201 149 101 8 23 0 0 0 0 0 0 0 23 11 0 0 0 12 234 157 156 79 146 126 208 239 207 62 144
-9999 -9999 -9999 -9999 -9999 -9999 -9999 52 80 88 17 23 51 33 44 19 20 51 12 8 2 71 136 20 32767 61 73 18 32767 130 18 32767 32767 114 179 103 32767 32767 32767 32767 32767 32767 32767 32767 105 32767 59 65 134 0 0 0 112 182 231 232 203 205 212 196 148 186 128 111 11 84 0 0 0 0 0 50 209 118 12 0 0 0 0 154 123 83 23 31 164 111 239 165 131 117
-9999 -9999 -9999 -9999 -9999 -9999 1 1 31 44 2 2 24 23 28 1 1 33 133 11 2 11 26 8 45 92 29 60 32767 12 14 143 32767 32767 117 182 69 17 32767 32767 32767 32767 32767 17 12 81 32767 80 145 24 0 0 0 40 213 203 221 158 202 205 202 171 118 129 174 83 156 0 0 46 182 90 197 116 0 0 0 0 14 188 83 45 38 41 104 188 148 296 214 198
-9999 -9999 -9999 -9999 -9999 0 2 0 1 2 1 1 1 0 1 0 0 0 31 17 134 3 8 53 3 32767 20 13 32767 8 64 152 82 32767 32767 72 18 32767 18 32767 32767 32767 0 32767 32767 32767 213 175 78 15 0 0 0 5 67 197 230 191 247 213 193 185 130 203 201 209 146 103 94 95 207 153 232 0 0 0 0 0 16 256 141 37 45 34 47 106 98 227 268 236
-9999 -9999 -9999 -9999 0 8 2 2 0 0 0 0 0 0 0 0 0 0 0 37 56 166 57 59 46 25 8 9 15 108 75 68 131 32767 32767 12 7 0 0 32767 32767 0 32767 3 32767 32767 219 267 185 77 0 0 0 0 6 128 214 223 283 208 213 203 126 161 202 101 114 248 254 192 123 144 0 0 0 0 0 0 0 225 162 6 102 223 148 28 111 199 213 232
-9999 -9999 -9999 39 1 0 0 0 0 0 0 0 0 0 0 0 0 0 0 0 17 45 114 94 46 9 121 32767 10 43 28 14 13 32767 32767 32767 0 7 0 12 32767 32767 25 32767 32767 32767 110 90 117 98 27 0 0 0 0 61 184 203 262 285 192 150 142 165 259 136 63 118 216 159 122 139 0 0 0 0 0 0 0 167 85 126 163 192 117 110 57 199 186 233
-9999 -9999 73 2 0 0 0 0 0 1 1 1 0 0 0 0 0 0 0 0 0 0 25 24 13 7 32767 5 90 98 64 1 32767 32767 32767 32767 32767 0 7 32767 32767 32767 32767 32767 32767 32767 32767 1 0 41 60 0 0 0 0 5 192 223 260 253 163 146 132 177 220 237 139 151 192 126 176 109 60 40 0 0 59 26 0 181 203 141 95 123 54 34 117 62 152 212
29 39 36 12 35 0 24 24 0 0 0 0 0 0 0 0 0 0 0 0 0 0 0 32767 32767 15 38 38 0 16 21 32767 32767 32767 32767 32767 32767 32767 37 32767 32767 32767 32767 32767 32767 32767 32767 211 191 197 108 0 0 0 0 0 43 184 154 150 147 152 176 177 194 178 218 192 199 195 158 233 268 15 0 0 0 0 6 146 131 87 56 80 93 178 143 153 148 82
91 28 71 10 19 21 2 81 14 0 0 0 0 0 0 0 0 12 11 0 0 32767 32767 111 18 32 22 41 21 54 32767 32767 32767 32767 32767 32767 11 32767 32767 32767 32767 32767 32767 0 32767 32767 32767 227 263 245 188 0 0 0 0 15 33 103 157 198 136 152 197 183 148 154 210 109 153 205 236 222 199 91 37 0 30 120 119 191 199 92 52 208 247 250 223 131 164 175
-9999 107 41 69 51 42 12 11 2 2 25 16 42 0 13 15 42 26 0 0 32767 0 45 149 24 51 156 206 46 32767 32767 32767 32767 32767 32767 32767 32767 32767 32767 32767 32767 2 42 32767 32767 32767 211 235 207 280 250 30 0 0 0 23 45 130 196 233 252 223 214 217 194 182 202 113 153 166 260 205 204 199 133 88 100 48 8 121 190 141 138 223 288 291 274 182 76 213
-9999 -9999 -9999 121 106 9 2 12 54 14 10 20 42 0 0 0 12 14 0 0 74 94 92 18 27 27 17 249 32767 32767 32767 32767 32767 32767 32767 32767 32767 32767 32767 32767 1 48 97 32767 32767 110 155 249 189 277 277 63 0 0 0 26 87 108 195 255 236 185 176 174 186 194 154 186 173 157 259 292 245 246 222 193 266 217 135 64 230 215 222 222 279 243 314 292 201 236
-9999 -9999 -9999 236 43 3 39 2 18 12 54 11 68 70 48 29 13 32767 32767 0 55 359 156 143 42 24 192 32767 32767 32767 32767 32767 32767 32767 32767 32767 32767 32767 32767 32767 32767 32767 32767 32767 32767 32767 19 127 167 133 271 113 50 0 0 26 29 27 195 196 175 194 242 211 190 169 104 166 144 135 272 300 358 241 150 208 244 308 101 129 231 125 171 336 271 206 266 299 182 202
-9999 -9999 -9999 208 184 15 37 40 2 14 49 16 29 36 52 37 32767 14 23 47 38 57 186 39 3 29 32767 32767 32767 32767 32767 32767 32767 32767 32767 32767 32767 32767 32767 32767 32767 32767 32767 32767 32767 8 32767 107 231 258 356 275 27 0 0 69 15 156 216 174 165 213 214 178 215 211 152 168 257 160 150 302 321 207 201 180 218 252 251 85 133 79 84 247 262 150 182 243 237 194
-9999 -9999 -9999 251 206 162 90 133 56 14 23 49 61 33 31 32767 28 26 0 5 15 126 264 26 83 87 32767 32767 32767 32767 32767 32767 32767 32767 32767 32767 32767 32767 32767 32767 32767 32767 32767 32767 32767 32767 32767 225 312 187 273 323 201 0 0 71 55 177 214 227 266 247 241 213 214 214 208 156 192 201 212 282 235 245 213 203 208 168 280 251 150 140 147 339 195 103 185 153 298 221
-9999 -9999 -9999 202 267 238 120 284 142 12 26 2 82 1 2 0 3 2 24 27 16 146 217 132 61 139 158 32767 32767 32767 32767 32767 32767 32767 32767 32767 32767 32767 32767 32767 32767 32767 32767 32767 32767 160 242 236 258 207 218 326 149 5 14 70 70 190 181 184 217 217 215 214 216 217 216 203 238 218 172 239 249 234 221 223 214 247 243 208 253 72 140 158 243 104 217 214 266 271
-9999 -9999 -9999 108 153 179 47 69 130 55 23 37 59 21 32767 0 0 26 29 17 16 111 141 56 90 159 167 0 32767 32767 32767 32767 12 32767 32767 32767 32767 32767 32767 32767 32767 32767 32767 32767 32767 151 179 116 217 249 240 269 212 31 18 27 45 87 138 178 197 204 210 217 210 224 225 215 242 241 234 262 224 186 205 192 194 217 217 284 285 145 112 240 236 249 250 266 299 218
-9999 -9999 -9999 163 78 106 79 131 93 41 128 30 65 32767 45 27 33 3 12 18 53 39 197 43 65 175 175 188 185 32767 0 0 0 32767 32767 32767 32767 32767 32767 32767 32767 32767 32767 32767 32767 167 135 187 161 195 179 168 187 0 52 15 32 79 28 140 178 209 245 245 244 244 176 210 262 265 245 231 224 222 224 239 239 216 247 266 293 186 128 107 247 241 238 175 232 243
-9999 -9999 -9999 15 18 55 148 127 97 78 95 32767 132 25 21 15 15 16 75 16 58 59 164 115 166 156 119 179 54 13 0 0 0 0 32767 32767 32767 32767 32767 32767 32767 32767 32767 79 32767 32767 183 154 240 285 205 228 139 61 17 10 55 73 73 134 238 238 227 228 182 180 163 262 245 320 298 176 271 244 219 232 265 230 215 240 286 272 93 70 167 282 257 296 254 134
-9999 -9999 -9999 1 19 53 24 68 91 40 32767 9 36 28 11 14 41 5 84 77 51 21 23 33 222 117 21 197 62 0 0 0 0 0 32767 32767 32767 32767 32767 32767 32767 32767 32767 32767 104 32767 154 198 274 250 195 167 116 143 137 98 39 79 70 118 232 237 207 212 196 207 208 241 283 287 257 117 263 254 164 225 254 198 217 207 269 318 126 63 242 209 370 220 286 203
-9999 -9999 -9999 37 27 42 32 28 20 32767 8 11 13 8 31 16 48 125 6 144 25 23 9 11 72 66 17 152 52 0 0 0 0 0 16 32767 32767 32767 32767 32767 32767 32767 32767 32767 32767 32767 32767 152 199 180 208 32767 32767 184 103 125 95 58 75 35 215 196 214 196 190 203 203 197 224 268 338 112 202 244 213 231 202 180 180 214 243 295 257 69 85 250 317 318 245 147
-9999 -9999 -9999 25 24 27 28 68 32767 83 90 55 94 39 84 113 9 28 27 25 9 33 18 9 40 155 153 135 152 0 0 0 0 0 0 32767 32767 32767 32767 32767 32767 32767 32767 32767 32767 32767 32767 32767 136 166 129 32767 32767 145 266 168 91 47 71 115 167 211 190 193 201 168 173 180 210 270 241 207 250 252 201 211 186 167 216 193 247 292 289 77 123 248 311 311 172 109
-9999 -9999 -9999 8 30 31 6 32767 4 73 57 47 73 25 15 25 68 70 15 47 14 21 42 47 47 137 98 181 126 5 0 0 0 0 0 0 32767 32767 32767 32767 32767 32767 32767 32767 32767 32767 32767 32767 32767 165 32767 32767 32767 154 222 47 266 140 158 162 167 202 213 236 152 155 205 203 178 251 287 114 286 270 251 235 228 213 239 215 236 311 252 189 271 258 294 317 208 148
-9999 -9999 25 15 18 11 32767 6 14 79 93 49 26 25 26 28 13 13 14 56 24 25 42 18 117 146 169 217 292 63 0 0 41 39 0 0 0 32767 32767 32767 32767 32767 32767 32767 32767 32767 32767 33 32767 143 131 32767 32767 231 148 112 191 197 226 158 120 17 54 70 18 19 17 19 11 115 197 88 243 251 166 178 184 213 214 214 180 262 255 202 329 266 273 317 177 130
-9999 -9999 19 18 16 32767 32767 2 40 32 65 32 24 31 13 14 15 55 12 13 17 30 21 11 59 76 123 82 64 249 176 0 47 47 11 0 0 7 15 32767 32767 32767 32767 32767 32767 32767 32767 32767 32767 32767 120 32767 32767 293 276 197 146 233 121 271 40 0 0 0 0 0 0 0 0 30 185 153 227 265 253 171 203 117 119 138 146 267 337 180 231 193 278 302 171 91
-9999 -9999 1 0 13 52 0 14 34 21 2 10 42 27 71 22 14 27 27 27 15 28 72 42 112 0 23 44 42 193 228 133 19 48 48 39 10 32767 60 86 32767 32767 32767 32767 32767 32767 32767 32767 32767 32767 32767 128 215 263 264 150 158 102 89 55 44 0 0 0 0 0 0 0 0 0 84 204 273 235 195 135 71 64 39 34 42 220 190 184 163 210 304 298 215 147
-9999 -9999 1 2 1 70 51 11 11 9 24 21 27 49 50 43 32 14 26 12 14 27 12 63 28 0 36 32 137 172 206 52 36 55 52 48 3 32767 81 74 63 32767 32767 32767 32767 32767 32767 32767 32767 32767 32767 142 166 336 268 204 176 294 76 9 58 0 0 0 0 0 0 0 0 0 190 198 231 210 194 38 20 44 27 15 37 107 165 243 202 232 302 321 218 182
-9999 -9999 0 0 1 3 0 27 24 24 26 41 77 122 42 28 38 37 46 20 43 57 24 30 42 27 52 0 195 139 160 80 30 19 3 0 0 0 37 91 111 32767 32767 32767 32767 32767 32767 32767 32767 32767 32767 32767 188 322 207 181 242 193 263 39 41 23 0 0 0 0 0 0 0 0 6 274 178 181 251 56 21 44 29 30 35 37 95 251 159 193 265 320 245 221
