ValueNro_2398/ValueNro_2398_slope_16m.asc
ncols        141
nrows        228
xllcorner    356256.000000000000
yllcorner    6857312.000000000000
cellsize     16.000000000000
NODATA_value  -9999
[rows 152 to 170 of 228, columns 88 to 131 of 141]
0.34296634793281555176 0.20011612772941589355 1.26696014404296875 1.4999835491180419922 0.24335584044456481934 0.41415908932685852051 0.31023576855659484863 0.17437617480754852295 0.38712224364280700684 0.49481925368309020996 0.70975774526596069336 0.96913075447082519531 1.195049285888671875 2.0540747642517089844 2.4645786285400390625 2.2656693458557128906 2.4291532039642333984 2.9471085071563720703 4.0221500396728515625 5.7825627326965332031 7.3092546463012695312 7.4210100173950195312 7.6090054512023925781 8.1444339752197265625 9.9767780303955078125 9.6258602142333984375 5.5019240379333496094 5.859527587890625 8.6742029190063476562 9.810703277587890625 7.248165130615234375 5.5207247734069824219 3.4612293243408203125 1.9912890195846557617 2.9348192214965820312 1.2753615379333496094 7.7888669967651367188 8.0148916244506835938 4.2742681503295898438 1.3140560388565063477 2.6881313323974609375 1.7485543489456176758 4.8348975181579589844 8.17478179931640625
0.26910933852195739746 0.14442321658134460449 1.0545759201049804688 1.5767333507537841797 0.47521150112152099609 0.30956676602363586426 0.46274551749229431152 0.085112109780311584473 0.39962440729141235352 0.43113824725151062012 0.64690202474594116211 0.77476370334625244141 0.92977774143218994141 1.6834404468536376953 2.3360207080841064453 2.4124083518981933594 2.3938310146331787109 2.6253070831298828125 3.5092999935150146484 5.2035803794860839844 6.6355795860290527344 6.5853915214538574219 6.0468392372131347656 6.6175527572631835938 9.6211786270141601562 12.273976325988769531 11.271158218383789062 9.844570159912109375 9.9625349044799804688 12.493434906005859375 11.225577354431152344 8.7935266494750976562 6.570896148681640625 5.2689776420593261719 3.3246908187866210938 1.9461420774459838867 6.7032876014709472656 7.8380255699157714844 6.2615742683410644531 5.0922384262084960938 2.9144914150238037109 2.4545269012451171875 1.2399936914443969727 5.2774662971496582031
0.26130855083465576172 0.15105900168418884277 0.95246070623397827148 1.7980631589889526367 0.84101969003677368164 0.53685617446899414062 0.66217070817947387695 0.19925266504287719727 0.43158739805221557617 0.49400874972343444824 0.47811543941497802734 0.50159871578216552734 0.75089812278747558594 1.307660222053527832 1.8517346382141113281 1.9126917123794555664 1.882635951042175293 2.2200100421905517578 3.1017415523529052734 4.6829457283020019531 6.4905953407287597656 6.8929967880249023438 5.3565192222595214844 4.2985286712646484375 5.4897241592407226562 8.7411241531372070312 11.014524459838867188 9.9009180068969726562 7.8933401107788085938 9.3362360000610351562 11.16931915283203125 11.274970054626464844 9.467044830322265625 7.3001580238342285156 5.0020961761474609375 3.1458251476287841797 4.7737975120544433594 6.9104986190795898438 6.8328657150268554688 5.2173738479614257812 2.9145150184631347656 1.1715009212493896484 2.8853468894958496094 0.88234114646911621094
0.25539025664329528809 0.15318231284618377686 0.78200209140777587891 2.1977658271789550781 1.1693713665008544922 0.62491554021835327148 0.71554553508758544922 0.60734969377517700195 0.17394730448722839355 0.57670354843139648438 0.46731096506118774414 0.5296764373779296875 0.75360161066055297852 0.99228531122207641602 1.529919743537902832 1.7235574722290039062 1.6930043697357177734 1.9703043699264526367 2.7827794551849365234 3.9486553668975830078 6.021526336669921875 7.3897724151611328125 6.0130057334899902344 3.791454315185546875 2.1495099067687988281 2.5269620418548583984 3.4756877422332763672 3.6442892551422119141 3.3244128227233886719 3.9282002449035644531 6.3879861831665039062 8.80554962158203125 8.4165182113647460938 5.6517333984375 3.9519755840301513672 2.9190261363983154297 3.0367777347564697266 4.1390738487243652344 5.1108136177062988281 5.6046648025512695312 3.9743859767913818359 0.93990248441696166992 3.1199629306793212891 2.2961297035217285156
0.15335744619369506836 0.15753421187400817871 0.58285117149353027344 2.2173988819122314453 1.5563535690307617188 0.33208471536636352539 0.42342481017112731934 0.58346480131149291992 0.31602653861045837402 0.45894920825958251953 0.73269999027252197266 0.84844195842742919922 0.86283540725708007812 0.90042197704315185547 1.3029755353927612305 1.7194762229919433594 1.8190428018569946289 1.9148678779602050781 2.5551314353942871094 3.2606368064880371094 4.9202256202697753906 6.949558258056640625 6.9813551902770996094 4.7753605842590332031 1.8287324905395507812 1.5475368499755859375 2.1555352210998535156 1.2813166379928588867 1.3268905878067016602 1.5703587532043457031 2.3534009456634521484 4.8864092826843261719 8.3007364273071289062 7.6054234504699707031 4.1787767410278320312 2.4139044284820556641 1.8447142839431762695 2.3968119621276855469 4.7749896049499511719 6.6788048744201660156 4.5014452934265136719 1.618938446044921875 2.5150506496429443359 3.5826735496520996094
0.1399755328893661499 0.20352818071842193604 0.51459580659866333008 1.7554683685302734375 1.7616188526153564453 0.63229393959045410156 0.40222799777984619141 0.28911742568016052246 0.5612156987190246582 0.21152231097221374512 0.43889325857162475586 0.66076427698135375977 0.7878329157829284668 0.90437686443328857422 1.1139937639236450195 1.4447008371353149414 1.7030041217803955078 1.9096294641494750977 2.4761028289794921875 3.0540142059326171875 4.0071501731872558594 6.2036538124084472656 7.7613468170166015625 6.2711796760559082031 2.6361150741577148438 2.3849577903747558594 2.7003562450408935547 0.32973662018775939941 0.37201508879661560059 1.1385474205017089844 1.2178857326507568359 4.2063994407653808594 9.8195285797119140625 9.6476030349731445312 5.9931921958923339844 5.4111170768737792969 4.5375452041625976562 1.9645639657974243164 3.1067667007446289062 6.8090362548828125 6.7218189239501953125 3.8397049903869628906 0.6222159266471862793 3.4062497615814208984
0.1046137884259223938 0.2551542818546295166 0.46394684910774230957 1.273236393928527832 1.8751776218414306641 1.3117601871490478516 0.58490085601806640625 0.26932424306869506836 0.3705603480339050293 0.48977330327033996582 0.25073769688606262207 0.40309762954711914062 0.66790020465850830078 0.78868842124938964844 0.89568024873733520508 1.0247670412063598633 1.3977578878402709961 1.8028188943862915039 2.3535053730010986328 2.9369857311248779297 3.4482240676879882812 5.4211702346801757812 7.8963122367858886719 7.7974729537963867188 3.7552766799926757812 2.6245970726013183594 4.0787229537963867188 2.3008010387420654297 1.3493497371673583984 3.3587908744812011719 4.3791513442993164062 7.6608567237854003906 11.408913612365722656 9.9066152572631835938 7.4020390510559082031 6.6779551506042480469 6.9794754981994628906 6.3402485847473144531 2.1819057464599609375 4.0891671180725097656 7.8185701370239257812 8.201595306396484375 5.35153961181640625 1.0850241184234619141
0.054241046309471130371 0.16265535354614257812 0.27930477261543273926 0.65082037448883056641 1.3708083629608154297 1.6866123676300048828 0.88557738065719604492 0.48568052053451538086 0.37368088960647583008 0.45805719494819641113 0.39143782854080200195 0.41936168074607849121 0.77587878704071044922 0.62634420394897460938 0.75334751605987548828 0.85956501960754394531 1.1285740137100219727 1.549685359001159668 2.0932488441467285156 2.6474492549896240234 3.0106961727142333984 4.3687787055969238281 7.1547265052795410156 8.70133209228515625 5.0565671920776367188 2.4506826400756835938 3.5521006584167480469 5.1119532585144042969 6.8094396591186523438 7.0731053352355957031 7.0527291297912597656 9.5154123306274414062 11.212893486022949219 8.7219877243041992188 7.3380603790283203125 5.4618773460388183594 4.8769845962524414062 7.6962227821350097656 8.8541345596313476562 3.1307358741760253906 3.1608655452728271484 6.0789499282836914062 5.7856287956237792969 3.2103822231292724609
0.084408238530158996582 0.06857541203498840332 0.14841175079345703125 0.24024039506912231445 0.58240449428558349609 1.4815335273742675781 1.002239227294921875 0.59664094448089599609 0.7338301539421081543 0.46982896327972412109 0.43071296811103820801 0.39184999465942382812 0.83640176057815551758 0.86042970418930053711 0.59309357404708862305 0.88439846038818359375 1.0439509153366088867 1.3456513881683349609 1.8659262657165527344 2.4731068611145019531 2.9037327766418457031 3.6605515480041503906 6.1328721046447753906 8.411815643310546875 7.0658416748046875 4.8998246192932128906 4.5440006256103515625 11.254282951354980469 10.542461395263671875 7.3586168289184570312 6.3253054618835449219 8.2685537338256835938 9.5506944656372070312 7.4682741165161132812 6.7892704010009765625 4.4172677993774414062 3.0759556293487548828 4.2498116493225097656 9.51084136962890625 9.99550628662109375 3.6556198596954345703 5.7242827415466308594 5.3824429512023925781 2.8900640010833740234
0.19933335483074188232 0.16985653340816497803 0.20653145015239715576 0.20499566197395324707 0.40088593959808349609 1.2440073490142822266 0.96800768375396728516 0.68991410732269287109 0.7262127995491027832 0.80157923698425292969 0.52385473251342773438 0.4144363701343536377 0.76480466127395629883 1.1030702590942382812 0.50465089082717895508 0.72407644987106323242 0.93525779247283935547 1.1599419116973876953 1.5626707077026367188 2.0823676586151123047 2.8125324249267578125 3.4053502082824707031 5.3108792304992675781 7.871654510498046875 8.5155076980590820312 6.9300394058227539062 11.429656028747558594 15.224619865417480469 9.3624868392944335938 5.2667889595031738281 4.8982777595520019531 7.1179656982421875 9.1178121566772460938 6.9446725845336914062 5.8377504348754882812 3.22040557861328125 1.7588578462600708008 3.0685589313507080078 3.9023211002349853516 10.462251663208007812 6.7172589302062988281 5.9371991157531738281 4.8149695396423339844 2.9181787967681884766
0.27831739187240600586 0.22903183102607727051 0.26666751503944396973 0.22763402760028839111 0.42233809828758239746 0.9428164362907409668 1.1420202255249023438 0.94287651777267456055 0.71920734643936157227 0.91095775365829467773 0.91413635015487670898 0.68098402023315429688 0.67253220081329345703 1.0796364545822143555 0.62525659799575805664 0.41784816980361938477 0.7194359898567199707 0.93341904878616333008 1.2577186822891235352 1.4840500354766845703 2.2257926464080810547 2.9974982738494873047 4.1424655914306640625 5.5129222869873046875 6.9214458465576171875 13.912627220153808594 20.525220870971679688 16.364393234252929688 8.2588720321655273438 4.7474465370178222656 3.8402895927429199219 5.6561408042907714844 8.5105714797973632812 5.9071755409240722656 4.3021030426025390625 2.2085008621215820312 1.0512864589691162109 2.3483498096466064453 0.80523550510406494141 6.0478806495666503906 6.5224485397338867188 3.1824994087219238281 3.6736733913421630859 1.0683459043502807617
0.32029074430465698242 0.22777520120143890381 0.20150987803936004639 0.25991863012313842773 0.39026507735252380371 0.59649240970611572266 0.85138517618179321289 0.9484946131706237793 0.81145989894866943359 0.90329515933990478516 1.0443291664123535156 0.94461077451705932617 0.90622550249099731445 0.87352865934371948242 0.59865933656692504883 0.11596706509590148926 0.41889441013336181641 0.6568667292594909668 1.1128798723220825195 1.2451432943344116211 1.5716377496719360352 2.1115462779998779297 2.3555779457092285156 5.0971965789794921875 14.067506790161132812 23.921892166137695312 23.5930633544921875 14.229278564453125 8.7114553451538085938 6.2697477340698242188 4.8286046981811523438 4.414417266845703125 6.5295839309692382812 5.7529802322387695312 3.9494466781616210938 2.7350361347198486328 0.4128678739070892334 -9999 -9999 -9999 -9999 -9999 2.67551422119140625 2.9690535068511962891
0.27314117550849914551 0.16910260915756225586 0.1210242733359336853 0.20847135782241821289 0.30459016561508178711 0.2690455317497253418 0.26363146305084228516 0.48252782225608825684 0.63421434164047241211 0.60044568777084350586 0.65091216564178466797 0.83894437551498413086 0.93838030099868774414 0.72656983137130737305 0.43983185291290283203 0.16043879091739654541 0.20460793375968933105 0.37161746621131896973 0.8582770228385925293 1.0972536802291870117 1.1615339517593383789 1.8595883846282958984 3.3781883716583251953 11.317223548889160156 22.4568634033203125 24.934694290161132812 17.28098297119140625 6.3175482749938964844 4.5993909835815429688 4.6079454421997070312 3.4068670272827148438 2.1296937465667724609 3.5710556507110595703 5.4624667167663574219 4.9493770599365234375 3.8799738883972167969 1.5494997501373291016 -9999 -9999 -9999 -9999 -9999 -9999 5.7055516242980957031
0.21236525475978851318 0.20416787266731262207 0.22034686803817749023 0.21783119440078735352 0.27200743556022644043 0.27037900686264038086 0.18804830312728881836 0.062696382403373718262 0.1341746896505355835 0.066996470093727111816 0.14202700555324554443 0.3381258845329284668 0.33711871504783630371 0.19408516585826873779 0.075949609279632568359 0.10033329576253890991 0.1475496441125869751 0.1208882555365562439 0.42365735769271850586 0.63001024723052978516 0.88676655292510986328 2.4036090373992919922 8.3167467117309570312 20.04955291748046875 24.000631332397460938 17.211755752563476562 9.81731414794921875 4.1046848297119140625 1.701763153076171875 2.9970245361328125 2.9040241241455078125 2.1678264141082763672 3.3123438358306884766 4.0254735946655273438 4.21288299560546875 4.7122120857238769531 3.5994222164154052734 -9999 -9999 -9999 -9999 -9999 -9999 -9999
0.27535083889961242676 0.26421496272087097168 0.20533698797225952148 0.22105528414249420166 0.29712456464767456055 0.29855111241340637207 0.4079672694206237793 0.19522498548030853271 0.27325475215911865234 0.11051087081432342529 0.16514086723327636719 0.24064444005489349365 0.09248638153076171875 0.19018328189849853516 0.25710791349411010742 0.25720855593681335449 0.16478878259658813477 0.041855394840240478516 0.15501478314399719238 0.27070832252502441406 0.74147039651870727539 6.4126691818237304688 18.2981414794921875 23.580806732177734375 17.028553009033203125 9.0841932296752929688 6.9139246940612792969 5.9236850738525390625 4.4982080459594726562 6.1516222953796386719 6.5685396194458007812 4.4124808311462402344 6.00264739990234375 3.8634724617004394531 0.76662451028823852539 4.2933459281921386719 5.5585808753967285156 -9999 -9999 -9999 -9999 -9999 -9999 -9999
0.33994543552398681641 0.30660930275917053223 0.20773753523826599121 0.20215559005737304688 0.25046747922897338867 0.26153016090393066406 0.67953711748123168945 0.41796627640724182129 0.36179623007774353027 0.25198951363563537598 0.3089784085750579834 0.3904120028018951416 0.036873131990432739258 0.17042137682437896729 0.050880253314971923828 0.10340812057256698608 0.32774370908737182617 0.26849511265754699707 0.21760292351245880127 0.23121161758899688721 2.2796671390533447266 13.93653106689453125 23.54375457763671875 17.579027175903320312 7.8379926681518554688 6.0282640457153320312 4.5209975242614746094 5.4388365745544433594 9.02733612060546875 11.141378402709960938 7.2138347625732421875 7.2279148101806640625 8.6991167068481445312 3.1545157432556152344 3.2541184425354003906 4.6288523674011230469 7.7567625045776367188 8.4836883544921875 -9999 -9999 -9999 -9999 -9999 -9999
0.38068422675132751465 0.32678017020225524902 0.23959268629550933838 0.21642068028450012207 0.30277279019355773926 0.31653818488121032715 0.78796499967575073242 0.76913809776306152344 0.28625571727752685547 0.11562575399875640869 0.19481989741325378418 0.55994838476181030273 0.1886548846960067749 0.12710601091384887695 0.16186453402042388916 0.29357621073722839355 0.37555220723152160645 0.21158999204635620117 0.24860718846321105957 0.3256562650203704834 5.7726311683654785156 18.349872589111328125 20.824792861938476562 9.8204298019409179688 4.6129360198974609375 5.8406238555908203125 2.3974359035491943359 7.0171871185302734375 11.328503608703613281 10.020778656005859375 7.3819804191589355469 11.270395278930664062 7.8941674232482910156 1.0619455575942993164 6.0195417404174804688 6.9514861106872558594 8.6767406463623046875 10.051523208618164062 8.2834711074829101562 -9999 -9999 -9999 -9999 -9999
0.55108863115310668945 0.37989315390586853027 0.26199093461036682129 0.26979631185531616211 0.32254505157470703125 0.33330571651458740234 0.74314731359481811523 0.97723573446273803711 0.50092458724975585938 0.27910497784614562988 0.23447407782077789307 0.61533153057098388672 0.43673312664031982422 0.12194876372814178467 0.21351195871829986572 0.3412297368049621582 0.14673021435737609863 0.059414193034172058105 0.27486500144004821777 0.48550406098365783691 7.86870574951171875 18.152673721313476562 17.131145477294921875 9.8101472854614257812 6.8349943161010742188 6.0505771636962890625 5.2994589805603027344 10.759551048278808594 9.32794189453125 5.0263805389404296875 11.001394271850585938 11.238345146179199219 6.5596561431884765625 4.2363300323486328125 7.8493590354919433594 8.7924928665161132812 7.5506448745727539062 6.9605417251586914062 -9999 -9999 -9999 -9999 -9999 -9999
0.60561209917068481445 0.54353600740432739258 0.44593471288681030273 0.28065177798271179199 0.18291704356670379639 0.27264961600303649902 0.63528096675872802734 0.92272555828094482422 0.51391160488128662109 0.43969109654426574707 0.54363214969635009766 0.58559066057205200195 0.64889520406723022461 0.22491957247257232666 0.29135355353355407715 0.16311693191528320312 0.038542971014976501465 0.1424255669116973877 0.36339455842971801758 0.47379294037818908691 6.9224820137023925781 16.16248321533203125 16.584054946899414062 12.620553970336914062 10.22005462646484375 8.6535282135009765625 10.063111305236816406 10.966969490051269531 4.6134548187255859375 7.4146633148193359375 9.1886262893676757812 10.331383705139160156 10.496660232543945312 8.451007843017578125 8.5010919570922851562 8.0395116806030273438 6.9998459815979003906 5.6536746025085449219 -9999 -9999 -9999 -9999 -9999 -9999
