ValueNro_2398/ValueNro_2398_koivu.asc
ncols        141
nrows        228
xllcorner    356256.000000000000
yllcorner    6857312.000000000000
cellsize     16.000000000000
NODATA_value -9999
[rows 126 to 167 of 228, columns 0 to 94 of 141]
-9999 -9999 -9999 -9999 -9999 -9999 -9999 -9999 -9999 -9999 -9999 -9999 -9999 -9999 -9999 -9999 -9999 -9999 59 27 31 11 18 14 32767 32767 5 10 2 3 32767 32767 32767 32767 32767 32767 32767 32767 32767 32767 32767 32767 8 41 27 36 12 11 22 28 61 62 27 28 32767 77 15 11 4 9 27 27 33 38 30 46 59 37 36 71 45 53 0 0 0 32767 32767 32767 32767 32767 32767 35 41 5 20 4 32767 6 20 26 16 24 30 28 20
-9999 -9999 -9999 -9999 -9999 -9999 -9999 -9999 -9999 -9999 -9999 -9999 -9999 -9999 -9999 -9999 -9999 -9999 7 10 73 9 10 40 2 32767 32767 10 18 2 32767 2 48 32767 32767 32767 33 51 32767 32767 32767 32767 32767 41 31 46 29 20 23 48 68 82 54 22 29 40 67 10 5 9 20 27 46 44 67 76 41 39 79 52 8 0 0 0 0 32767 32767 32767 32767 32767 32767 66 25 1 8 31 0 32767 19 20 24 27 34 37 21
-9999 -9999 -9999 -9999 -9999 -9999 -9999 -9999 -9999 -9999 -9999 -9999 -9999 -9999 -9999 -9999 15 0 4 7 14 31 26 24 35 14 32767 32767 9 32767 32767 32767 9 46 40 48 32767 32767 32767 32767 32767 32767 32767 4 59 46 8 26 32 53 23 39 25 22 43 33 48 48 13 11 22 40 44 52 43 46 81 40 48 13 0 0 0 0 0 0 32767 32767 32767 21 35 12 12 2 0 23 0 32767 6 55 37 31 16 26 29
-9999 -9999 -9999 -9999 -9999 -9999 -9999 -9999 -9999 -9999 -9999 -9999 -9999 -9999 -9999 23 2 0 20 42 19 3 23 33 18 16 21 32767 32767 32767 20 13 32767 2 17 32 32767 32767 32767 32767 32767 32767 32767 32767 20 29 20 73 43 45 57 33 47 38 26 32 38 119 66 23 21 37 40 50 43 32 72 16 5 0 0 0 0 0 12 0 32767 32767 32767 32767 99 21 9 1 36 0 0 0 32767 42 48 16 32 59 81
-9999 -9999 -9999 -9999 -9999 -9999 -9999 -9999 -9999 -9999 83 40 1 25 18 17 24 24 26 7 3 49 26 15 20 7 58 14 32767 32767 4 5 0 32767 15 45 32767 32767 32767 32767 32767 32767 32767 32767 7 21 18 61 32 33 31 56 59 44 55 37 51 57 34 10 47 44 51 50 30 60 15 0 0 0 0 0 0 0 13 0 0 32767 32767 23 67 13 59 4 0 0 56 60 32767 9 47 37 35 35 38
-9999 -9999 -9999 -9999 -9999 -9999 -9999 -9999 -9999 36 28 47 5 14 17 14 39 61 44 25 60 28 15 32767 32767 32767 32767 11 2 32767 32767 15 18 4 32767 47 32767 32767 32767 32767 32767 32767 32767 32767 33 13 19 45 32 45 13 47 72 59 45 33 44 24 41 46 100 53 58 45 45 48 7 5 0 0 0 0 0 0 0 7 0 32767 28 29 100 51 35 4 7 16 53 34 5 32767 7 41 34 32767 27
-9999 -9999 -9999 -9999 -9999 -9999 -9999 -9999 12 44 53 60 19 38 37 36 54 34 25 22 16 15 22 32767 32767 32767 32767 37 9 32767 32767 2 19 19 10 42 32767 32767 32767 32767 32767 32767 32767 32767 47 31 40 68 27 31 14 50 65 57 28 27 6 6 20 55 78 39 37 51 50 55 7 5 0 0 0 0 0 0 0 11 0 0 19 86 87 32 34 22 28 37 29 40 62 32767 2 5 32767 39 13
-9999 -9999 -9999 -9999 -9999 -9999 -9999 47 82 17 40 35 69 50 65 89 52 68 92 26 40 12 28 32767 32767 32767 32767 51 32767 28 32767 32767 4 17 8 32767 7 32767 32767 32767 32767 32767 32767 32767 44 50 33 45 33 3 0 50 22 25 27 6 15 2 5 27 31 24 50 40 39 64 8 0 0 0 0 0 5 0 0 0 0 0 0 30 66 53 18 13 18 27 53 63 34 30 32767 18 26 34 22
-9999 -9999 -9999 -9999 -9999 -9999 -9999 44 9 23 35 21 20 23 26 15 60 38 30 90 74 32 27 41 32767 47 62 81 32767 76 26 32767 32767 12 29 40 32767 32767 32767 32767 32767 32767 32767 32767 33 32767 8 46 55 0 0 6 21 32 0 11 14 13 2 14 58 67 74 63 40 54 8 7 0 0 8 54 32 47 1 0 0 0 40 34 50 46 18 20 41 29 41 57 46 27 11 32767 50 28 30
-9999 -9999 -9999 -9999 -9999 -9999 32 18 28 25 23 23 20 4 6 31 33 31 48 31 57 53 38 51 34 38 41 40 32767 34 31 14 32767 32767 12 55 41 61 32767 32767 32767 32767 32767 4 5 10 32767 41 31 43 0 4 0 0 3 12 12 18 6 14 24 15 17 64 43 40 21 7 16 15 16 55 34 65 0 0 0 0 41 38 91 26 12 20 28 29 37 44 52 38 41 32767 0 21 38
-9999 -9999 -9999 -9999 -9999 15 29 26 14 27 26 22 26 18 26 4 16 16 24 45 35 74 102 78 73 32767 47 49 32767 85 23 44 16 32767 32767 24 52 32767 58 32767 32767 32767 0 32767 32767 32767 9 25 34 14 0 7 0 0 0 9 3 14 5 10 16 3 3 29 31 34 35 30 29 28 60 53 26 0 0 0 0 0 36 34 65 24 13 23 21 30 52 22 42 41 62 26 32767 9 64
-9999 -9999 -9999 -9999 17 3 22 25 18 19 19 18 18 15 15 17 0 0 18 29 12 54 83 61 36 63 100 41 48 33 32 34 15 32767 32767 0 72 44 42 32767 32767 0 32767 0 32767 32767 11 13 0 13 11 0 0 20 0 0 3 12 0 6 4 12 14 10 8 32 123 110 36 41 87 41 6 0 14 0 0 0 0 34 56 39 19 19 40 20 41 34 19 76 20 30 14 32767 16
-9999 -9999 -9999 21 29 17 16 13 0 14 14 17 17 16 16 13 0 15 16 3 16 3 7 38 35 64 38 32767 66 33 42 70 5 32767 32767 32767 0 73 51 30 32767 32767 1 32767 32767 32767 10 10 29 34 22 0 0 3 0 0 2 13 0 0 4 14 22 21 7 34 56 143 86 84 87 16 6 9 14 22 4 0 0 51 71 36 17 28 40 23 21 23 26 12 12 15 11 1 32767
-9999 -9999 47 34 15 0 0 0 0 20 20 21 15 15 14 0 0 14 15 15 0 0 42 11 33 62 32767 71 95 19 33 22 32767 32767 32767 32767 32767 28 74 32767 32767 32767 32767 32767 32767 32767 32767 32 67 33 44 9 0 7 10 0 3 13 10 3 7 10 23 21 2 8 40 40 51 86 59 62 2 5 0 0 4 1 0 27 29 38 47 32 25 17 29 4 23 32 25 47 3 11 32767
40 18 23 30 26 3 13 28 3 2 15 14 0 0 7 0 0 0 0 0 0 0 8 32767 32767 22 46 48 68 26 30 32767 32767 32767 32767 32767 32767 32767 38 32767 32767 32767 32767 32767 32767 32767 32767 5 14 21 1 23 0 3 5 0 0 20 13 14 10 10 22 21 2 25 48 52 40 51 65 38 22 5 0 1 0 0 0 11 36 49 31 26 28 32 24 3 8 37 39 26 27 7 5
4 65 21 33 40 31 30 35 6 0 0 0 0 0 4 0 8 0 0 0 0 32767 32767 23 33 22 17 11 49 24 32767 32767 32767 32767 32767 32767 0 32767 32767 32767 32767 32767 32767 2 32767 32767 32767 3 3 29 34 11 0 3 4 10 0 0 13 13 19 22 13 3 5 11 26 31 43 50 35 25 25 54 9 0 12 29 18 9 38 30 31 26 17 13 23 47 22 29 29 13 33 25 11
-9999 51 48 25 33 33 21 0 2 5 33 15 13 16 10 5 10 1 0 10 32767 7 11 83 37 5 21 26 19 32767 32767 32767 32767 32767 32767 32767 32767 32767 32767 32767 32767 2 0 32767 32767 32767 10 4 12 27 3 6 18 0 4 1 0 2 3 11 2 3 3 2 5 3 22 50 45 44 11 25 21 14 34 68 88 67 57 39 32 41 41 9 5 5 8 19 51 33 18 23 33 28 27
-9999 -9999 -9999 44 29 37 15 0 4 1 0 25 14 0 0 0 0 11 0 0 17 33 31 24 17 19 42 40 32767 32767 32767 32767 32767 32767 32767 32767 32767 32767 32767 32767 2 2 6 32767 32767 1 5 2 9 6 18 8 15 0 3 1 1 1 0 1 1 3 3 3 3 5 12 31 44 40 14 8 20 22 59 90 79 36 31 19 20 27 8 24 5 8 9 11 16 1 26 33 30 9 47
-9999 -9999 -9999 1 18 16 2 3 1 2 17 1 30 9 0 6 6 32767 32767 0 29 39 35 16 15 14 19 32767 32767 32767 32767 32767 32767 32767 32767 32767 32767 32767 32767 32767 32767 32767 32767 32767 32767 32767 0 0 39 19 12 20 11 0 3 1 1 39 0 6 5 3 2 3 3 10 11 23 27 38 12 9 16 25 83 33 62 26 20 38 5 16 24 9 6 5 8 20 11 11 21 51 36 21 54
-9999 -9999 -9999 15 33 2 17 15 18 4 21 19 1 10 1 5 32767 8 1 9 26 10 14 14 9 22 32767 32767 32767 32767 32767 32767 32767 32767 32767 32767 32767 32767 32767 32767 32767 32767 32767 32767 32767 0 32767 0 23 6 5 14 15 0 6 1 0 1 2 5 2 3 0 2 2 3 6 3 17 31 28 12 8 24 24 19 11 9 6 38 6 30 37 10 7 9 3 9 17 11 4 6 57 36 54
-9999 -9999 -9999 1 23 30 27 24 15 0 23 14 11 25 14 32767 31 27 0 18 12 37 3 16 17 19 32767 32767 32767 32767 32767 32767 32767 32767 32767 32767 32767 32767 32767 32767 32767 32767 32767 32767 32767 32767 32767 1 9 7 5 12 8 0 3 1 1 8 2 3 0 0 2 3 3 2 12 5 9 26 42 12 8 7 10 5 5 2 1 6 5 3 42 13 8 11 2 11 0 7 10 21 9 3 0
-9999 -9999 -9999 2 1 6 25 16 31 0 23 3 2 2 33 0 23 22 1 40 16 26 5 15 12 11 15 32767 32767 32767 32767 32767 32767 32767 32767 32767 32767 32767 32767 32767 32767 32767 32767 32767 32767 5 1 2 5 4 4 12 39 17 0 1 1 15 2 2 2 2 2 3 2 2 2 14 5 12 42 13 1 12 14 3 2 0 3 11 7 41 45 23 7 11 2 10 10 8 10 11 3 13 16
-9999 -9999 -9999 2 5 17 18 41 45 13 29 36 32 33 32767 14 18 23 16 18 18 3 28 11 13 31 18 64 32767 32767 32767 32767 0 32767 32767 32767 32767 32767 32767 32767 32767 32767 32767 32767 32767 0 7 21 19 4 4 0 6 8 3 1 0 0 2 2 0 4 4 5 3 15 13 2 12 5 26 6 15 25 15 0 0 2 0 0 10 15 54 32 9 1 1 8 0 7 4 2 21 28 30
-9999 -9999 -9999 29 34 19 31 18 50 39 28 40 38 32767 32 40 25 21 0 1 15 12 13 24 53 9 11 23 36 32767 0 18 3 32767 32767 32767 32767 32767 32767 32767 32767 32767 32767 32767 32767 0 11 2 22 14 16 20 17 0 9 5 1 1 1 2 2 3 2 2 2 2 2 0 13 4 16 11 17 15 14 0 0 2 0 0 0 17 41 28 11 11 9 22 19 14 14 48 16 29 32
-9999 -9999 -9999 18 1 20 31 22 12 26 17 32767 30 33 42 21 31 32 33 3 4 14 19 14 7 24 82 18 31 0 11 10 9 10 32767 32767 32767 32767 32767 32767 32767 32767 32767 5 32767 32767 9 2 2 2 2 4 49 10 5 36 5 7 1 2 19 17 2 2 2 2 2 0 4 0 5 22 1 13 17 2 0 2 2 2 0 6 56 32 29 17 4 13 31 29 30 49 13 13 39
-9999 -9999 -9999 29 1 4 26 24 21 24 32767 56 34 32 98 19 32 76 99 21 3 2 10 14 35 68 104 11 4 16 0 0 0 21 32767 32767 32767 32767 32767 32767 32767 32767 32767 32767 9 32767 11 3 4 3 7 6 1 65 21 31 1 8 1 15 21 17 2 3 25 4 4 0 1 1 17 28 5 13 20 13 0 0 2 0 0 8 50 19 39 12 9 26 14 16 12 54 17 32 42
-9999 -9999 -9999 32 26 3 23 37 43 32767 53 65 53 59 71 52 18 24 58 21 40 30 45 19 24 56 31 15 39 19 10 13 16 21 0 32767 32767 32767 32767 32767 32767 32767 32767 32767 32767 32767 32767 4 2 4 2 32767 32767 5 22 23 48 10 1 11 17 20 5 19 21 7 4 4 3 1 12 32 13 14 19 9 2 2 2 2 2 2 12 57 55 16 5 8 8 7 29 51 13 19 25
-9999 -9999 -9999 31 21 24 44 10 32767 41 7 25 12 25 25 22 44 36 34 35 43 46 42 15 21 37 21 11 54 18 14 15 11 0 9 32767 32767 32767 32767 32767 32767 32767 32767 32767 32767 32767 32767 32767 6 27 1 32767 32767 9 24 40 28 32 11 1 2 6 5 4 4 4 3 0 0 5 4 30 7 5 10 12 0 3 2 2 2 3 5 53 49 17 5 0 7 0 5 42 39 30 22
-9999 -9999 -9999 27 37 34 59 32767 31 33 25 28 30 39 31 36 40 29 16 22 32 36 3 18 21 14 12 33 19 19 6 0 0 0 0 9 32767 32767 32767 32767 32767 32767 32767 32767 32767 32767 32767 32767 32767 8 32767 32767 32767 11 14 5 19 31 82 3 2 3 3 8 0 2 11 13 3 1 3 43 18 5 7 3 3 3 2 2 2 0 7 15 18 12 5 2 0 2 7 15 2 8 33
-9999 -9999 4 65 47 35 32767 15 18 30 12 35 24 41 33 33 50 53 50 36 23 46 3 2 21 8 16 27 41 36 0 0 0 0 0 0 0 32767 32767 32767 32767 32767 32767 32767 32767 32767 32767 2 32767 8 7 32767 32767 5 0 15 26 32 15 17 28 0 1 8 0 0 0 0 0 48 35 40 10 5 15 5 13 3 3 3 12 15 7 21 18 11 4 2 2 2 68 71 10 12 4
-9999 -9999 43 49 45 32767 32767 23 43 22 30 35 48 36 34 33 31 36 15 16 30 43 24 0 28 33 20 24 18 16 73 0 0 0 0 0 0 1 0 32767 32767 32767 32767 32767 32767 32767 32767 32767 32767 32767 8 32767 32767 0 8 10 25 35 52 44 27 0 0 0 0 0 0 0 0 48 42 40 23 8 3 12 14 0 0 7 20 7 20 15 28 12 8 0 0 0 3 11 3 8 11
-9999 -9999 16 36 48 15 15 20 21 24 31 42 31 40 32 22 32 33 39 39 35 37 36 3 16 36 13 3 13 14 2 56 0 0 0 0 0 32767 1 11 32767 32767 32767 32767 32767 32767 32767 32767 32767 32767 32767 6 11 2 10 11 55 10 13 23 47 7 0 0 0 0 0 0 0 36 21 40 30 11 8 14 0 0 0 0 1 4 31 10 21 13 6 0 2 0 1 8 13 12 30
-9999 -9999 10 52 22 12 16 28 26 38 25 29 39 33 35 33 33 33 38 47 34 38 19 27 14 0 5 17 24 17 11 24 10 0 0 0 5 32767 8 70 12 32767 32767 32767 32767 32767 32767 32767 32767 32767 32767 0 12 9 10 10 53 32 25 27 32 56 0 0 0 0 0 0 0 6 32 40 48 58 10 1 0 0 0 0 0 6 14 48 19 11 5 1 4 0 2 2 1 1 11
-9999 -9999 15 15 10 21 0 28 24 25 22 2 40 32 22 28 33 49 53 64 65 21 19 27 14 13 8 5 5 16 35 11 10 0 0 0 4 0 10 10 30 32767 32767 32767 32767 32767 32767 32767 32767 32767 32767 32767 14 18 4 18 17 46 25 29 38 47 30 0 0 0 0 0 0 0 2 38 118 55 18 0 0 0 0 0 0 2 21 38 28 12 13 2 5 2 2 0 1 5 1
-9999 -9999 3 5 19 27 22 30 34 22 4 2 36 25 37 35 37 51 44 67 65 12 23 24 3 15 8 5 37 45 17 28 8 0 4 2 32767 1 9 3 3 30 69 0 32767 32767 32767 32767 32767 32767 2 32767 7 26 33 30 27 16 12 12 19 1 46 29 0 0 0 0 0 0 8 62 78 59 25 1 0 0 0 0 0 0 1 65 12 13 16 5 1 5 15 1 1 7 4
-9999 -9999 -9999 3 19 23 47 34 12 23 23 22 22 37 39 37 36 12 33 35 35 12 26 18 25 26 8 26 7 15 19 22 34 8 0 0 32767 16 8 31 28 15 14 9 9 32767 32767 32767 32767 32767 32767 32767 32767 5 14 37 2 49 27 45 3 13 1 62 0 0 0 0 0 0 26 33 112 77 24 10 0 0 0 0 0 0 0 18 57 20 18 9 1 24 0 0 5 0 5
-9999 -9999 -9999 0 0 27 40 34 21 24 19 22 12 32 35 35 33 9 8 4 12 27 26 18 16 15 22 45 17 23 19 20 1 17 46 4 32767 17 14 12 13 15 12 9 1 0 32767 32767 32767 32767 32767 32767 32767 0 30 17 16 11 24 9 40 26 12 39 29 0 0 0 0 0 11 37 108 59 32 14 1 0 0 0 0 0 0 0 13 17 47 10 3 0 0 5 5 5 1
-9999 -9999 -9999 -9999 0 21 37 31 4 3 16 3 12 10 21 12 28 22 25 3 1 0 20 21 20 17 17 19 22 34 24 41 28 38 66 6 28 10 10 8 9 8 14 12 9 1 0 32767 32767 32767 32767 32767 32767 32767 7 24 16 20 20 11 45 3 24 28 6 0 0 0 0 0 4 65 95 136 122 27 12 0 0 0 0 0 0 0 12 9 44 19 3 0 0 5 4 5 1
-9999 -9999 -9999 -9999 -9999 3 34 22 4 3 3 29 12 26 3 10 21 25 17 3 24 26 23 21 15 0 29 27 34 40 41 46 32 39 17 32767 0 13 11 16 0 0 6 13 14 14 1 32767 32767 32767 32767 32767 32767 32767 32767 3 30 10 10 11 17 42 22 19 1 1 0 0 0 0 1 32 40 111 121 28 16 5 0 0 0 0 0 0 75 22 23 11 5 15 0 0 0 0 0
-9999 -9999 -9999 -9999 -9999 -9999 33 32 12 12 31 23 30 29 30 28 22 24 38 39 18 21 19 17 13 20 38 19 12 39 50 46 63 56 30 32767 6 18 1 0 0 0 10 11 9 10 7 32767 32767 32767 32767 32767 32767 32767 32767 12 22 43 5 9 38 24 0 26 23 2 0 0 0 0 0 5 56 88 107 120 12 0 1 0 0 0 0 0 0 14 12 9 2 17 0 0 0 0 7
-9999 -9999 -9999 -9999 -9999 -9999 41 34 4 23 24 3 7 11 11 21 40 36 39 67 11 16 26 26 13 10 49 23 3 23 40 49 58 79 8 0 15 9 1 9 1 13 13 11 13 28 4 32767 32767 32767 32767 32767 32767 22 32767 32767 0 14 45 16 7 55 40 21 22 4 1 0 0 0 0 0 24 38 109 89 42 25 4 0 0 0 0 0 0 21 13 3 2 0 0 18 0 1 11
-9999 -9999 -9999 -9999 -9999 -9999 46 35 20 15 3 0 20 42 48 55 56 32 66 39 39 1 20 21 4 41 55 31 13 5 22 45 38 7 32767 0 8 1 0 9 11 10 13 13 15 0 9 6 32767 32767 32767 32767 32767 16 6 32767 1 14 9 5 13 20 28 3 20 20 1 0 0 0 0 0 1 61 48 116 76 58 30 16 0 0 0 0 0 12 9 7 18 0 0 0 0 1 6
