ValueNro_2398/ValueNro_2398_dem_16m_aggr.asc
ncols        141
nrows        228
xllcorner    356256.000000000000
yllcorner    6857312.000000000000
cellsize     16.000000000000
NODATA_value  -9999
[rows 160 to 179 of 228, columns 92 to 137 of 141]
142.918914794921875 143.0105743408203125 143.71429443359375 143.580718994140625 143.6139068603515625 143.73724365234375 143.5777587890625 143.4561614990234375 143.3734130859375 143.0162811279296875 142.8519744873046875 143.0201568603515625 143.1393585205078125 143.3603515625 143.67254638671875 144.200347900390625 144.7593231201171875 145.3995208740234375 146.425323486328125 148.6378326416015625 150.9907379150390625 151.58013916015625 151.4681396484375 153.0909881591796875 157.8118743896484375 157.8466033935546875 158.190826416015625 159.1999664306640625 161.9421539306640625 163.8475799560546875 165.2410736083984375 166.8751983642578125 167.0991058349609375 168.49920654296875 168.1374969482421875 164.422119140625 163.119384765625 164.0799407958984375 166.110809326171875 166.783599853515625 167.1048736572265625 166.7213287353515625 166.3571929931640625 166.1835479736328125 166.2408447265625 166.7622222900390625
142.8537139892578125 143.0321044921875 143.59405517578125 143.4990386962890625 143.3340301513671875 143.5307159423828125 143.5702972412109375 143.41748046875 143.3666839599609375 142.94586181640625 142.738861083984375 142.7759552001953125 142.9211883544921875 143.109344482421875 143.3565521240234375 143.66497802734375 144.18035888671875 145.016448974609375 145.8590850830078125 147.4107513427734375 148.476409912109375 149.3545989990234375 150.796722412109375 155.569244384765625 159.383636474609375 160.1014556884765625 159.6352691650390625 160.379852294921875 162.93157958984375 164.9724578857421875 166.5058746337890625 167.7928009033203125 167.5132904052734375 168.4446868896484375 169.5576171875 167.461456298828125 164.1270599365234375 165.699005126953125 167.2082672119140625 167.832977294921875 168.2923126220703125 167.1074676513671875 166.2393035888671875 166.1358642578125 166.1651611328125 166.3323822021484375
142.7950439453125 143.0257568359375 143.239715576171875 143.33392333984375 143.192779541015625 143.2064208984375 143.382781982421875 143.2871551513671875 143.2971649169921875 142.996063232421875 142.6325531005859375 142.6118011474609375 142.755706787109375 142.88299560546875 143.0764007568359375 143.4163818359375 143.6802215576171875 144.4678955078125 144.58319091796875 145.1970062255859375 146.153472900390625 148.3127593994140625 153.4090118408203125 159.327606201171875 160.3335418701171875 160.95062255859375 161.139190673828125 160.9935455322265625 164.165740966796875 165.9385223388671875 167.0004119873046875 168.3037261962890625 167.8876495361328125 168.2134552001953125 169.4497833251953125 169.203582763671875 166.4023895263671875 166.0991668701171875 167.3999786376953125 168.125885009765625 168.265045166015625 166.514892578125 166.4212646484375 166.9016265869140625 166.24664306640625 166.51776123046875
142.7643585205078125 142.8366546630859375 142.8457794189453125 142.923187255859375 143.12847900390625 142.9259490966796875 143.0125579833984375 143.1083831787109375 143.0573883056640625 142.9653472900390625 142.63189697265625 142.566619873046875 142.6036834716796875 142.7141876220703125 142.8632049560546875 143.263763427734375 143.479217529296875 143.6113128662109375 143.9861297607421875 144.7494049072265625 146.461029052734375 151.4018402099609375 159.46087646484375 162.9283599853515625 163.08544921875 162.4317474365234375 161.8828125 162.146514892578125 163.5038604736328125 166.334930419921875 166.96124267578125 168.0696258544921875 168.633087158203125 -9999 -9999 -9999 -9999 -9999 167.5574493408203125 168.1529083251953125 167.123565673828125 165.87890625 166.45709228515625 169.09716796875 167.884521484375 -9999
142.6196441650390625 142.81396484375 142.6933746337890625 142.79254150390625 142.79571533203125 142.7376861572265625 142.70355224609375 142.84832763671875 142.7442169189453125 142.66473388671875 142.6895294189453125 142.5404510498046875 142.585113525390625 142.5979156494140625 142.7204132080078125 143.0341644287109375 143.03314208984375 143.1961822509765625 144.2084197998046875 144.935760498046875 148.94708251953125 157.245697021484375 163.4541473388671875 166.109832763671875 165.07855224609375 164.2527313232421875 163.4857025146484375 163.763275146484375 163.71978759765625 165.05816650390625 166.59991455078125 167.7816925048828125 168.4143829345703125 -9999 -9999 -9999 -9999 -9999 -9999 166.6988067626953125 165.6242828369140625 165.16461181640625 -9999 -9999 -9999 -9999
142.6485443115234375 142.696868896484375 142.7218170166015625 142.726593017578125 142.6516571044921875 142.6687774658203125 142.6883087158203125 142.5986785888671875 142.5270538330078125 142.5226593017578125 142.5179595947265625 142.509368896484375 142.54302978515625 142.5840606689453125 142.639739990234375 142.7118072509765625 142.7849273681640625 143.262359619140625 143.751708984375 146.1761627197265625 154.904541015625 160.284942626953125 163.900726318359375 165.354095458984375 165.299896240234375 164.5960540771484375 163.83416748046875 163.231597900390625 163.7152862548828125 164.4317779541015625 165.7591400146484375 166.870025634765625 168.0818023681640625 -9999 -9999 -9999 -9999 -9999 -9999 -9999 -9999 -9999 -9999 -9999 -9999 -9999
142.595703125 142.581024169921875 142.6407012939453125 142.7937774658203125 142.7090911865234375 142.7266998291015625 142.6730499267578125 142.629608154296875 142.5650634765625 142.5890960693359375 142.588958740234375 142.6649322509765625 142.6603240966796875 142.6137237548828125 142.60137939453125 142.6416168212890625 142.742828369140625 142.897247314453125 145.006011962890625 152.0464935302734375 157.9972076416015625 160.7482757568359375 162.2592010498046875 163.866180419921875 164.95294189453125 164.3157196044921875 162.8098297119140625 161.8725738525390625 163.363067626953125 165.1443634033203125 165.27606201171875 165.8142547607421875 166.937652587890625 -9999 -9999 -9999 -9999 -9999 -9999 -9999 -9999 -9999 -9999 -9999 -9999 -9999
142.5239410400390625 142.5178375244140625 142.571990966796875 142.9320068359375 142.75103759765625 142.736358642578125 142.6728973388671875 142.6401824951171875 142.5151824951171875 142.652984619140625 142.654876708984375 142.6607513427734375 142.6533660888671875 142.5550079345703125 142.5811767578125 142.6431732177734375 142.675201416015625 143.2005615234375 150.1704559326171875 157.07525634765625 158.7738189697265625 160.1337738037109375 161.675567626953125 162.3707427978515625 162.8956451416015625 162.31866455078125 160.0244293212890625 160.6794281005859375 164.224517822265625 166.388336181640625 165.773468017578125 164.164093017578125 165.53692626953125 165.736480712890625 -9999 -9999 -9999 -9999 -9999 -9999 -9999 -9999 -9999 -9999 -9999 -9999
142.46759033203125 142.4525299072265625 142.45611572265625 142.86968994140625 142.9418487548828125 142.7404937744140625 142.9417724609375 142.66253662109375 142.555938720703125 142.5986328125 142.6299285888671875 142.6136474609375 142.499481201171875 142.4166717529296875 142.571014404296875 142.5429534912109375 142.5811004638671875 145.6853790283203125 153.757049560546875 157.999114990234375 158.2847137451171875 159.8702850341796875 161.56158447265625 160.9943084716796875 159.637359619140625 157.6979827880859375 158.0141754150390625 161.946990966796875 165.0157318115234375 166.30792236328125 165.596771240234375 162.8946990966796875 162.3078460693359375 162.735992431640625 161.6642608642578125 -9999 -9999 -9999 -9999 -9999 -9999 -9999 -9999 -9999 -9999 -9999
142.2524566650390625 142.3984832763671875 142.3950042724609375 142.8046722412109375 142.9466552734375 142.6422119140625 142.8785247802734375 142.7234954833984375 142.676513671875 142.50567626953125 142.609344482421875 142.54632568359375 142.4368743896484375 142.48162841796875 142.4876861572265625 142.4285736083984375 142.4778594970703125 147.8721923828125 153.279266357421875 156.8695220947265625 157.7162933349609375 160.13165283203125 161.2719268798828125 158.9990997314453125 156.2622833251953125 155.4338531494140625 158.199310302734375 162.9558868408203125 165.22967529296875 165.8689422607421875 164.4961395263671875 162.34161376953125 159.857757568359375 159.4521484375 -9999 -9999 -9999 -9999 -9999 -9999 -9999 -9999 -9999 -9999 -9999 -9999
142.2006378173828125 142.345184326171875 142.2844085693359375 142.6217041015625 142.6627197265625 142.5557708740234375 142.9999847412109375 142.947906494140625 142.5805206298828125 142.5009002685546875 142.5455474853515625 142.403106689453125 142.4737548828125 142.4735870361328125 142.369232177734375 142.296142578125 142.2059478759765625 145.9411773681640625 151.3318939208984375 154.1793365478515625 156.8273773193359375 159.246368408203125 158.9006195068359375 155.9341278076171875 154.45001220703125 155.270782470703125 159.41278076171875 160.85113525390625 163.696258544921875 164.15350341796875 162.079864501953125 160.9391326904296875 158.408050537109375 158.0196685791015625 -9999 -9999 -9999 -9999 -9999 -9999 -9999 -9999 -9999 -9999 -9999 -9999
142.237274169921875 142.2167510986328125 142.2703094482421875 142.416534423828125 142.6122894287109375 142.5609283447265625 142.806976318359375 142.9093475341796875 142.551483154296875 142.57135009765625 142.2931365966796875 142.5019683837890625 142.4953765869140625 142.4775848388671875 142.3482666015625 142.2310791015625 142.1181640625 144.4075164794921875 147.9489593505859375 151.9623870849609375 154.656097412109375 155.697723388671875 155.8900299072265625 153.6884307861328125 153.537384033203125 156.1543731689453125 158.2895965576171875 157.717926025390625 160.2728271484375 161.15814208984375 160.2746124267578125 159.9548187255859375 157.8845367431640625 156.2161712646484375 -9999 -9999 -9999 -9999 -9999 -9999 -9999 -9999 -9999 -9999 -9999 -9999
142.200653076171875 142.152984619140625 142.2450103759765625 142.2321319580078125 142.41802978515625 142.7436676025390625 142.8395538330078125 143.082977294921875 142.6761932373046875 142.5110321044921875 142.3333892822265625 142.477264404296875 142.467681884765625 142.43450927734375 142.36590576171875 142.242218017578125 142.0831756591796875 142.3226318359375 143.984527587890625 148.1792144775390625 151.4327850341796875 152.607696533203125 153.3744659423828125 152.131439208984375 153.0752410888671875 156.3454742431640625 156.5442047119140625 156.0515594482421875 157.50164794921875 158.5424652099609375 158.5752716064453125 157.856292724609375 158.0785675048828125 155.239288330078125 -9999 -9999 -9999 -9999 -9999 -9999 -9999 -9999 -9999 -9999 -9999 -9999
142.126495361328125 142.0726776123046875 142.188995361328125 142.2510223388671875 142.2330780029296875 142.3631134033203125 142.8885955810546875 143.4431304931640625 142.8723602294921875 142.476654052734375 142.37603759765625 142.4160308837890625 142.4407806396484375 142.4087677001953125 142.349151611328125 142.15264892578125 142.0965728759765625 142.032684326171875 142.2782745361328125 143.7646484375 148.74609375 150.8022308349609375 151.6825103759765625 151.16009521484375 153.6298065185546875 154.9376220703125 153.8568878173828125 151.9337921142578125 153.42095947265625 153.2178497314453125 154.973236083984375 156.9103240966796875 157.8019561767578125 154.1088714599609375 -9999 -9999 -9999 -9999 -9999 -9999 -9999 -9999 -9999 -9999 -9999 -9999
142.05584716796875 142.0353546142578125 142.0425872802734375 142.2013702392578125 142.2361602783203125 142.21405029296875 142.420745849609375 143.0633697509765625 142.9885101318359375 142.4708099365234375 142.3916778564453125 142.2806243896484375 142.4202423095703125 142.4126434326171875 142.3521270751953125 142.136138916015625 142.13323974609375 142.1137847900390625 142.0365447998046875 143.5830230712890625 148.8198699951171875 150.089141845703125 148.0506591796875 149.416351318359375 150.8278045654296875 149.898712158203125 150.1287994384765625 149.19573974609375 149.848114013671875 152.09979248046875 154.917724609375 155.4194793701171875 155.749908447265625 152.3174896240234375 -9999 -9999 -9999 -9999 -9999 -9999 -9999 -9999 -9999 -9999 -9999 -9999
142.0431671142578125 142.016754150390625 141.9399261474609375 142.0803680419921875 142.2089996337890625 142.2998809814453125 142.4376983642578125 142.8971099853515625 142.9570159912109375 142.7207489013671875 142.4573516845703125 142.228729248046875 142.3986053466796875 142.3905029296875 142.3735504150390625 142.22052001953125 142.23809814453125 142.1961669921875 142.0655059814453125 142.608734130859375 145.776092529296875 147.9351654052734375 146.374420166015625 146.1048126220703125 146.6250762939453125 146.8780975341796875 147.8423614501953125 149.0647430419921875 151.1764373779296875 152.997283935546875 153.727264404296875 153.7448883056640625 152.7786865234375 149.895904541015625 -9999 -9999 -9999 -9999 -9999 -9999 -9999 -9999 -9999 -9999 -9999 -9999
142.03662109375 142.0061492919921875 141.9188995361328125 141.9184112548828125 142.02508544921875 142.1611328125 142.181671142578125 142.5884857177734375 143.0150299072265625 142.8881378173828125 142.7122955322265625 142.3507232666015625 142.291229248046875 142.3807525634765625 142.2932281494140625 142.2510223388671875 142.267974853515625 142.2519378662109375 142.2027740478515625 142.1192626953125 142.684783935546875 144.628997802734375 144.5481719970703125 144.831573486328125 146.0612945556640625 147.0469818115234375 148.0808563232421875 151.828582763671875 155.7079620361328125 154.6227874755859375 153.06298828125 150.9586181640625 149.7060089111328125 148.93798828125 148.7759246826171875 -9999 -9999 -9999 -9999 -9999 -9999 -9999 -9999 -9999 -9999 -9999
142.036956787109375 142.032440185546875 141.95355224609375 141.90509033203125 141.9318084716796875 141.97467041015625 142.0115966796875 142.2750244140625 143.006134033203125 143.08404541015625 142.744964599609375 142.47509765625 142.233306884765625 142.3792724609375 142.265045166015625 142.2838897705078125 142.27325439453125 142.26104736328125 142.2344207763671875 142.0645751953125 142.291900634765625 142.9031982421875 143.893310546875 146.0709686279296875 149.4246673583984375 149.788604736328125 151.12744140625 156.0124664306640625 158.284332275390625 157.77301025390625 155.299224853515625 150.6412200927734375 148.8240203857421875 148.6759033203125 149.108917236328125 -9999 -9999 -9999 -9999 -9999 -9999 -9999 -9999 -9999 -9999 -9999
141.9964599609375 141.9910888671875 141.967742919921875 141.8712005615234375 141.8723907470703125 141.9517059326171875 141.935455322265625 142.048797607421875 142.9298858642578125 143.2060546875 142.6374969482421875 142.4677581787109375 142.1864776611328125 142.3517303466796875 142.2250213623046875 142.2647247314453125 142.2765655517578125 142.2465972900390625 142.1670379638671875 142.1211700439453125 142.3157196044921875 142.77093505859375 143.8847503662109375 145.766571044921875 149.23162841796875 151.238189697265625 152.5804901123046875 155.3763885498046875 157.0634613037109375 157.57452392578125 154.541900634765625 149.5300140380859375 148.474395751953125 149.5364990234375 151.2840118408203125 -9999 -9999 -9999 -9999 -9999 -9999 -9999 -9999 -9999 -9999 -9999
141.9658355712890625 141.9851837158203125 141.96563720703125 141.8500213623046875 141.867645263671875 141.9284820556640625 141.8802337646484375 141.8707122802734375 142.7407379150390625 143.2655181884765625 142.833404541015625 142.3751678466796875 142.2797393798828125 142.12548828125 142.23687744140625 142.254669189453125 142.2523345947265625 142.2431640625 142.0984954833984375 142.04119873046875 142.318878173828125 142.668365478515625 143.3405609130859375 144.72021484375 147.58251953125 150.8313446044921875 151.86614990234375 153.57550048828125 155.48431396484375 155.8209228515625 150.382049560546875 148.078704833984375 149.1344757080078125 154.663543701171875 157.5915985107421875 -9999 -9999 -9999 -9999 -9999 -9999 -9999 -9999 -9999 -9999 -9999
