ValueNro_2398/ValueNro_2398_latvuspeitto.asc
ncols        141
nrows        228
xllcorner    356256.000000000000
yllcorner    6857312.000000000000
cellsize     16.000000000000
NODATA_value -9999
[rows 82 to 122 of 228, columns 0 to 92 of 141]
-9999 -9999 -9999 -9999 -9999 -9999 -9999 -9999 -9999 -9999 -9999 -9999 -9999 -9999 -9999 -9999 -9999 -9999 -9999 -9999 -9999 -9999 -9999 -9999 -9999 -9999 -9999 -9999 -9999 -9999 -9999 -9999 -9999 -9999 -9999 -9999 -9999 -9999 -9999 -9999 -9999 -9999 -9999 -9999 -9999 -9999 -9999 -9999 -9999 -9999 -9999 -9999 -9999 -9999 -9999 -9999 -9999 -9999 -9999 -9999 -9999 -9999 -9999 -9999 -9999 -9999 -9999 32767 32767 62 76 73 73 76 79 68 69 70 67 73 60 72 79 45 45 52 62 53 68 69 67 80 72
-9999 -9999 -9999 -9999 -9999 -9999 -9999 -9999 -9999 -9999 -9999 -9999 -9999 -9999 -9999 -9999 -9999 -9999 -9999 -9999 -9999 -9999 -9999 -9999 -9999 -9999 -9999 -9999 -9999 -9999 -9999 -9999 -9999 -9999 -9999 -9999 -9999 -9999 -9999 -9999 -9999 -9999 -9999 -9999 -9999 -9999 -9999 -9999 -9999 -9999 -9999 -9999 -9999 -9999 -9999 -9999 -9999 -9999 -9999 -9999 -9999 -9999 -9999 -9999 -9999 -9999 -9999 -9999 -9999 -9999 67 73 73 74 80 69 65 70 75 70 74 75 67 47 37 37 36 47 62 68 69 71 75
-9999 -9999 -9999 -9999 -9999 -9999 -9999 -9999 -9999 -9999 -9999 -9999 -9999 -9999 -9999 -9999 -9999 -9999 -9999 -9999 -9999 -9999 -9999 -9999 -9999 -9999 -9999 -9999 -9999 -9999 -9999 -9999 -9999 -9999 -9999 -9999 -9999 -9999 -9999 -9999 -9999 -9999 -9999 -9999 -9999 -9999 -9999 -9999 -9999 -9999 -9999 -9999 -9999 -9999 -9999 -9999 -9999 -9999 -9999 -9999 -9999 -9999 -9999 -9999 -9999 -9999 -9999 -9999 -9999 -9999 -9999 67 70 69 62 85 51 70 74 78 59 64 41 45 46 39 42 61 70 63 73 73 82
-9999 -9999 -9999 -9999 -9999 -9999 -9999 -9999 -9999 -9999 -9999 -9999 -9999 -9999 -9999 -9999 -9999 -9999 -9999 -9999 -9999 -9999 -9999 -9999 -9999 -9999 -9999 -9999 -9999 -9999 -9999 -9999 -9999 -9999 -9999 -9999 -9999 -9999 -9999 -9999 -9999 -9999 -9999 -9999 -9999 -9999 -9999 -9999 -9999 -9999 -9999 -9999 -9999 -9999 -9999 -9999 -9999 -9999 -9999 -9999 -9999 -9999 -9999 -9999 -9999 -9999 -9999 -9999 -9999 -9999 -9999 -9999 79 76 69 77 64 54 74 76 70 51 46 39 58 80 83 71 77 48 69 32767 32767
-9999 -9999 -9999 -9999 -9999 -9999 -9999 -9999 -9999 -9999 -9999 -9999 -9999 -9999 -9999 -9999 -9999 -9999 -9999 -9999 -9999 -9999 -9999 -9999 -9999 -9999 -9999 -9999 -9999 -9999 -9999 -9999 -9999 -9999 -9999 -9999 -9999 -9999 -9999 -9999 -9999 -9999 -9999 -9999 -9999 -9999 -9999 -9999 -9999 -9999 -9999 -9999 -9999 -9999 -9999 -9999 -9999 -9999 -9999 -9999 -9999 -9999 -9999 -9999 -9999 -9999 -9999 -9999 -9999 -9999 -9999 -9999 -9999 78 76 74 80 71 74 71 67 73 68 64 71 70 72 67 32767 32767 71 89 74
-9999 -9999 -9999 -9999 -9999 -9999 -9999 -9999 -9999 -9999 -9999 -9999 -9999 -9999 -9999 -9999 -9999 -9999 -9999 -9999 -9999 -9999 -9999 -9999 -9999 -9999 -9999 -9999 -9999 -9999 -9999 -9999 -9999 -9999 -9999 -9999 -9999 -9999 -9999 -9999 -9999 -9999 -9999 -9999 -9999 -9999 -9999 -9999 -9999 -9999 -9999 -9999 -9999 -9999 -9999 -9999 -9999 -9999 -9999 -9999 -9999 -9999 -9999 -9999 -9999 -9999 -9999 -9999 -9999 -9999 -9999 -9999 -9999 71 55 71 75 74 69 73 66 75 73 71 42 83 32767 32767 68 70 76 71 80
-9999 -9999 -9999 -9999 -9999 -9999 -9999 -9999 -9999 -9999 -9999 -9999 -9999 -9999 -9999 -9999 -9999 -9999 -9999 -9999 -9999 -9999 -9999 -9999 -9999 -9999 -9999 -9999 -9999 -9999 -9999 -9999 -9999 -9999 -9999 -9999 -9999 -9999 -9999 -9999 -9999 -9999 -9999 -9999 -9999 -9999 -9999 -9999 -9999 -9999 -9999 -9999 -9999 -9999 -9999 -9999 -9999 -9999 -9999 -9999 -9999 -9999 -9999 -9999 -9999 -9999 -9999 -9999 -9999 -9999 -9999 -9999 -9999 -9999 -9999 73 70 73 74 77 70 70 67 32767 32767 80 73 74 71 83 75 71 72
-9999 -9999 -9999 -9999 -9999 -9999 -9999 -9999 -9999 -9999 -9999 -9999 -9999 -9999 -9999 -9999 -9999 -9999 -9999 -9999 -9999 -9999 -9999 -9999 -9999 -9999 -9999 -9999 -9999 -9999 -9999 -9999 -9999 -9999 -9999 -9999 -9999 -9999 -9999 -9999 -9999 -9999 -9999 -9999 -9999 -9999 -9999 -9999 -9999 -9999 -9999 -9999 -9999 -9999 -9999 -9999 -9999 -9999 -9999 -9999 -9999 -9999 -9999 -9999 -9999 -9999 -9999 -9999 -9999 -9999 -9999 -9999 -9999 -9999 -9999 -9999 77 71 79 76 32767 32767 64 54 67 70 70 79 74 69 75 67 68
-9999 -9999 -9999 -9999 -9999 -9999 -9999 -9999 -9999 -9999 -9999 -9999 -9999 -9999 -9999 -9999 -9999 -9999 -9999 -9999 -9999 -9999 -9999 -9999 -9999 -9999 -9999 -9999 -9999 -9999 -9999 -9999 -9999 -9999 -9999 -9999 -9999 -9999 -9999 -9999 -9999 -9999 -9999 -9999 -9999 -9999 -9999 -9999 -9999 -9999 -9999 -9999 -9999 -9999 -9999 -9999 -9999 -9999 -9999 -9999 -9999 -9999 -9999 -9999 -9999 -9999 -9999 -9999 -9999 -9999 -9999 -9999 -9999 -9999 -9999 -9999 -9999 77 32767 71 68 76 67 73 63 65 67 73 76 78 68 81 59
-9999 -9999 -9999 -9999 -9999 -9999 -9999 -9999 -9999 -9999 -9999 -9999 -9999 -9999 -9999 -9999 -9999 -9999 -9999 -9999 -9999 -9999 -9999 -9999 -9999 -9999 -9999 -9999 -9999 -9999 -9999 -9999 -9999 -9999 -9999 -9999 -9999 -9999 -9999 -9999 -9999 -9999 -9999 -9999 -9999 -9999 -9999 -9999 -9999 -9999 -9999 -9999 -9999 -9999 -9999 -9999 -9999 -9999 -9999 -9999 -9999 -9999 -9999 -9999 -9999 -9999 -9999 -9999 -9999 -9999 -9999 -9999 -9999 -9999 -9999 -9999 -9999 32767 67 68 68 72 81 54 51 56 53 65 66 68 67 66 76
-9999 -9999 -9999 -9999 -9999 -9999 -9999 -9999 -9999 -9999 -9999 -9999 -9999 -9999 -9999 -9999 -9999 -9999 -9999 -9999 -9999 -9999 -9999 -9999 -9999 -9999 -9999 -9999 -9999 -9999 -9999 -9999 -9999 -9999 -9999 -9999 -9999 -9999 -9999 -9999 -9999 -9999 -9999 -9999 -9999 -9999 -9999 -9999 -9999 -9999 -9999 -9999 -9999 -9999 -9999 -9999 -9999 -9999 -9999 -9999 -9999 -9999 -9999 -9999 -9999 -9999 -9999 -9999 -9999 -9999 -9999 -9999 -9999 -9999 -9999 -9999 -9999 75 72 73 75 64 89 81 61 55 36 53 70 82 85 43 44
-9999 -9999 -9999 -9999 -9999 -9999 -9999 -9999 -9999 -9999 -9999 -9999 -9999 -9999 -9999 -9999 -9999 -9999 -9999 -9999 -9999 -9999 -9999 -9999 -9999 -9999 -9999 -9999 -9999 -9999 -9999 -9999 -9999 -9999 -9999 -9999 -9999 -9999 -9999 -9999 -9999 -9999 -9999 -9999 -9999 -9999 -9999 -9999 -9999 -9999 -9999 -9999 -9999 -9999 -9999 -9999 -9999 -9999 -9999 -9999 -9999 -9999 -9999 -9999 -9999 -9999 -9999 -9999 -9999 -9999 -9999 -9999 -9999 -9999 -9999 -9999 -9999 -9999 8 73 81 86 52 62 47 41 53 46 64 72 60 58 62
-9999 -9999 -9999 -9999 -9999 -9999 -9999 -9999 -9999 -9999 -9999 -9999 -9999 -9999 -9999 -9999 -9999 -9999 -9999 -9999 -9999 -9999 -9999 -9999 -9999 -9999 -9999 -9999 -9999 -9999 -9999 -9999 -9999 -9999 -9999 -9999 -9999 -9999 -9999 -9999 -9999 -9999 -9999 -9999 -9999 -9999 -9999 -9999 -9999 -9999 -9999 -9999 -9999 -9999 -9999 -9999 -9999 -9999 -9999 -9999 -9999 -9999 -9999 -9999 -9999 -9999 -9999 -9999 -9999 -9999 -9999 -9999 -9999 -9999 -9999 -9999 -9999 -9999 -9999 -9999 78 32767 32767 51 42 41 53 76 87 74 22 22 36
-9999 -9999 -9999 -9999 -9999 -9999 -9999 -9999 -9999 -9999 -9999 -9999 -9999 -9999 -9999 -9999 -9999 -9999 -9999 -9999 -9999 -9999 -9999 -9999 -9999 -9999 -9999 -9999 -9999 -9999 -9999 -9999 -9999 -9999 -9999 -9999 -9999 -9999 -9999 -9999 -9999 -9999 -9999 -9999 -9999 -9999 -9999 -9999 -9999 -9999 -9999 -9999 -9999 -9999 -9999 -9999 -9999 -9999 -9999 -9999 -9999 -9999 -9999 -9999 -9999 -9999 -9999 -9999 -9999 -9999 -9999 -9999 -9999 -9999 -9999 -9999 -9999 -9999 -9999 32767 32767 32767 54 54 40 53 54 57 77 55 29 9 26
-9999 -9999 -9999 -9999 -9999 -9999 -9999 -9999 -9999 -9999 -9999 -9999 -9999 -9999 -9999 -9999 -9999 -9999 -9999 -9999 -9999 -9999 -9999 -9999 -9999 -9999 -9999 -9999 -9999 -9999 -9999 -9999 -9999 -9999 -9999 -9999 -9999 -9999 -9999 -9999 -9999 -9999 -9999 -9999 -9999 -9999 -9999 -9999 -9999 -9999 -9999 -9999 -9999 -9999 -9999 -9999 -9999 -9999 -9999 -9999 -9999 -9999 -9999 -9999 -9999 -9999 -9999 -9999 -9999 -9999 -9999 -9999 -9999 -9999 -9999 -9999 -9999 -9999 32767 32767 32767 32767 71 73 45 35 50 57 88 82 54 61 13
-9999 -9999 -9999 -9999 -9999 -9999 -9999 -9999 -9999 -9999 -9999 -9999 -9999 -9999 -9999 -9999 -9999 -9999 -9999 -9999 -9999 -9999 -9999 -9999 -9999 -9999 -9999 -9999 -9999 -9999 -9999 -9999 -9999 -9999 -9999 39 57 41 -9999 -9999 -9999 -9999 -9999 -9999 -9999 -9999 -9999 -9999 -9999 -9999 -9999 -9999 -9999 -9999 -9999 -9999 -9999 -9999 -9999 -9999 -9999 -9999 -9999 -9999 -9999 -9999 -9999 -9999 -9999 -9999 -9999 -9999 -9999 -9999 -9999 -9999 -9999 32767 32767 32767 32767 35 59 59 50 42 66 68 71 85 32767 32767 32767
-9999 -9999 -9999 -9999 -9999 -9999 -9999 -9999 -9999 -9999 -9999 -9999 -9999 -9999 -9999 -9999 -9999 -9999 -9999 -9999 -9999 -9999 -9999 -9999 -9999 -9999 -9999 -9999 -9999 -9999 -9999 -9999 -9999 -9999 14 69 64 32767 43 -9999 -9999 -9999 -9999 -9999 -9999 -9999 -9999 -9999 -9999 -9999 -9999 -9999 -9999 -9999 32767 32767 32767 32767 32767 -9999 -9999 -9999 -9999 -9999 -9999 -9999 -9999 -9999 -9999 -9999 -9999 -9999 -9999 -9999 -9999 -9999 32767 32767 32767 50 44 32767 24 41 42 59 64 32767 32767 32767 32767 32767 32767
-9999 -9999 -9999 -9999 -9999 -9999 -9999 -9999 -9999 -9999 -9999 -9999 -9999 -9999 -9999 -9999 -9999 -9999 -9999 -9999 -9999 -9999 -9999 -9999 -9999 -9999 -9999 -9999 -9999 -9999 -9999 -9999 -9999 32767 49 66 41 32767 32767 47 81 32767 -9999 -9999 -9999 -9999 -9999 -9999 -9999 -9999 -9999 -9999 -9999 32767 32767 32767 32767 32767 32767 59 -9999 -9999 -9999 -9999 -9999 -9999 -9999 -9999 -9999 -9999 -9999 -9999 -9999 -9999 -9999 32767 32767 32767 72 73 57 43 32767 32767 62 36 32767 32767 32767 32767 32767 32767 32767
-9999 -9999 -9999 -9999 -9999 -9999 -9999 -9999 -9999 -9999 -9999 -9999 -9999 -9999 -9999 -9999 -9999 -9999 -9999 -9999 -9999 -9999 -9999 -9999 -9999 -9999 -9999 -9999 -9999 -9999 -9999 -9999 32767 57 62 29 32767 32767 32767 32767 32767 32767 32767 -9999 -9999 -9999 -9999 -9999 -9999 -9999 84 74 32767 32767 32767 32767 32767 32767 32767 55 51 -9999 -9999 -9999 -9999 -9999 -9999 -9999 -9999 -9999 -9999 -9999 -9999 -9999 32767 42 86 85 58 68 57 32767 32767 32767 32767 32767 32767 32767 32767 32767 32767 32767 32767
-9999 -9999 -9999 -9999 -9999 -9999 -9999 -9999 -9999 -9999 -9999 -9999 -9999 -9999 -9999 -9999 -9999 -9999 -9999 -9999 -9999 -9999 -9999 -9999 -9999 -9999 -9999 -9999 -9999 -9999 -9999 -9999 51 70 73 32767 32767 32767 32767 32767 32767 32767 32767 32767 50 32767 32767 32767 -9999 -9999 32767 32767 32767 32767 32767 32767 32767 32767 32767 32767 32767 -9999 -9999 -9999 -9999 -9999 -9999 -9999 -9999 -9999 -9999 -9999 -9999 25 32767 37 40 32767 32767 32767 32767 32767 32767 32767 32767 32767 32767 32767 32767 32767 32767 32767 57
-9999 -9999 -9999 -9999 -9999 -9999 -9999 -9999 -9999 -9999 -9999 -9999 -9999 -9999 -9999 -9999 -9999 -9999 -9999 -9999 -9999 -9999 -9999 -9999 -9999 -9999 -9999 -9999 -9999 -9999 -9999 10 53 65 65 66 68 32767 32767 32767 32767 32767 32767 32767 32767 51 72 57 60 69 50 32767 32767 32767 32767 32767 32767 32767 32767 38 20 18 39 46 61 56 74 20 32767 32767 32767 32767 32767 32767 32767 32767 32767 32767 32767 24 32767 32767 76 77 32767 32767 32767 32767 32767 32767 32767 32767 32767
-9999 -9999 -9999 -9999 -9999 -9999 -9999 -9999 -9999 -9999 -9999 -9999 -9999 -9999 -9999 -9999 -9999 -9999 -9999 -9999 -9999 -9999 -9999 -9999 -9999 -9999 -9999 -9999 -9999 -9999 70 67 73 63 85 67 69 77 77 71 70 32767 32767 32767 20 25 53 59 57 63 54 32767 56 54 61 32767 35 1 1 1 23 24 33 39 35 54 53 68 32767 32767 32767 32767 32767 32767 32767 32767 32767 32767 25 32767 32767 38 61 61 69 18 32767 32767 32767 32767 32767 32767 32767
-9999 -9999 -9999 -9999 -9999 -9999 -9999 -9999 -9999 -9999 -9999 -9999 -9999 -9999 -9999 -9999 -9999 -9999 -9999 -9999 -9999 -9999 -9999 -9999 -9999 -9999 -9999 -9999 -9999 -9999 69 74 62 51 71 73 90 69 72 32767 32767 32767 32767 32767 32767 32767 40 51 54 63 47 32767 45 65 32 1 1 1 1 22 29 48 31 38 43 34 53 63 35 32767 32767 32767 32767 32767 32767 32767 32767 32767 60 61 32767 60 66 64 65 59 32767 32767 32767 32767 32767 32767 32767
-9999 -9999 -9999 -9999 -9999 -9999 -9999 -9999 -9999 -9999 -9999 -9999 -9999 -9999 -9999 -9999 -9999 -9999 -9999 -9999 -9999 -9999 -9999 -9999 -9999 -9999 -9999 -9999 77 66 66 68 77 84 81 74 76 81 32767 32767 32767 32767 32767 32767 32767 32767 68 54 48 40 31 32767 53 57 27 1 1 1 1 29 50 35 60 59 52 47 45 41 70 32767 32767 32767 32767 32767 32767 32767 32767 32767 51 75 66 67 54 60 68 61 80 32767 32767 32767 32767 32767 32767
-9999 -9999 -9999 -9999 -9999 -9999 -9999 -9999 -9999 -9999 -9999 -9999 -9999 -9999 -9999 -9999 -9999 -9999 -9999 -9999 -9999 -9999 -9999 -9999 -9999 -9999 -9999 67 59 80 68 69 55 76 74 78 32767 32767 32767 32767 32767 32767 32767 32767 32767 32767 32767 32767 56 61 58 49 45 46 32 1 1 1 1 42 48 42 54 64 51 34 52 43 59 60 32767 32767 32767 32767 32767 32767 32767 32767 6 78 76 71 63 46 42 84 68 32767 32767 32767 32767 32767 32767
-9999 -9999 -9999 -9999 -9999 -9999 -9999 -9999 -9999 -9999 -9999 -9999 -9999 -9999 -9999 -9999 -9999 -9999 -9999 -9999 -9999 -9999 -9999 -9999 -9999 70 60 60 81 63 71 69 80 82 78 32767 32767 32767 32767 32767 32767 32767 32767 32767 32767 32767 69 42 32767 32767 32767 55 11 34 26 1 1 1 1 42 49 38 51 66 39 25 41 48 60 68 51 32767 32767 32767 32767 32767 32767 32767 6 66 68 50 74 63 42 40 56 84 32767 32767 32767 32767 32767
-9999 -9999 -9999 -9999 -9999 -9999 -9999 -9999 -9999 -9999 -9999 -9999 -9999 -9999 -9999 -9999 -9999 -9999 -9999 -9999 -9999 -9999 -9999 -9999 61 63 67 80 75 76 64 69 71 75 60 32767 32767 32767 32767 32767 32767 32767 32767 32767 32767 39 32767 32767 32767 32767 32767 29 33 31 15 1 1 1 18 29 54 50 56 52 23 26 47 53 49 77 67 64 32767 32767 32767 32767 13 40 80 77 79 64 70 66 58 44 77 80 32767 32767 32767 32767 32767
-9999 -9999 -9999 -9999 -9999 -9999 -9999 -9999 -9999 -9999 -9999 -9999 -9999 -9999 -9999 -9999 -9999 -9999 -9999 -9999 -9999 -9999 -9999 62 63 85 73 74 56 74 84 82 66 51 52 65 32767 32767 32767 15 32767 32767 32767 32767 32767 32767 49 64 32767 64 60 32767 32 28 16 1 1 14 18 26 31 53 52 40 23 38 49 57 55 60 73 81 52 32767 32767 25 58 83 58 33 69 81 63 51 81 41 65 84 66 32767 71 74 72
-9999 -9999 -9999 -9999 -9999 -9999 -9999 -9999 -9999 -9999 -9999 -9999 -9999 -9999 -9999 -9999 -9999 -9999 -9999 -9999 66 52 53 66 71 82 73 60 76 86 81 71 60 32 10 32767 32767 32767 64 32767 32767 32767 32767 78 64 73 79 81 69 61 64 56 49 38 23 1 7 19 17 30 61 63 42 41 41 55 56 56 62 70 70 79 78 84 56 32767 32767 58 32767 32767 38 81 82 67 66 78 81 84 69 68 73 70 68
-9999 -9999 -9999 -9999 -9999 -9999 -9999 -9999 -9999 -9999 -9999 -9999 -9999 -9999 -9999 -9999 -9999 -9999 -9999 52 55 61 55 79 68 77 65 59 68 86 69 41 62 32767 32767 32767 32767 32767 4 32767 32767 32767 32767 75 75 76 63 77 70 71 71 65 53 49 41 19 18 29 43 44 57 63 31 25 52 57 54 51 64 63 65 80 56 65 72 32767 32767 32767 32767 32767 32767 46 75 84 76 82 82 76 78 69 71 73 67
-9999 -9999 -9999 -9999 -9999 -9999 -9999 -9999 -9999 -9999 -9999 -9999 -9999 -9999 -9999 -9999 -9999 -9999 50 55 59 66 85 73 68 72 82 70 68 72 54 50 76 19 32767 32767 32767 32767 32767 32767 32767 32767 32767 68 69 68 75 76 67 71 69 32767 61 52 40 20 25 45 49 48 38 52 50 36 54 50 50 54 63 67 57 85 66 57 66 80 32767 32767 32767 32767 32767 32767 52 64 39 32767 73 60 75 73 73 68 76
-9999 -9999 -9999 -9999 -9999 -9999 -9999 -9999 -9999 -9999 -9999 -9999 -9999 -9999 -9999 -9999 -9999 -9999 56 58 62 77 72 76 74 75 74 75 72 81 56 72 72 5 32767 32767 32767 32767 32767 32767 32767 32767 32767 65 70 73 63 74 70 68 68 32767 57 51 41 11 27 30 50 56 37 50 62 58 53 59 53 55 62 67 71 82 59 62 41 32767 32767 32767 32767 32767 32767 32767 32767 32767 32767 32767 81 69 59 66 65 72 49
-9999 -9999 -9999 -9999 -9999 -9999 -9999 -9999 -9999 -9999 -9999 -9999 -9999 -9999 -9999 -9999 -9999 -9999 50 50 64 75 72 72 72 75 62 78 69 74 70 72 22 32767 32767 32767 62 32767 67 73 32767 32767 59 62 64 72 68 74 70 65 66 32767 58 50 37 11 26 33 37 36 53 47 41 51 52 56 55 65 72 74 70 63 55 72 32767 32767 32767 32767 32767 32767 32767 32767 32767 32767 32767 58 85 79 63 72 67 73 18
-9999 -9999 -9999 -9999 -9999 -9999 -9999 -9999 -9999 -9999 -9999 -9999 -9999 -9999 -9999 -9999 -9999 -9999 53 53 75 72 73 64 65 74 67 86 77 62 82 70 32767 32767 32767 32767 32767 32767 32767 58 66 66 68 65 60 56 61 73 70 64 63 32767 37 32 31 14 15 32 37 48 53 51 53 51 57 53 57 62 76 66 53 54 58 80 32767 32767 32767 32767 32767 32767 32767 32767 32767 32767 49 32767 32767 64 64 69 67 66 35
-9999 -9999 -9999 -9999 -9999 -9999 -9999 -9999 -9999 -9999 -9999 -9999 -9999 -9999 -9999 -9999 -9999 -9999 60 72 67 69 73 69 54 50 78 73 73 83 83 81 32767 32767 32767 32767 32767 32767 32767 32767 65 52 58 66 64 68 70 69 65 60 59 32767 39 30 32 26 29 30 51 47 55 52 59 59 57 52 59 61 63 66 53 59 45 70 32767 32767 32767 32767 32767 32767 32767 32767 32767 56 32767 32767 39 32 46 65 63 70 45
-9999 -9999 -9999 -9999 -9999 -9999 -9999 -9999 -9999 -9999 -9999 -9999 -9999 -9999 -9999 -9999 -9999 -9999 69 72 70 67 57 63 63 75 72 64 82 81 80 76 77 32767 32767 32767 32767 32767 32767 32767 69 65 78 53 65 68 65 71 62 64 60 32767 45 35 32 29 32 35 50 48 58 52 52 51 53 52 57 65 63 66 61 72 27 59 32767 32767 32767 32767 32767 32767 32767 32767 32767 32767 80 78 50 54 36 69 68 66 62
-9999 -9999 -9999 -9999 -9999 -9999 -9999 -9999 -9999 -9999 -9999 -9999 -9999 -9999 -9999 -9999 -9999 57 69 70 68 70 53 48 72 74 60 75 83 80 77 82 81 73 61 32767 5 32767 32767 32767 56 63 63 66 67 65 64 71 72 66 67 57 46 45 39 28 29 44 42 47 58 52 51 55 56 54 52 68 78 67 39 70 36 65 32767 32767 32767 32767 32767 32767 32767 32767 32767 32767 32767 57 85 59 39 68 67 55 51
-9999 -9999 -9999 -9999 -9999 -9999 -9999 -9999 -9999 -9999 -9999 -9999 -9999 -9999 -9999 -9999 -9999 32767 38 74 66 33 42 42 64 71 73 80 82 80 77 78 71 83 32767 32767 32767 13 45 75 74 62 54 60 63 69 68 70 70 68 65 56 32767 47 45 35 44 50 46 49 51 56 55 55 58 57 55 69 68 60 44 68 88 86 74 32767 32767 32767 32767 32767 32767 32767 32767 32767 32767 7 58 59 37 78 51 64 52
-9999 -9999 -9999 -9999 -9999 -9999 -9999 -9999 -9999 -9999 -9999 -9999 -9999 -9999 -9999 -9999 -9999 -9999 32767 6 66 58 47 37 64 70 64 76 81 81 70 68 52 71 32767 32767 32767 32767 67 70 69 61 61 61 63 70 63 65 70 66 59 73 32767 44 47 43 49 47 51 50 51 58 56 60 57 56 56 72 62 64 72 71 57 84 60 32767 32767 32767 32767 32767 32767 32767 32767 32767 32767 32767 44 58 47 50 83 73 80
-9999 -9999 -9999 -9999 -9999 -9999 -9999 -9999 -9999 -9999 -9999 -9999 -9999 -9999 -9999 -9999 -9999 -9999 32767 32767 32767 58 68 64 48 57 74 58 69 82 81 76 69 32767 32767 32767 32767 32767 61 64 61 61 61 76 53 57 53 55 67 64 70 73 55 47 52 53 52 47 53 47 56 57 58 57 54 56 53 67 58 68 69 64 57 57 32767 32767 32767 32767 32767 32767 32767 32767 32767 32767 32767 32767 29 58 50 33 80 71 67
-9999 -9999 -9999 -9999 -9999 -9999 -9999 -9999 -9999 -9999 -9999 -9999 -9999 -9999 -9999 -9999 -9999 -9999 -9999 32767 32767 32767 30 56 76 35 69 61 72 50 81 69 61 32767 32767 32767 32767 49 55 57 53 56 70 70 70 66 55 54 67 68 67 70 60 32767 57 60 53 47 51 49 49 62 55 51 55 59 60 63 68 73 73 87 70 36 32767 32767 32767 32767 32767 32767 32767 32767 32767 32767 32767 32767 26 74 80 76 74 76 68
