ValueNro_2398/ValueNro_2398_bm_kuusi_juuret.asc
ncols        141
nrows        228
xllcorner    356256.000000000000
yllcorner    6857312.000000000000
cellsize     16.000000000000
NODATA_value -9999
[rows 117 to 155 of 228, columns 0 to 86 of 141]
-9999 -9999 -9999 -9999 -9999 -9999 -9999 -9999 -9999 -9999 -9999 -9999 -9999 -9999 -9999 -9999 -9999 -9999 617 994 2537 2810 641 363 458 845 1249 996 1289 1230 1264 968 696 32767 32767 32767 32767 32767 32767 32767 268 466 244 93 759 830 537 719 263 291 288 32767 153 40 51 52 50 40 183 137 172 32 31 205 206 6 5 13 13 350 632 276 210 434 32767 32767 32767 32767 32767 32767 32767 32767 32767 32767 828 499 222
-9999 -9999 -9999 -9999 -9999 -9999 -9999 -9999 -9999 -9999 -9999 -9999 -9999 -9999 -9999 -9999 -9999 203 781 1178 2355 414 339 250 912 2313 680 1435 2004 1278 569 784 1406 1219 399 32767 0 32767 32767 32767 236 534 361 162 649 363 502 612 998 507 412 163 55 52 92 48 52 91 126 156 172 38 58 143 169 156 6 237 617 361 30 206 342 635 32767 32767 32767 32767 32767 32767 32767 32767 32767 32767 32767 180 442
-9999 -9999 -9999 -9999 -9999 -9999 -9999 -9999 -9999 -9999 -9999 -9999 -9999 -9999 -9999 -9999 -9999 32767 79 1647 1086 219 227 274 812 919 955 1256 1836 1375 565 509 746 1069 32767 32767 32767 0 247 762 267 522 132 514 565 1201 566 634 721 872 588 540 32767 186 46 0 88 96 153 161 189 119 154 155 146 114 0 261 768 518 76 228 757 645 607 32767 32767 32767 32767 32767 32767 32767 32767 32767 32767 70 483
-9999 -9999 -9999 -9999 -9999 -9999 -9999 -9999 -9999 -9999 -9999 -9999 -9999 -9999 -9999 -9999 -9999 -9999 32767 0 611 255 416 281 786 324 891 598 1230 1324 255 377 809 427 32767 32767 32767 32767 408 360 575 559 520 574 511 407 475 598 612 625 389 587 32767 186 192 134 180 188 164 171 202 121 14 0 16 18 0 514 561 1089 443 922 137 275 170 32767 32767 32767 32767 32767 32767 32767 32767 32767 32767 32767 272
-9999 -9999 -9999 -9999 -9999 -9999 -9999 -9999 -9999 -9999 -9999 -9999 -9999 -9999 -9999 -9999 -9999 -9999 32767 32767 32767 316 302 204 230 188 620 791 878 2275 2015 1068 279 32767 32767 32767 32767 32767 532 191 188 289 235 436 94 202 290 303 600 964 510 604 92 68 90 160 221 212 203 142 19 14 20 0 0 65 5 407 419 187 548 446 456 297 32767 32767 32767 32767 32767 32767 32767 32767 32767 32767 32767 32767 48
-9999 -9999 -9999 -9999 -9999 -9999 -9999 -9999 -9999 -9999 -9999 -9999 -9999 -9999 -9999 -9999 -9999 -9999 -9999 32767 32767 32767 0 437 431 266 195 253 419 447 761 407 151 32767 32767 32767 32767 476 650 481 320 226 617 389 617 502 328 216 654 577 357 481 26 32767 182 0 97 168 181 77 80 0 20 59 114 314 505 244 659 202 621 567 298 11 32767 32767 32767 32767 32767 32767 32767 32767 32767 32767 32767 32767 0
-9999 -9999 -9999 -9999 -9999 -9999 -9999 -9999 -9999 -9999 -9999 -9999 -9999 -9999 -9999 -9999 -9999 -9999 -9999 529 49 32767 32767 30 1715 211 186 291 285 268 166 113 32767 510 25 714 1195 269 180 591 882 116 196 439 614 806 452 156 163 191 324 371 5 128 349 0 79 108 108 19 21 8 65 163 393 912 1206 847 395 199 600 503 253 586 32767 32767 32767 32767 32767 32767 32767 32767 32767 32767 32767 32767 3
-9999 -9999 -9999 -9999 -9999 -9999 -9999 -9999 -9999 -9999 -9999 -9999 -9999 -9999 -9999 -9999 -9999 -9999 -9999 546 321 81 32767 32767 479 632 205 184 709 519 239 32767 32767 334 32767 32767 1518 238 126 28 152 105 71 379 275 511 648 237 579 184 197 405 412 657 32767 338 0 17 0 0 0 66 62 158 902 1126 1479 1123 213 452 462 65 308 245 32767 32767 32767 32767 32767 32767 32767 32767 32767 32767 32767 0 32767
-9999 -9999 -9999 -9999 -9999 -9999 -9999 -9999 -9999 -9999 -9999 -9999 -9999 -9999 -9999 -9999 -9999 -9999 -9999 98 6 165 0 32767 32767 28 79 324 1128 101 729 32767 764 32767 32767 32767 32767 1022 32767 32767 32767 204 44 194 340 301 279 207 787 232 180 1016 419 336 32767 482 0 0 0 0 76 167 349 1040 877 911 1098 430 188 199 229 114 131 396 419 32767 32767 32767 32767 32767 32767 32767 32767 199 374 38 32767
-9999 -9999 -9999 -9999 -9999 -9999 -9999 -9999 -9999 -9999 -9999 -9999 -9999 -9999 -9999 -9999 -9999 -9999 641 465 445 188 1534 2026 32767 32767 402 466 117 184 32767 32767 32767 32767 32767 32767 32767 32767 32767 32767 32767 32767 104 1111 2633 2158 994 845 496 720 910 1814 1334 628 32767 710 717 269 290 257 109 109 883 965 146 867 404 197 409 218 115 213 105 0 0 32767 32767 32767 32767 32767 32767 326 257 126 86 196 32767
-9999 -9999 -9999 -9999 -9999 -9999 -9999 -9999 -9999 -9999 -9999 -9999 -9999 -9999 -9999 -9999 -9999 -9999 542 1077 600 421 181 726 546 32767 32767 0 2028 6 32767 315 1652 32767 32767 32767 167 503 32767 32767 32767 32767 32767 182 2033 2039 1781 613 2324 1448 992 579 547 938 844 1018 567 832 282 268 25 110 358 945 227 506 258 196 182 122 179 65 0 7 0 32767 32767 32767 32767 32767 32767 680 1202 327 167 0 58
-9999 -9999 -9999 -9999 -9999 -9999 -9999 -9999 -9999 -9999 -9999 -9999 -9999 -9999 -9999 -9999 333 37 346 448 2347 3044 870 953 819 1182 32767 32767 0 32767 32767 32767 401 369 385 443 32767 32767 32767 32767 32767 32767 32767 317 1772 1565 1026 723 522 587 496 464 423 221 609 1386 358 770 424 327 102 303 414 982 497 944 454 51 47 165 0 0 0 0 0 0 32767 32767 32767 306 1000 1224 774 413 87 82 53
-9999 -9999 -9999 -9999 -9999 -9999 -9999 -9999 -9999 -9999 -9999 -9999 -9999 -9999 -9999 44 98 26 305 2798 3013 2006 1816 2176 1256 1379 677 32767 32767 32767 1644 699 32767 227 821 581 32767 32767 32767 32767 32767 32767 32767 32767 536 1775 1766 1406 430 433 500 286 276 112 430 335 1779 493 564 1240 730 490 345 380 601 392 163 164 64 57 0 0 0 8 0 0 32767 32767 32767 32767 1600 1191 668 697 154 100 125
-9999 -9999 -9999 -9999 -9999 -9999 -9999 -9999 -9999 -9999 926 484 343 20 13 11 11 79 989 2551 2181 1694 3330 950 1242 187 353 421 32767 32767 155 324 268 32767 352 193 32767 32767 32767 32767 32767 32767 32767 32767 477 1137 882 2181 417 423 397 524 497 428 243 369 731 592 610 637 1433 301 178 1022 325 510 167 0 0 0 0 0 70 12 0 0 17 32767 32767 778 992 1175 163 310 74 88 85
-9999 -9999 -9999 -9999 -9999 -9999 -9999 -9999 -9999 1201 1707 2096 163 131 122 124 233 1273 2050 2775 2312 959 889 32767 32767 32767 32767 867 0 32767 32767 728 1246 524 32767 201 32767 32767 32767 32767 32767 32767 32767 32767 136 961 1081 768 577 331 165 119 326 207 231 216 364 656 645 562 556 513 308 1097 230 120 86 57 0 0 0 63 71 13 16 0 17 32767 232 812 1648 1675 785 294 0 35 297
-9999 -9999 -9999 -9999 -9999 -9999 -9999 -9999 1129 1335 1511 1254 551 185 262 216 2216 2696 2899 1457 2008 843 939 32767 32767 32767 32767 244 529 32767 32767 0 685 478 348 185 32767 32767 32767 32767 32767 32767 32767 32767 199 1891 1363 1193 1407 69 173 51 229 150 128 69 14 21 364 606 620 799 289 1192 386 493 83 62 0 0 64 88 75 16 17 0 22 80 62 291 1073 1473 705 531 151 471 327
-9999 -9999 -9999 -9999 -9999 -9999 -9999 565 952 1356 383 742 1568 1849 786 665 1808 1063 1969 683 645 875 1498 32767 32767 32767 32767 376 32767 889 32767 32767 242 796 591 32767 537 32767 32767 32767 32767 32767 32767 32767 1331 638 1781 1397 519 103 82 53 172 638 169 25 154 58 28 377 776 830 191 889 458 171 149 0 0 0 67 106 49 0 111 78 39 48 46 31 1154 1404 1549 1108 882 548 243
-9999 -9999 -9999 -9999 -9999 -9999 -9999 223 569 774 905 1163 843 771 707 245 412 1356 2330 625 703 621 515 1407 32767 2351 386 613 32767 47 1833 32767 32767 303 701 556 32767 32767 32767 32767 32767 32767 32767 32767 455 32767 292 1027 425 76 26 90 55 96 26 104 132 125 52 39 890 1116 833 943 886 141 362 148 55 72 175 122 84 133 78 73 0 0 102 653 1476 1601 2194 2724 1146 1113 277
-9999 -9999 -9999 -9999 -9999 -9999 17 104 372 165 80 81 100 126 243 70 67 560 291 3790 3729 525 484 482 709 816 289 452 32767 1849 2148 347 32767 32767 252 68 455 362 32767 32767 32767 32767 32767 47 156 432 32767 985 787 786 27 149 59 0 49 125 116 122 40 37 68 69 50 437 875 718 36 366 473 8 45 870 273 79 76 9 19 52 469 990 1356 2367 2450 2519 1754 1200 1108
-9999 -9999 -9999 -9999 -9999 10 9 404 131 57 11 131 11 79 39 65 12 110 558 235 575 739 549 726 733 32767 234 289 32767 606 849 1404 490 32767 32767 834 423 32767 507 32767 32767 32767 49 32767 32767 32767 612 1169 899 478 53 142 24 13 0 84 46 133 25 42 90 53 40 68 314 789 739 271 252 250 333 322 60 107 71 9 9 25 789 63 941 2004 2077 1865 2055 1844 1394
-9999 -9999 -9999 -9999 128 173 128 63 11 12 13 12 11 72 77 14 10 10 81 638 754 528 939 1382 2658 2440 524 473 195 476 593 484 887 32767 32767 59 441 470 601 32767 32767 101 32767 85 32767 32767 549 638 805 1249 39 15 26 0 12 0 46 114 19 38 54 102 107 62 60 920 538 337 269 870 144 51 88 30 0 12 13 72 111 393 747 1599 1189 723 1143 2432 1689
-9999 -9999 -9999 292 9 14 43 35 9 10 11 12 13 78 12 11 9 11 15 107 409 624 230 631 2707 1086 552 32767 1239 779 117 472 153 32767 32767 32767 48 416 408 460 32767 32767 0 32767 32767 32767 431 544 1355 354 38 37 23 138 0 0 42 126 17 22 55 85 138 150 25 671 1357 695 142 226 142 88 97 21 0 0 84 78 146 380 1300 1161 1110 650 1203 2380 2746
-9999 -9999 1333 663 115 26 55 38 35 12 12 43 11 12 10 24 33 32 17 12 32 77 748 1228 2446 1414 32767 2337 1443 562 634 109 32767 32767 32767 32767 32767 210 573 32767 32767 32767 32767 32767 32767 32767 32767 268 1929 2081 112 70 0 128 40 14 45 128 88 42 45 46 138 128 48 238 1254 1019 276 138 123 393 0 32 0 5 59 13 20 64 610 946 1331 1018 2339 2603 2653
2175 2208 1522 497 380 147 420 754 103 103 46 68 3 3 141 32 74 60 38 32 0 31 61 32767 32767 2498 2188 2207 2165 1657 899 32767 32767 32767 32767 32767 32767 32767 470 32767 32767 32767 32767 32767 32767 32767 32767 446 1518 1178 90 37 0 0 185 17 6 176 110 84 48 63 180 175 23 53 280 292 125 265 891 86 39 229 67 0 6 88 0 42 757 1542 1857 1880 1473 1498 2042
2630 2059 1234 1251 380 312 808 759 642 306 74 40 56 25 206 60 61 45 43 60 34 32767 32767 638 2192 2990 2435 2344 2801 459 32767 32767 32767 32767 32767 32767 61 32767 32767 32767 32767 32767 32767 0 32767 32767 32767 292 382 578 590 0 0 0 175 0 5 0 102 83 126 182 130 50 17 37 57 188 201 270 295 137 258 339 202 99 289 194 100 12 304 1470 1811 1104 744 611 761
-9999 1729 1603 906 658 805 934 636 657 370 715 473 89 3 0 3 36 14 0 0 32767 4 1074 729 2276 2584 1481 1409 318 32767 32767 32767 32767 32767 32767 32767 32767 32767 32767 32767 32767 80 140 32767 32767 32767 689 271 299 632 256 21 0 0 162 12 268 78 50 111 54 58 47 42 67 17 56 364 204 810 303 433 394 57 393 705 638 587 1546 913 594 1508 1447 569 17 17 200
-9999 -9999 -9999 234 207 1153 355 602 267 617 654 798 1172 85 69 5 0 0 0 8 500 322 780 1610 2549 3173 1673 236 32767 32767 32767 32767 32767 32767 32767 32767 32767 32767 32767 32767 8 148 336 32767 32767 72 446 41 239 749 1155 414 0 17 138 14 363 24 77 119 111 50 59 61 57 69 45 167 927 1052 18 17 394 392 219 351 323 488 1586 2392 1495 1620 966 683 0 37 106
-9999 -9999 -9999 6 685 370 388 408 245 821 267 714 675 280 266 23 4 32767 32767 83 181 174 1627 1932 2205 3301 683 32767 32767 32767 32767 32767 32767 32767 32767 32767 32767 32767 32767 32767 32767 32767 32767 32767 32767 32767 0 216 712 1061 512 519 47 3 141 184 132 264 76 178 71 47 81 56 57 96 41 58 679 1009 290 17 31 538 347 188 229 157 873 1711 1114 2148 1769 76 19 35 19
-9999 -9999 -9999 42 155 1082 430 397 384 713 427 467 867 230 269 66 32767 5 55 44 493 211 989 2543 2683 2539 32767 32767 32767 32767 32767 32767 32767 32767 32767 32767 32767 32767 32767 32767 32767 32767 32767 32767 32767 0 32767 174 327 783 190 1029 1177 26 178 428 89 15 40 61 14 46 31 45 44 55 82 34 21 453 616 313 15 470 408 151 15 5 498 2263 1180 1866 2555 555 0 38 0
-9999 -9999 -9999 26 68 193 228 495 1067 317 448 279 801 678 138 32767 735 750 364 463 314 223 101 1673 2384 2433 32767 32767 32767 32767 32767 32767 32767 32767 32767 32767 32767 32767 32767 32767 32767 32767 32767 32767 32767 32767 32767 168 274 375 335 391 335 68 73 263 290 602 45 46 33 29 79 52 45 44 122 75 19 499 565 282 261 0 38 37 38 42 131 604 1662 1795 1676 342 21 43 18
-9999 -9999 -9999 48 21 0 718 553 307 609 488 407 1060 680 767 66 91 115 361 725 483 162 80 1368 1286 1179 1127 32767 32767 32767 32767 32767 32767 32767 32767 32767 32767 32767 32767 32767 32767 32767 32767 32767 32767 434 89 147 321 273 259 403 487 423 39 379 342 80 42 41 37 37 44 46 40 36 37 132 23 296 678 290 20 109 145 59 44 28 148 305 805 2556 1772 624 20 44 20
-9999 -9999 -9999 162 16 557 1217 957 512 741 293 271 525 894 32767 117 97 358 445 484 475 209 1030 1215 1245 1041 759 1502 32767 32767 32767 32767 39 32767 32767 32767 32767 32767 32767 32767 32767 32767 32767 32767 32767 76 596 611 584 309 283 180 111 23 36 14 251 90 89 88 80 115 208 205 190 0 0 44 106 0 469 0 147 201 138 0 0 38 41 56 225 1029 2562 965 6 22 22
-9999 -9999 -9999 376 517 592 549 344 347 816 528 255 470 32767 260 238 242 291 603 285 276 279 628 1719 1432 1166 1275 763 201 32767 0 0 175 32767 32767 32767 32767 32767 32767 32767 32767 32767 32767 32767 32767 38 368 131 546 381 392 503 140 82 43 56 146 390 73 84 80 203 104 111 99 89 0 39 211 0 641 363 166 137 128 0 0 39 29 41 5 1075 3233 2401 544 5 0
-9999 -9999 -9999 717 1032 924 484 279 806 1074 662 32767 714 3253 4063 3363 3236 2341 884 843 255 757 832 850 646 822 506 1224 642 41 0 0 0 44 32767 32767 32767 32767 32767 32767 32767 32767 32767 93 32767 32767 487 84 52 115 51 342 313 442 585 573 41 663 307 87 112 102 87 91 0 0 0 25 209 0 391 582 20 109 156 45 30 38 43 72 0 267 2271 2840 899 744 20
-9999 -9999 -9999 583 241 209 262 447 236 772 32767 1450 2942 3305 2575 3485 2604 2086 1531 644 220 244 935 674 673 801 2181 1063 315 0 0 0 0 0 32767 32767 32767 32767 32767 32767 32767 32767 32767 32767 0 32767 0 59 74 276 576 458 25 47 542 723 144 716 335 318 97 99 0 197 112 214 201 0 146 6 994 600 0 116 133 120 30 0 38 31 31 130 2187 3491 827 629 63
-9999 -9999 -9999 771 668 353 248 479 307 32767 1685 993 1289 896 1195 1378 1128 773 1399 573 798 303 442 517 641 1966 1988 1701 668 33 0 0 0 0 0 32767 32767 32767 32767 32767 32767 32767 32767 32767 32767 32767 32767 86 256 386 199 32767 32767 455 540 322 522 515 359 253 110 122 195 134 154 152 223 129 96 121 310 526 363 119 166 62 0 0 0 45 67 4 335 3440 2362 704 190
-9999 -9999 -9999 815 315 295 89 406 32767 317 646 377 419 800 470 690 453 842 842 505 330 187 519 391 538 1267 1467 1195 347 35 0 0 0 0 0 32767 32767 32767 32767 32767 32767 32767 32767 32767 32767 32767 32767 32767 477 402 73 32767 32767 603 79 172 241 217 516 64 79 212 154 140 132 118 112 0 28 36 12 589 0 32 75 108 0 109 38 43 63 10 48 2304 3287 724 206
-9999 -9999 -9999 539 409 387 431 32767 337 493 357 626 612 480 464 508 489 522 603 810 469 317 355 395 452 1404 2365 1217 326 81 0 0 45 44 11 0 32767 32767 32767 32767 32767 32767 32767 32767 32767 32767 32767 32767 32767 456 32767 32767 32767 600 110 204 230 158 60 304 79 111 49 89 0 40 111 123 52 25 266 594 396 48 78 45 46 47 73 41 37 0 688 925 434 601 199
-9999 -9999 157 435 355 641 32767 312 327 753 814 582 484 448 226 246 537 586 595 681 508 211 351 226 564 1353 710 1569 1082 761 68 81 117 110 49 47 53 32767 32767 32767 32767 32767 32767 32767 32767 32767 32767 0 32767 0 0 32767 32767 445 388 414 408 413 518 922 202 40 0 40 47 54 59 59 41 132 758 906 7 25 139 71 127 50 48 46 118 396 682 869 378 559 330
