ValueNro_2398/ValueNro_2398_lehtip_latvuspeitto.asc
ncols        141
nrows        228
xllcorner    356256.000000000000
yllcorner    6857312.000000000000
cellsize     16.000000000000
NODATA_value -9999
[rows 172 to 214 of 228, columns 0 to 95 of 141]
-9999 -9999 -9999 -9999 -9999 -9999 -9999 16 32 18 29 43 31 4 28 12 38 17 24 11 36 39 26 31 24 5 0 6 10 6 13 16 32767 14 11 7 4 0 6 8 6 18 6 16 42 20 14 32767 32767 32767 32767 32767 32767 32767 11 21 5 2 32767 0 5 2 1 4 7 2 9 2 5 7 4 0 1 1 2 0 1 1 4 6 10 1 11 5 4 5 10 9 8 10 8 5 2 2 2 5
-9999 -9999 -9999 -9999 -9999 -9999 -9999 -9999 29 41 18 35 12 39 10 25 29 24 31 14 32 45 32 18 26 7 7 18 19 7 7 1 32767 3 23 11 7 10 0 1 2 8 17 20 6 6 32767 32767 32767 32767 32767 32767 32767 32767 10 21 3 6 32767 32767 3 1 0 4 15 14 29 32 5 6 6 0 0 0 1 1 1 0 4 9 32767 3 0 5 5 9 9 10 10 4 10 7 2 2 2 5
-9999 -9999 -9999 -9999 -9999 -9999 -9999 -9999 -9999 34 25 13 26 11 15 17 4 10 2 13 7 31 39 28 18 21 17 12 8 6 7 6 10 32 36 41 53 9 8 10 14 8 7 4 6 32767 32767 19 32767 32767 32767 32767 32767 32767 30 6 15 4 7 32767 0 9 2 2 15 12 29 10 7 6 7 4 0 0 2 1 1 0 3 9 32767 9 2 11 9 9 8 7 5 5 6 9 7 7 5 2
-9999 -9999 -9999 -9999 -9999 -9999 -9999 -9999 -9999 -9999 24 5 9 3 6 15 17 35 33 7 18 24 36 28 39 24 7 30 10 11 5 32767 11 28 43 18 16 22 9 1 9 2 13 1 1 32767 32767 26 17 32767 32767 32767 32767 32767 26 6 5 7 8 32767 32767 2 3 0 16 15 18 15 3 5 9 0 1 1 1 0 2 0 3 7 32767 8 1 4 11 2 6 1 10 8 6 7 5 1 7 2
-9999 -9999 -9999 -9999 -9999 -9999 -9999 -9999 -9999 -9999 16 13 22 7 15 28 24 28 22 37 8 6 26 37 38 36 9 36 19 13 32767 10 29 16 15 22 27 28 3 11 9 8 9 1 8 2 32767 32767 32767 32767 32767 32767 32767 32767 32767 40 26 11 5 3 32767 32767 7 1 8 7 31 2 3 3 2 1 1 0 0 0 0 0 0 8 13 10 15 2 1 2 0 1 1 10 5 9 4 5 7 0
-9999 -9999 -9999 -9999 -9999 -9999 -9999 -9999 25 9 7 12 13 16 7 28 27 28 28 36 27 24 25 40 29 36 18 10 29 13 7 13 8 9 6 4 20 31 12 2 4 19 5 2 5 7 32767 32767 32767 32767 32767 32767 32767 32767 32767 18 16 19 9 3 32767 32767 1 3 8 8 15 5 13 12 3 1 0 0 0 1 0 0 0 4 8 32767 12 9 4 0 0 1 1 9 5 11 8 4 8 3
-9999 -9999 -9999 -9999 -9999 -9999 -9999 -9999 8 12 11 11 21 15 13 10 23 34 31 18 44 34 34 27 36 35 51 29 10 32767 13 37 20 21 10 6 24 24 20 12 18 4 1 0 1 4 2 32767 32767 32767 32767 32767 32767 32767 32767 4 24 7 6 3 1 32767 32767 9 9 5 18 10 22 10 11 3 0 0 1 0 0 0 5 6 14 17 32767 12 10 4 2 2 0 8 6 11 10 4 5 2
-9999 -9999 -9999 -9999 -9999 -9999 -9999 -9999 8 9 10 5 22 6 13 35 29 14 17 22 39 34 43 37 42 69 45 17 32767 22 27 34 9 35 8 12 17 23 13 10 12 5 1 0 3 6 5 23 32767 32767 32767 32767 32767 32767 32767 32767 7 10 9 3 8 0 32767 1 13 24 25 13 22 16 18 6 0 1 0 0 0 4 3 11 14 11 18 32767 14 7 0 0 1 5 11 10 10 1 1 10
-9999 -9999 -9999 -9999 -9999 -9999 -9999 -9999 2 0 3 4 4 32767 2 25 38 26 29 48 30 45 68 30 32 7 24 32767 8 4 54 39 18 18 18 17 31 16 14 3 3 1 6 0 4 6 6 4 32767 32767 32767 32767 32767 32767 32767 32767 32767 20 1 3 1 5 32767 32767 6 42 28 37 23 11 14 6 0 0 0 0 2 5 10 6 8 10 14 19 26 7 1 3 10 5 7 6 10 4 1 5
-9999 -9999 -9999 -9999 -9999 -9999 -9999 -9999 19 1 32767 32767 32767 32767 32767 32767 1 8 7 30 31 28 7 18 32767 32767 13 16 14 26 36 20 14 23 24 14 13 16 12 14 4 5 1 5 5 14 15 8 25 7 32767 32767 32767 32767 32767 32767 32767 23 2 7 15 3 3 32767 3 4 7 25 10 7 9 5 0 0 0 2 2 5 7 10 7 13 13 17 18 32767 2 1 9 5 6 7 9 4 1 5
-9999 -9999 -9999 -9999 -9999 -9999 -9999 -9999 32767 7 7 1 3 9 3 0 5 32767 32767 4 9 19 32767 32767 23 30 54 45 12 28 24 16 11 6 6 0 5 18 8 20 3 1 4 5 5 9 9 16 7 10 6 4 9 4 4 32767 32767 32767 8 7 6 2 5 32767 32767 7 10 13 13 3 2 1 0 2 0 0 2 7 10 12 10 8 10 20 16 9 10 3 4 7 4 4 10 10 1 1
-9999 -9999 -9999 -9999 -9999 -9999 -9999 -9999 4 18 7 3 2 6 11 1 5 7 4 8 21 28 18 14 49 34 29 43 28 27 22 31 20 41 1 15 6 11 1 6 6 2 5 8 9 11 20 15 9 8 5 0 0 1 7 3 21 6 20 7 1 0 4 4 32767 32767 20 27 11 24 3 5 0 3 2 2 5 11 12 11 8 10 7 20 13 10 12 15 3 4 3 0 10 9 8 9
-9999 -9999 -9999 -9999 -9999 -9999 -9999 -9999 -9999 -9999 12 12 9 10 1 25 17 11 27 11 15 26 32 24 18 20 10 18 23 6 19 19 17 5 5 10 13 13 8 3 5 4 4 3 9 5 4 5 14 8 13 8 1 2 1 6 8 14 12 6 1 5 3 4 1 32767 6 19 17 22 2 3 2 3 2 5 9 9 9 11 11 12 12 16 21 13 32767 22 11 5 0 4 9 9 2 1
-9999 -9999 -9999 -9999 -9999 -9999 -9999 -9999 -9999 -9999 14 12 6 10 3 6 15 17 15 15 18 17 21 26 23 20 17 18 20 26 24 23 33 14 10 5 7 4 5 14 1 23 15 4 5 15 5 15 12 17 15 7 3 3 3 1 2 1 11 17 6 7 9 2 6 32767 32767 27 20 24 28 2 4 3 8 6 8 9 10 13 12 12 12 12 13 18 24 30 32767 10 6 0 3 3 1 2
-9999 -9999 -9999 -9999 -9999 -9999 -9999 -9999 10 24 13 18 7 11 6 2 19 10 6 27 25 24 17 16 14 14 11 14 33 27 32 32 2 34 2 9 3 7 8 0 1 10 8 5 7 6 6 15 8 10 10 12 8 9 6 18 4 4 7 9 10 3 9 6 2 0 32767 8 22 29 14 5 3 3 6 6 7 10 9 11 15 13 11 12 17 13 19 26 16 17 8 5 1 3 1 1
-9999 -9999 -9999 -9999 -9999 -9999 -9999 -9999 4 8 18 11 7 2 8 4 16 21 36 33 25 25 16 20 21 12 12 21 20 14 27 44 13 28 3 4 6 7 7 7 8 12 5 12 16 21 1 3 13 17 10 33 41 19 6 6 10 4 7 14 1 8 6 8 7 7 32767 32767 8 5 15 5 5 1 7 10 13 13 12 14 12 11 24 18 23 12 12 23 18 23 12 8 4 4 5 7
-9999 -9999 -9999 -9999 -9999 -9999 -9999 32767 2 9 9 8 10 8 8 4 18 28 28 18 37 25 13 11 13 14 13 27 39 28 16 16 28 9 10 8 7 7 6 6 8 4 6 11 6 5 8 6 28 23 17 22 21 22 29 4 7 14 4 26 1 4 6 9 5 3 0 32767 0 17 11 2 16 5 4 9 16 9 20 19 13 19 22 19 19 11 22 16 18 32767 15 11 7 7 6 10
-9999 -9999 -9999 -9999 -9999 -9999 -9999 32767 3 4 6 11 4 12 8 1 10 19 28 36 28 19 27 11 19 31 23 16 14 18 13 17 10 30 9 1 7 7 6 5 8 0 5 8 7 10 7 10 11 11 6 32 13 15 15 26 5 33 21 17 7 1 10 1 10 4 6 32767 32767 7 8 3 26 3 4 4 17 1 0 7 12 12 12 11 15 23 14 14 10 24 32767 32767 32767 32767 32767 5
-9999 -9999 -9999 -9999 -9999 -9999 5 32767 0 4 12 4 2 10 5 2 7 10 24 28 23 18 20 28 13 22 17 19 32 21 48 16 15 16 7 8 4 6 6 1 1 4 4 5 10 10 13 9 22 18 17 18 5 16 16 20 17 36 28 26 15 1 18 7 6 8 5 4 32767 5 7 17 3 1 16 1 7 8 7 6 2 12 11 9 7 22 12 10 12 11 13 10 4 4 8 11
-9999 -9999 -9999 -9999 -9999 5 7 32767 3 24 4 2 9 9 2 3 0 0 0 12 5 36 26 15 20 21 9 13 46 42 48 51 16 19 9 5 5 0 0 2 6 6 14 6 1 7 21 1 4 4 5 15 13 10 6 26 15 22 16 39 29 5 7 6 11 11 0 6 32767 32767 7 22 9 17 0 7 8 1 5 7 1 10 7 5 8 15 20 16 6 10 9 3 0 1 5 9
-9999 -9999 -9999 -9999 -9999 2 6 32767 5 8 3 1 12 8 4 3 0 8 9 11 3 30 30 20 0 7 11 13 25 15 16 18 13 11 5 5 2 4 0 3 13 8 3 1 5 2 6 3 6 8 6 2 13 8 6 4 28 20 18 32 29 12 4 5 3 5 6 7 32767 32767 3 9 14 11 7 5 5 6 5 0 0 12 12 7 12 13 11 14 7 5 1 1 1 0 5 3
-9999 -9999 -9999 -9999 7 4 14 32767 0 8 14 4 10 9 4 2 0 4 7 6 11 6 7 4 6 2 7 7 8 12 15 10 17 8 13 12 7 6 7 12 3 7 6 1 5 7 9 7 3 12 10 3 2 12 3 13 31 37 32 31 36 15 21 3 3 3 9 4 8 32767 32767 18 9 8 8 8 0 4 3 9 0 -9999 -9999 -9999 5 8 11 8 4 2 1 0 0 0 0 0
-9999 -9999 -9999 -9999 7 4 5 32767 2 6 6 6 15 7 2 3 0 4 11 7 7 5 1 6 6 7 2 8 16 2 7 12 23 8 12 12 10 9 10 4 4 7 2 6 8 11 8 8 12 8 9 5 3 10 8 14 6 27 30 31 33 0 23 13 6 2 11 4 3 32767 32767 5 2 -9999 -9999 -9999 -9999 -9999 -9999 -9999 -9999 -9999 -9999 -9999 -9999 -9999 -9999 -9999 3 -9999 -9999 -9999 0 0 0 2
-9999 -9999 -9999 5 10 1 32767 9 4 7 15 2 5 7 4 4 5 7 4 1 1 4 6 4 2 6 6 18 18 2 2 14 14 8 3 12 8 9 8 5 4 6 7 4 1 16 5 7 7 10 4 6 10 9 7 8 4 6 28 43 25 30 3 7 5 4 10 3 5 5 32767 1 -9999 -9999 -9999 -9999 -9999 -9999 -9999 -9999 -9999 -9999 -9999 -9999 -9999 -9999 -9999 -9999 -9999 -9999 -9999 -9999 0 0 0 0
-9999 -9999 -9999 6 2 32767 14 10 3 4 16 2 0 2 6 2 4 9 0 4 2 9 1 3 5 1 7 3 6 2 13 12 8 3 9 4 8 16 17 6 2 5 3 0 1 8 12 8 6 9 10 12 9 6 12 11 11 6 11 13 34 41 9 10 7 6 9 12 2 6 32767 -9999 -9999 -9999 -9999 -9999 -9999 -9999 -9999 -9999 -9999 -9999 -9999 -9999 -9999 -9999 -9999 -9999 -9999 -9999 -9999 -9999 -9999 0 0 1
-9999 -9999 -9999 -9999 3 12 10 21 14 0 22 1 0 2 2 5 4 6 6 1 3 16 2 2 8 4 4 29 29 10 3 6 9 8 8 3 13 14 13 6 20 11 11 4 0 5 12 9 5 10 9 5 9 11 11 6 13 8 15 0 41 43 6 9 4 11 7 6 6 5 -9999 -9999 -9999 -9999 -9999 -9999 -9999 -9999 -9999 -9999 -9999 -9999 -9999 -9999 -9999 -9999 -9999 -9999 -9999 -9999 -9999 -9999 -9999 0 0 0
-9999 -9999 -9999 -9999 8 13 13 9 7 2 20 9 4 2 6 8 6 2 0 27 3 16 13 8 8 0 2 2 6 15 20 7 10 11 5 9 8 24 19 12 11 10 11 4 11 16 8 13 12 5 7 13 10 11 11 12 9 5 7 5 6 17 4 4 13 6 8 16 6 -9999 -9999 -9999 -9999 -9999 -9999 -9999 -9999 -9999 -9999 -9999 -9999 -9999 -9999 -9999 -9999 -9999 -9999 -9999 -9999 -9999 -9999 -9999 -9999 -9999 -9999 -9999
-9999 -9999 -9999 -9999 14 12 13 17 5 7 9 11 6 4 7 3 -9999 -9999 -9999 9 9 16 24 12 6 2 7 11 28 33 14 2 4 7 3 6 12 12 8 12 2 13 9 13 9 14 3 14 15 9 10 8 6 5 8 4 1 3 6 15 10 15 10 15 22 10 7 7 5 -9999 -9999 -9999 -9999 -9999 -9999 -9999 -9999 -9999 -9999 -9999 -9999 -9999 -9999 -9999 -9999 -9999 -9999 -9999 -9999 -9999 -9999 -9999 -9999 -9999 -9999 -9999
-9999 -9999 -9999 -9999 14 10 10 17 5 14 13 12 2 9 8 7 -9999 -9999 -9999 -9999 9 16 16 16 21 12 33 9 14 6 14 7 7 13 5 10 10 9 13 11 10 15 15 13 8 11 11 15 14 19 5 3 3 13 11 3 6 3 6 10 7 39 35 17 12 2 32767 32767 32767 5 -9999 -9999 -9999 -9999 -9999 -9999 -9999 -9999 -9999 -9999 -9999 -9999 -9999 -9999 -9999 -9999 -9999 -9999 -9999 -9999 -9999 -9999 -9999 -9999 -9999 -9999
-9999 -9999 -9999 -9999 -9999 -9999 -9999 9 11 12 18 12 16 4 -9999 -9999 -9999 -9999 -9999 -9999 3 7 14 19 4 33 23 6 25 22 2 15 7 5 10 9 8 5 3 3 4 3 15 11 11 6 2 4 21 3 12 10 1 11 4 8 13 13 15 7 6 5 0 32767 32767 18 4 2 7 32767 -9999 -9999 -9999 -9999 -9999 -9999 -9999 -9999 -9999 -9999 -9999 -9999 -9999 -9999 -9999 -9999 -9999 -9999 -9999 -9999 -9999 -9999 -9999 -9999 -9999 -9999
-9999 -9999 -9999 -9999 -9999 -9999 -9999 -9999 5 11 20 13 11 -9999 -9999 -9999 -9999 -9999 -9999 -9999 3 15 16 19 26 20 23 12 15 26 26 16 14 6 11 6 5 5 6 10 8 3 6 15 8 1 14 16 4 8 3 10 6 11 14 6 21 14 13 7 10 32767 32767 4 3 12 12 0 1 32767 4 11 -9999 -9999 -9999 -9999 -9999 -9999 -9999 -9999 -9999 -9999 -9999 -9999 -9999 -9999 -9999 -9999 -9999 -9999 -9999 -9999 -9999 -9999 -9999 -9999
-9999 -9999 -9999 -9999 -9999 -9999 -9999 -9999 -9999 3 6 11 -9999 -9999 -9999 -9999 -9999 -9999 -9999 -9999 6 17 14 23 25 27 17 8 5 14 19 15 6 19 7 15 14 9 6 10 25 16 2 2 10 4 14 3 2 4 5 6 6 3 11 7 11 18 8 1 32767 7 2 9 14 29 4 7 0 5 3 8 32767 -9999 -9999 -9999 -9999 -9999 -9999 -9999 -9999 -9999 -9999 -9999 -9999 -9999 -9999 -9999 -9999 -9999 -9999 -9999 -9999 -9999 -9999 -9999
-9999 -9999 -9999 -9999 -9999 -9999 -9999 -9999 -9999 -9999 -9999 -9999 -9999 -9999 -9999 -9999 -9999 -9999 -9999 -9999 10 11 15 13 19 17 16 8 3 3 24 6 28 17 9 9 12 8 16 7 10 9 2 9 10 6 2 2 2 4 1 2 11 10 6 5 8 11 32767 10 5 5 7 3 9 23 11 4 6 3 32767 10 32767 -9999 -9999 -9999 -9999 -9999 -9999 -9999 -9999 -9999 -9999 -9999 -9999 -9999 -9999 -9999 -9999 -9999 -9999 -9999 -9999 -9999 -9999 -9999
-9999 -9999 -9999 -9999 -9999 -9999 -9999 -9999 -9999 -9999 -9999 -9999 -9999 -9999 -9999 -9999 -9999 -9999 -9999 -9999 3 11 12 15 15 15 13 11 3 3 16 28 15 32 12 11 19 5 8 14 12 11 5 10 7 2 7 2 2 3 4 1 7 14 6 1 5 32767 6 11 7 4 8 15 3 17 8 12 2 3 32767 10 32767 32767 -9999 -9999 -9999 -9999 -9999 -9999 -9999 -9999 -9999 -9999 -9999 -9999 -9999 -9999 -9999 -9999 -9999 -9999 -9999 -9999 -9999 -9999
-9999 -9999 -9999 -9999 -9999 -9999 -9999 -9999 -9999 -9999 -9999 -9999 -9999 -9999 -9999 -9999 -9999 -9999 -9999 -9999 4 11 5 2 2 5 15 16 16 8 5 18 23 30 27 14 14 14 6 11 20 10 9 8 11 4 6 4 4 4 4 3 4 2 1 32767 6 7 9 11 7 10 7 11 7 20 6 9 6 6 6 5 32767 32767 -9999 -9999 -9999 -9999 -9999 -9999 -9999 -9999 -9999 -9999 -9999 -9999 -9999 -9999 -9999 -9999 -9999 -9999 -9999 -9999 -9999 -9999
-9999 -9999 -9999 -9999 -9999 -9999 -9999 -9999 -9999 -9999 -9999 -9999 -9999 -9999 -9999 -9999 -9999 -9999 -9999 -9999 7 8 1 1 1 2 15 17 18 24 11 14 17 16 3 7 11 30 3 10 20 4 29 17 17 14 6 5 1 1 0 4 5 32767 13 7 10 5 11 13 13 6 8 8 4 8 7 6 8 8 15 32767 4 32767 -9999 -9999 -9999 -9999 -9999 -9999 -9999 -9999 -9999 -9999 -9999 -9999 -9999 -9999 -9999 -9999 -9999 -9999 -9999 -9999 -9999 -9999
-9999 -9999 -9999 -9999 -9999 -9999 -9999 -9999 -9999 -9999 -9999 -9999 -9999 -9999 -9999 -9999 -9999 -9999 -9999 -9999 7 1 1 0 0 1 1 8 17 33 23 4 7 9 21 10 14 13 7 9 13 16 34 36 33 20 18 2 3 5 5 2 32767 27 7 2 12 6 11 10 9 3 3 8 3 9 -9999 10 11 18 13 6 6 32767 4 -9999 -9999 -9999 -9999 -9999 -9999 -9999 -9999 -9999 -9999 -9999 -9999 -9999 -9999 -9999 -9999 -9999 -9999 -9999 -9999 -9999
-9999 -9999 -9999 -9999 -9999 -9999 -9999 -9999 -9999 -9999 -9999 -9999 -9999 -9999 -9999 -9999 -9999 -9999 -9999 -9999 -9999 -9999 2 0 0 1 2 3 27 32 32 13 2 2 28 36 20 10 15 4 6 44 14 14 13 15 4 1 2 0 32767 1 12 9 8 5 11 5 5 11 14 9 7 9 11 14 -9999 -9999 -9999 -9999 -9999 -9999 -9999 32767 1 -9999 -9999 -9999 -9999 -9999 -9999 -9999 -9999 -9999 -9999 -9999 -9999 -9999 -9999 -9999 -9999 -9999 -9999 -9999 -9999 -9999
-9999 -9999 -9999 -9999 -9999 -9999 -9999 -9999 -9999 -9999 -9999 -9999 -9999 -9999 -9999 -9999 -9999 -9999 -9999 -9999 -9999 -9999 9 2 2 15 12 3 16 36 33 35 3 5 21 11 35 14 12 5 8 22 10 14 32767 32767 32767 32767 32767 32767 8 17 12 17 7 11 9 7 8 10 13 3 4 17 11 13 -9999 -9999 -9999 -9999 -9999 -9999 -9999 -9999 -9999 -9999 -9999 -9999 -9999 -9999 -9999 -9999 -9999 -9999 -9999 -9999 -9999 -9999 -9999 -9999 -9999 -9999 -9999 -9999 -9999 -9999
-9999 -9999 -9999 -9999 -9999 -9999 -9999 -9999 -9999 -9999 -9999 -9999 -9999 -9999 -9999 -9999 -9999 -9999 -9999 -9999 -9999 -9999 -9999 6 4 16 13 15 11 12 30 31 16 10 18 19 56 39 33 24 19 16 32767 8 10 23 1 1 2 2 5 10 5 17 11 3 23 10 10 12 12 4 11 15 11 9 -9999 -9999 -9999 -9999 -9999 -9999 -9999 -9999 -9999 -9999 -9999 -9999 -9999 -9999 -9999 -9999 -9999 -9999 -9999 -9999 -9999 -9999 -9999 -9999 -9999 -9999 -9999 -9999 -9999 -9999
-9999 -9999 -9999 -9999 -9999 -9999 -9999 -9999 -9999 -9999 -9999 -9999 -9999 -9999 -9999 -9999 -9999 -9999 -9999 -9999 -9999 -9999 -9999 -9999 6 1 3 21 8 3 36 30 20 43 33 39 50 14 12 10 9 32767 13 16 11 21 4 1 1 1 0 11 4 7 7 12 4 8 14 10 10 10 5 9 13 8 14 -9999 -9999 -9999 -9999 -9999 -9999 -9999 -9999 -9999 -9999 -9999 -9999 -9999 -9999 -9999 -9999 -9999 -9999 -9999 -9999 -9999 -9999 -9999 -9999 -9999 -9999 -9999 -9999 -9999
-9999 -9999 -9999 -9999 -9999 -9999 -9999 -9999 -9999 -9999 -9999 -9999 -9999 -9999 -9999 -9999 -9999 -9999 -9999 -9999 -9999 -9999 -9999 -9999 -9999 2 2 8 12 8 19 22 10 56 5 24 2 32767 32767 32767 12 18 12 20 8 8 7 17 6 0 4 3 15 6 14 10 10 10 13 15 16 21 23 28 28 7 8 35 -9999 -9999 -9999 -9999 -9999 -9999 -9999 -9999 -9999 -9999 -9999 -9999 -9999 -9999 -9999 -9999 -9999 -9999 -9999 -9999 -9999 -9999 -9999 -9999 -9999 -9999 -9999 -9999
-9999 -9999 -9999 -9999 -9999 -9999 -9999 -9999 -9999 -9999 -9999 -9999 -9999 -9999 -9999 -9999 -9999 -9999 -9999 -9999 -9999 -9999 -9999 -9999 -9999 -9999 -9999 8 15 15 16 36 10 39 20 32767 32767 5 16 14 9 22 8 14 9 8 13 34 7 12 2 12 10 9 10 16 12 18 20 14 11 11 17 20 15 15 13 19 20 -9999 -9999 -9999 -9999 -9999 -9999 -9999 -9999 -9999 -9999 -9999 -9999 -9999 -9999 -9999 -9999 -9999 -9999 -9999 -9999 -9999 -9999 -9999 -9999 -9999 -9999 -9999
