ValueNro_2398/ValueNro_2398_lehtip_latvuspeitto.asc
ncols        141
nrows        228
xllcorner    356256.000000000000
yllcorner    6857312.000000000000
cellsize     16.000000000000
NODATA_value -9999
[rows 129 to 171 of 228, columns 0 to 95 of 141]
-9999 -9999 -9999 -9999 -9999 -9999 -9999 -9999 -9999 -9999 -9999 -9999 -9999 -9999 -9999 23 25 22 12 16 1 3 6 6 1 8 8 32767 32767 32767 9 3 32767 0 4 17 32767 32767 32767 32767 32767 32767 32767 32767 8 22 17 42 43 25 24 31 34 38 29 33 16 16 14 10 6 15 12 25 41 42 51 14 6 11 15 14 12 6 15 12 32767 32767 32767 32767 21 9 6 7 28 3 4 2 32767 45 43 26 28 50 61 35
-9999 -9999 -9999 -9999 -9999 -9999 -9999 -9999 -9999 -9999 36 28 13 22 35 35 30 24 11 3 7 5 6 14 30 10 23 11 32767 32767 5 9 1 32767 1 6 32767 32767 32767 32767 32767 32767 32767 32767 3 13 9 18 34 32 38 24 54 45 21 32 14 15 6 3 15 9 15 36 38 44 13 11 17 17 14 13 5 8 17 9 12 32767 32767 13 15 5 20 2 3 4 41 45 32767 20 43 39 37 35 31 32767
-9999 -9999 -9999 -9999 -9999 -9999 -9999 -9999 -9999 3 20 28 11 15 18 16 26 35 15 6 8 7 6 32767 32767 32767 32767 7 5 32767 32767 10 6 4 32767 4 32767 32767 32767 32767 32767 32767 32767 32767 7 5 23 24 31 40 27 37 50 46 26 9 8 7 9 10 18 11 9 40 42 31 17 24 19 15 14 12 5 6 7 13 12 32767 27 8 26 31 12 2 10 9 33 13 7 32767 6 35 26 32767 9 10
-9999 -9999 -9999 -9999 -9999 -9999 -9999 -9999 7 5 8 34 17 35 35 34 24 13 2 10 12 11 10 32767 32767 32767 32767 14 8 32767 32767 5 7 7 6 19 32767 32767 32767 32767 32767 32767 32767 32767 6 22 20 18 14 20 14 31 29 29 12 1 4 1 3 9 16 10 7 33 44 40 17 22 17 14 11 4 4 3 6 22 13 12 1 14 16 23 14 11 2 15 8 7 36 32767 4 4 32767 28 9 10
-9999 -9999 -9999 -9999 -9999 -9999 -9999 36 32 13 16 14 37 24 42 55 25 13 28 7 12 5 15 32767 32767 32767 32767 38 32767 23 32767 32767 3 10 2 32767 20 32767 32767 32767 32767 32767 32767 32767 29 22 20 23 13 16 2 30 25 14 1 1 2 3 1 3 6 7 17 23 42 42 10 13 17 15 10 2 7 3 2 5 13 12 2 6 15 10 11 2 10 5 7 10 15 15 32767 10 39 14 14 13
-9999 -9999 -9999 -9999 -9999 -9999 -9999 7 7 13 17 10 6 10 11 8 35 11 21 53 52 29 26 28 32767 31 54 33 32767 36 9 32767 32767 8 8 19 32767 32767 32767 32767 32767 32767 32767 32767 37 32767 4 27 19 18 23 6 14 6 0 1 2 2 3 1 13 17 20 21 37 29 16 10 9 2 10 48 10 31 4 5 10 16 28 12 21 12 11 5 11 9 6 11 18 14 2 32767 23 26 14 13
-9999 -9999 -9999 -9999 -9999 -9999 26 19 17 12 24 24 20 12 10 20 20 11 42 43 52 48 39 29 20 13 42 8 32767 27 23 1 32767 32767 10 28 40 54 32767 32767 32767 32767 32767 4 16 2 32767 21 22 30 21 26 4 5 1 2 2 0 3 1 0 4 6 22 14 23 12 16 24 11 15 18 10 42 4 6 12 16 43 12 21 8 4 5 6 7 9 6 13 10 14 32767 9 24 24 11
-9999 -9999 -9999 -9999 -9999 28 29 32 32 27 27 29 30 17 24 37 36 18 15 38 29 54 62 48 54 32767 48 34 32767 54 23 28 9 32767 32767 39 41 32767 49 32767 32767 32767 4 32767 32767 32767 6 5 18 19 15 37 17 7 10 1 1 2 0 2 1 3 7 2 5 7 13 21 22 22 17 19 14 2 5 7 7 18 36 7 14 6 4 14 7 10 13 8 8 7 11 2 32767 6 32 8
-9999 -9999 -9999 -9999 22 30 29 34 30 33 32 33 34 28 28 35 26 26 17 17 11 22 34 36 24 31 62 19 41 27 30 35 15 32767 32767 2 52 34 30 32767 32767 3 32767 6 32767 32767 6 4 5 5 25 13 20 36 7 3 1 2 0 2 1 2 4 1 0 10 17 14 7 13 22 26 6 12 17 6 7 4 3 11 10 22 10 10 5 4 10 7 8 12 4 2 15 32767 9 25
-9999 -9999 -9999 11 26 35 12 12 26 29 28 32 33 41 38 28 34 35 34 19 35 8 9 14 24 43 24 32767 47 21 42 56 16 32767 32767 32767 4 55 39 15 32767 32767 2 32767 32767 32767 10 2 22 5 31 12 20 19 19 9 4 2 0 0 1 1 0 1 1 8 14 18 12 16 22 24 5 19 25 30 11 7 2 10 21 14 6 17 8 16 0 7 6 5 6 6 6 5 32767 0
-9999 -9999 28 18 17 23 20 26 20 29 29 23 27 34 37 23 20 22 35 36 26 18 30 12 17 33 32767 16 23 13 10 22 32767 32767 32767 32767 32767 27 60 32767 32767 32767 32767 32767 32767 32767 32767 25 43 24 14 20 18 39 21 7 1 2 0 1 1 2 1 2 2 0 12 15 15 22 18 27 5 11 9 16 9 5 6 13 6 9 11 15 10 3 2 8 8 6 11 17 3 3 32767 32767
15 6 15 20 7 15 27 10 16 19 12 12 17 21 38 24 16 20 17 27 27 11 22 32767 32767 8 2 2 17 27 21 32767 32767 32767 32767 32767 32767 32767 47 32767 32767 32767 32767 32767 32767 32767 32767 7 8 7 3 33 10 21 19 6 4 2 1 1 2 2 2 2 2 2 13 15 12 14 19 9 6 10 12 2 7 15 6 2 11 12 12 13 7 6 3 0 1 6 8 10 5 10 0 32767
1 13 12 15 18 15 18 32 13 26 19 22 16 15 17 20 25 13 12 15 12 32767 32767 14 12 8 4 12 12 13 32767 32767 32767 32767 32767 32767 2 32767 32767 32767 32767 32767 32767 2 32767 32767 32767 2 0 5 3 16 11 22 27 20 9 9 1 1 0 2 2 1 3 2 2 18 13 14 6 3 6 31 6 14 8 14 5 7 5 10 9 6 2 2 4 4 4 7 9 15 12 22 11 1
-9999 11 17 18 19 20 16 9 9 16 16 29 23 35 20 18 17 6 17 28 32767 25 18 33 9 4 18 14 12 32767 32767 32767 32767 32767 32767 32767 32767 32767 32767 32767 32767 7 4 32767 32767 32767 6 3 5 5 4 20 24 19 20 5 9 8 1 2 1 1 1 1 3 2 2 21 12 13 2 3 1 1 6 16 39 36 34 13 7 12 11 4 2 2 4 3 9 7 12 15 20 22 2 3
-9999 -9999 -9999 13 16 15 6 8 6 6 9 15 2 15 15 19 16 25 13 17 3 34 15 11 5 4 21 22 32767 32767 32767 32767 32767 32767 32767 32767 32767 32767 32767 32767 7 6 9 32767 32767 7 1 2 7 0 5 9 29 12 15 5 6 4 4 0 0 1 2 2 2 3 2 7 14 12 2 2 3 3 10 14 10 13 20 3 2 5 3 4 1 1 0 3 3 8 11 15 10 3 17 1
-9999 -9999 -9999 4 15 9 15 9 4 16 12 9 20 3 15 19 25 32767 32767 6 12 14 13 12 5 2 9 32767 32767 32767 32767 32767 32767 32767 32767 32767 32767 32767 32767 32767 32767 32767 32767 32767 32767 32767 0 0 8 8 1 3 18 11 19 6 5 12 4 1 1 1 1 1 1 2 3 2 4 12 2 2 3 5 13 4 11 7 6 2 3 3 7 2 1 3 1 2 1 1 11 20 14 14 18 3
-9999 -9999 -9999 1 2 17 30 27 19 21 25 23 18 6 8 8 32767 23 9 15 17 10 10 2 4 6 32767 32767 32767 32767 32767 32767 32767 32767 32767 32767 32767 32767 32767 32767 32767 32767 32767 32767 32767 0 32767 0 6 0 1 5 2 13 15 5 6 4 1 1 1 1 4 5 1 1 5 4 1 9 6 2 1 2 3 2 2 3 2 10 2 4 7 5 1 2 2 1 8 1 2 3 16 13 18 4
-9999 -9999 -9999 0 0 1 11 11 8 0 31 10 19 16 14 32767 16 10 18 25 9 12 3 16 8 11 32767 32767 32767 32767 32767 32767 32767 32767 32767 32767 32767 32767 32767 32767 32767 32767 32767 32767 32767 32767 32767 1 7 1 0 4 1 16 12 12 5 3 1 1 0 0 1 1 1 1 2 5 2 4 8 2 1 1 2 3 3 1 0 0 4 1 5 2 2 3 2 1 0 2 0 5 4 3 0 3
-9999 -9999 -9999 3 0 1 7 9 10 8 34 8 16 9 14 16 24 19 14 34 20 6 4 11 10 6 6 32767 32767 32767 32767 32767 32767 32767 32767 32767 32767 32767 32767 32767 32767 32767 32767 32767 32767 2 3 5 5 1 1 1 7 27 12 13 6 6 4 4 1 1 1 1 1 1 1 2 0 1 7 2 0 0 2 1 1 0 0 7 0 3 5 5 1 3 2 2 1 4 0 0 1 9 8 6
-9999 -9999 -9999 1 5 11 10 15 7 10 13 34 7 12 32767 13 17 12 29 32 22 1 16 9 11 3 6 36 32767 32767 32767 32767 12 32767 32767 32767 32767 32767 32767 32767 32767 32767 32767 32767 32767 1 3 7 3 2 2 2 1 17 4 5 14 9 8 5 4 0 0 1 0 2 2 1 0 1 4 1 2 2 2 3 3 1 4 0 3 7 4 9 3 0 0 1 0 1 1 1 10 15 14 15
-9999 -9999 -9999 31 28 12 12 10 14 23 28 41 14 32767 29 26 10 13 8 4 11 15 7 13 12 8 8 17 20 32767 8 24 18 32767 32767 32767 32767 32767 32767 32767 32767 32767 32767 32767 32767 1 6 6 3 4 4 3 8 14 15 4 6 7 6 5 5 0 1 1 1 1 5 4 0 0 3 1 2 2 1 0 0 1 0 0 0 6 5 7 5 3 1 2 0 3 2 7 4 8 9 9
-9999 -9999 -9999 35 17 11 19 13 5 6 7 32767 25 30 15 7 12 12 14 17 6 10 11 10 14 23 38 9 16 12 17 15 19 16 32767 32767 32767 32767 32767 32767 32767 32767 32767 1 32767 32767 5 0 2 4 3 3 15 7 19 7 5 7 7 5 4 3 1 1 5 5 6 0 0 0 0 1 0 0 2 1 0 1 1 1 0 0 9 8 7 6 2 0 5 20 21 31 8 10 24 4
-9999 -9999 -9999 14 4 7 11 29 14 10 32767 21 23 30 8 8 12 19 23 10 6 5 12 9 11 17 30 9 2 26 15 17 14 25 32767 32767 32767 32767 32767 32767 32767 32767 32767 32767 4 32767 3 5 3 4 3 2 4 20 25 36 6 7 6 12 4 3 1 0 3 0 0 0 0 0 6 6 1 0 0 1 0 3 1 4 0 0 9 5 13 2 2 1 0 8 9 30 6 11 26 18
-9999 -9999 -9999 13 15 16 10 39 46 32767 25 45 37 34 30 28 7 7 32 15 15 12 20 13 9 12 8 10 21 27 19 22 25 29 13 32767 32767 32767 32767 32767 32767 32767 32767 32767 32767 32767 32767 1 7 1 7 32767 32767 1 3 5 16 9 10 12 2 2 1 2 2 1 0 0 0 0 0 8 1 0 2 0 5 5 5 1 1 2 2 5 9 2 1 0 1 1 8 27 6 7 15 21
-9999 -9999 -9999 11 13 13 46 3 32767 39 6 10 10 13 21 25 20 15 14 13 27 35 46 7 14 9 18 6 16 28 24 25 23 5 23 32767 32767 32767 32767 32767 32767 32767 32767 32767 32767 32767 32767 32767 1 9 2 32767 32767 3 4 10 31 10 4 7 6 1 0 0 0 4 3 4 4 1 6 5 1 1 4 1 4 4 1 1 1 2 0 9 5 2 1 0 2 9 9 11 15 21 6 6
-9999 -9999 -9999 15 41 39 53 32767 36 33 10 12 33 40 34 38 40 32 25 25 37 15 15 32 13 7 3 7 9 34 20 5 1 1 23 23 32767 32767 32767 32767 32767 32767 32767 32767 32767 32767 32767 32767 32767 5 32767 32767 32767 4 2 6 15 17 25 9 6 0 1 2 6 6 1 2 5 0 0 9 1 1 2 1 1 1 1 1 1 0 3 2 7 0 1 0 0 5 9 5 3 2 21 8
-9999 -9999 8 56 39 10 32767 33 18 24 5 17 28 42 33 33 46 42 40 34 28 28 15 4 10 8 7 14 14 21 16 7 2 2 2 4 3 32767 32767 32767 32767 32767 32767 32767 32767 32767 32767 5 32767 4 5 32767 32767 3 1 6 11 19 10 11 14 3 3 2 3 3 3 2 3 32 8 11 3 0 2 1 2 1 1 1 2 1 3 3 8 0 1 0 6 2 23 26 7 2 5 5
-9999 -9999 22 45 34 32767 32767 12 38 9 14 15 37 34 35 36 34 38 25 25 33 30 11 9 12 11 10 12 13 7 22 10 2 1 1 1 1 4 0 32767 32767 32767 32767 32767 32767 32767 32767 32767 32767 32767 7 32767 32767 3 2 5 9 13 19 24 30 2 2 4 3 3 4 4 2 33 14 13 3 1 1 1 2 8 8 0 1 1 4 3 8 2 4 0 5 1 9 13 9 10 1 2
-9999 -9999 21 28 24 19 35 35 14 13 17 21 30 13 29 27 34 35 41 41 36 39 32 8 2 15 17 7 15 8 3 19 5 1 2 1 0 32767 3 12 32767 32767 32767 32767 32767 32767 32767 32767 32767 32767 32767 1 4 2 4 4 18 11 14 15 7 10 9 11 11 11 12 12 12 21 24 14 7 3 2 5 4 10 10 10 11 1 3 7 7 1 3 0 1 0 4 3 16 16 9 3
-9999 -9999 20 52 21 16 22 14 11 16 18 14 42 19 17 17 32 35 42 37 36 40 14 6 7 13 12 23 5 7 10 5 12 1 1 3 5 32767 6 27 13 32767 32767 32767 32767 32767 32767 32767 32767 32767 32767 0 6 7 4 4 21 12 18 14 7 35 9 10 10 11 13 13 13 9 13 12 12 10 2 6 5 5 5 9 11 6 2 12 9 0 1 0 0 4 2 0 2 3 15 8
-9999 -9999 32 37 38 14 15 11 19 19 19 15 32 25 19 11 31 30 14 32 26 8 29 25 2 14 13 22 1 9 13 7 11 1 0 1 6 8 7 4 11 32767 32767 32767 32767 32767 32767 32767 32767 32767 32767 32767 4 6 4 5 9 26 9 22 32 38 24 9 11 11 10 11 12 4 7 7 11 13 1 9 5 5 5 5 8 11 7 8 9 1 1 0 1 0 2 0 0 1 3 9
-9999 -9999 16 28 35 29 16 7 32 12 10 7 29 28 36 32 35 21 6 23 26 10 37 16 2 11 18 22 14 16 9 7 4 1 3 2 32767 11 4 2 8 12 24 11 32767 32767 32767 32767 32767 32767 0 32767 0 6 15 11 12 10 9 13 27 16 37 23 2 5 5 5 11 4 9 16 9 13 1 11 5 5 9 9 9 6 3 16 8 1 1 1 0 2 8 4 1 7 1 9
-9999 -9999 -9999 17 33 20 7 7 10 12 19 19 13 12 6 5 7 6 7 5 27 17 40 13 8 6 5 10 9 10 13 14 12 5 16 16 32767 3 5 17 16 1 6 4 6 32767 32767 32767 32767 32767 32767 32767 32767 3 9 15 3 17 11 14 7 32 10 45 1 4 5 7 7 2 5 11 16 12 3 0 10 9 8 6 10 9 7 7 29 6 3 4 0 6 6 2 2 2 6 2
-9999 -9999 -9999 4 28 22 6 7 11 13 18 19 10 7 5 7 8 3 10 6 19 13 36 26 15 2 12 20 10 13 14 11 17 32 71 17 32767 5 2 13 7 2 5 2 5 10 32767 32767 32767 32767 32767 32767 32767 0 8 14 11 2 5 4 8 43 26 41 21 4 7 7 7 5 3 11 12 11 4 1 10 6 5 4 5 8 9 3 1 5 14 5 0 0 2 2 2 2 1 1
-9999 -9999 -9999 -9999 23 17 8 6 10 8 11 9 7 17 12 10 10 10 11 4 4 0 28 28 28 15 13 8 14 22 28 29 11 43 35 14 17 2 7 7 6 8 6 6 2 4 12 32767 32767 32767 32767 32767 32767 32767 7 5 4 6 6 4 6 2 41 21 9 2 6 7 7 6 3 18 14 16 16 3 4 10 4 2 4 5 5 10 6 1 12 4 0 0 2 2 2 2 1 3
-9999 -9999 -9999 -9999 -9999 19 7 4 10 5 9 10 6 20 9 17 10 12 9 4 37 42 29 30 15 4 3 20 21 33 42 34 32 40 21 32767 14 8 7 5 10 10 9 5 6 4 14 32767 32767 32767 32767 32767 32767 32767 32767 10 5 4 4 4 6 11 36 36 1 3 4 7 6 4 3 13 12 12 14 3 5 8 10 10 5 5 5 10 23 5 8 0 2 7 2 1 1 2 6 5
-9999 -9999 -9999 -9999 -9999 -9999 7 5 10 17 13 21 13 10 11 11 19 12 27 30 33 37 30 24 18 12 13 14 11 29 40 34 32 61 18 32767 23 3 10 9 10 9 8 5 1 5 15 32767 32767 32767 32767 32767 32767 32767 32767 3 10 10 4 4 15 10 0 42 29 3 3 4 6 4 5 5 12 15 12 15 2 0 7 10 9 5 5 9 8 4 3 3 0 4 0 6 2 2 8 5
-9999 -9999 -9999 -9999 -9999 -9999 46 11 10 21 24 16 7 7 11 12 31 27 37 26 7 29 43 41 18 4 13 13 16 23 32 24 18 70 16 7 3 5 8 5 8 4 5 5 1 10 5 32767 32767 32767 32767 32767 32767 8 32767 32767 1 8 5 6 6 18 20 30 33 7 4 3 6 6 6 9 7 7 11 10 8 1 1 3 9 5 10 5 8 3 4 2 1 1 1 10 2 6 7 1
-9999 -9999 -9999 -9999 -9999 -9999 6 8 20 9 15 14 21 46 50 50 49 27 33 25 18 13 34 28 3 17 11 9 18 14 20 26 26 18 32767 8 5 15 16 5 4 5 7 6 1 5 8 20 32767 32767 32767 32767 32767 10 7 32767 0 9 5 5 3 5 9 2 33 32 3 2 6 7 9 6 3 17 9 14 12 13 5 0 9 9 9 6 3 8 11 9 3 2 2 2 2 1 6 0
-9999 -9999 -9999 -9999 -9999 -9999 6 10 11 16 15 15 17 13 13 15 6 14 46 36 16 7 36 5 24 18 9 13 41 11 12 33 64 16 32767 16 20 15 9 8 6 5 6 1 3 5 14 32767 32767 32767 32767 32767 31 10 10 32767 32767 9 7 5 2 3 5 12 27 32 3 2 7 8 8 6 11 7 2 7 13 32767 32767 2 11 9 9 10 0 11 19 4 3 2 2 2 2 2 5 2
-9999 -9999 -9999 -9999 -9999 -9999 14 7 37 34 27 27 18 15 13 30 6 17 47 36 42 30 8 11 23 11 0 9 25 44 41 53 75 19 6 5 15 22 8 8 8 7 6 2 2 15 18 32767 32767 32767 32767 32767 32767 22 16 9 32767 32767 3 4 3 2 0 7 2 21 3 4 6 7 4 8 0 3 1 3 11 13 14 32767 5 10 9 10 4 5 5 4 4 2 2 2 2 5 6 0
-9999 -9999 -9999 -9999 -9999 -9999 11 8 25 36 35 37 26 22 19 4 11 24 8 47 41 30 32 28 13 3 0 9 31 16 33 63 15 32767 24 12 4 8 9 8 5 1 12 10 2 11 23 32767 32767 32767 32767 32767 32767 27 27 9 32767 32767 1 2 2 0 4 6 12 27 2 3 6 9 7 8 1 3 2 2 1 3 10 32767 2 10 6 5 4 5 9 5 10 2 2 2 2 2 6 1
-9999 -9999 -9999 -9999 -9999 -9999 -9999 19 25 11 35 36 7 34 42 27 36 29 36 15 40 32 32 42 9 0 0 9 16 15 12 32 10 1 8 5 4 2 12 8 4 7 14 14 14 16 25 32767 32767 32767 32767 32767 32767 11 5 19 5 32767 32767 10 2 1 0 4 12 12 8 3 5 7 5 5 3 1 2 2 2 2 2 13 2 2 10 9 7 8 4 5 10 7 2 2 2 2 7 5
