ValueNro_2398/ValueNro_2398_kuusi.asc
ncols        141
nrows        228
xllcorner    356256.000000000000
yllcorner    6857312.000000000000
cellsize     16.000000000000
NODATA_value -9999
[rows 126 to 167 of 228, columns 0 to 93 of 141]
-9999 -9999 -9999 -9999 -9999 -9999 -9999 -9999 -9999 -9999 -9999 -9999 -9999 -9999 -9999 -9999 -9999 -9999 39 34 17 12 123 169 32767 32767 34 38 9 14 32767 32767 32767 32767 32767 32767 32767 32767 32767 32767 32767 32767 8 103 249 195 82 67 40 64 70 159 114 47 32767 51 55 21 24 21 7 7 67 74 11 62 25 9 22 13 6 7 3 0 0 32767 32767 32767 32767 32767 32767 18 12 3 3 9 32767 43 13 30 23 53 34 37
-9999 -9999 -9999 -9999 -9999 -9999 -9999 -9999 -9999 -9999 -9999 -9999 -9999 -9999 -9999 -9999 -9999 -9999 38 67 47 29 13 61 44 32767 32767 0 169 0 32767 23 155 32767 32767 32767 11 39 32767 32767 32767 32767 32767 11 177 180 157 56 209 117 63 33 41 71 69 79 37 64 23 22 2 7 24 72 16 32 12 9 10 3 5 2 0 0 0 32767 32767 32767 32767 32767 32767 46 102 27 4 0 2 32767 10 73 54 48 62 55
-9999 -9999 -9999 -9999 -9999 -9999 -9999 -9999 -9999 -9999 -9999 -9999 -9999 -9999 -9999 -9999 27 2 23 31 204 272 71 78 66 100 32767 32767 0 32767 32767 32767 29 27 28 35 32767 32767 32767 32767 32767 32767 32767 15 148 130 80 33 31 39 27 26 23 11 38 114 25 56 35 27 6 19 24 71 32 68 27 2 2 4 0 0 0 0 0 0 32767 32767 32767 15 78 107 66 28 2 2 2 32767 0 45 37 29 23 22
-9999 -9999 -9999 -9999 -9999 -9999 -9999 -9999 -9999 -9999 -9999 -9999 -9999 -9999 -9999 2 3 1 15 257 302 189 170 193 104 117 52 32767 32767 32767 132 53 32767 18 70 40 32767 32767 32767 32767 32767 32767 32767 32767 45 157 146 99 23 25 31 15 20 5 24 18 147 32 38 93 54 33 22 22 35 23 5 4 2 2 0 0 0 0 0 0 32767 32767 32767 32767 140 91 60 27 4 3 4 2 32767 23 24 39 36 28
-9999 -9999 -9999 -9999 -9999 -9999 -9999 -9999 -9999 -9999 86 36 26 1 1 1 1 2 80 239 202 156 316 79 97 14 25 31 32767 32767 10 23 20 32767 27 12 32767 32767 32767 32767 32767 32767 32767 32767 47 85 69 185 23 27 25 33 35 27 14 23 56 41 43 45 104 21 11 73 18 13 4 0 0 0 0 0 2 1 0 0 1 32767 32767 57 80 102 11 15 2 2 3 4 32767 0 15 14 27 25
-9999 -9999 -9999 -9999 -9999 -9999 -9999 -9999 -9999 99 143 185 7 3 3 3 12 99 176 261 203 86 71 32767 32767 32767 32767 79 0 32767 32767 60 113 42 32767 13 32767 32767 32767 32767 32767 32767 32767 32767 8 76 81 54 37 23 11 6 19 9 11 11 24 52 47 39 36 37 21 78 13 4 2 2 0 0 0 2 2 1 1 0 1 32767 13 64 141 141 71 14 0 2 20 25 4 32767 7 18 47 32767
-9999 -9999 -9999 -9999 -9999 -9999 -9999 -9999 77 111 129 98 33 9 13 10 200 245 285 125 173 72 82 32767 32767 32767 32767 17 36 32767 32767 0 61 37 24 10 32767 32767 32767 32767 32767 32767 32767 32767 12 161 109 112 111 2 5 3 12 7 5 3 1 1 29 41 42 62 21 87 23 12 2 2 0 0 2 3 2 1 1 0 1 5 3 20 88 126 53 33 10 32 24 46 22 32767 0 3 32767 82
-9999 -9999 -9999 -9999 -9999 -9999 -9999 36 90 112 31 46 124 135 38 37 135 96 162 53 37 68 127 32767 32767 32767 32767 18 32767 74 32767 32767 13 71 40 32767 38 32767 32767 32767 32767 32767 32767 32767 125 41 149 109 45 3 2 3 9 48 11 1 6 2 1 30 61 66 13 65 28 6 4 0 0 0 2 3 1 0 3 3 1 2 2 1 96 118 133 86 69 40 14 25 26 9 32767 27 48 43
-9999 -9999 -9999 -9999 -9999 -9999 -9999 13 42 58 66 86 60 58 46 11 25 112 192 35 42 37 31 117 32767 208 21 39 32767 2 136 32767 32767 23 62 41 32767 32767 32767 32767 32767 32767 32767 32767 31 32767 20 84 34 4 1 2 3 6 1 4 5 5 2 2 62 80 57 66 64 6 7 4 1 2 5 4 4 7 2 2 0 0 3 48 128 134 182 242 99 77 18 25 81 20 3 32767 4 20
-9999 -9999 -9999 -9999 -9999 -9999 1 3 29 8 2 2 3 4 9 2 2 42 13 331 335 31 27 29 46 63 16 32 32767 163 173 21 32767 32767 19 4 25 17 32767 32767 32767 32767 32767 2 7 36 32767 80 62 68 1 7 2 0 3 5 4 4 2 2 4 3 2 23 68 54 2 8 10 0 2 59 18 4 2 1 1 2 22 77 112 183 212 213 140 99 79 9 20 21 27 32767 8 52
-9999 -9999 -9999 -9999 -9999 1 1 28 8 3 1 8 1 2 2 5 1 3 48 12 32 43 32 42 43 32767 11 21 32767 34 57 133 38 32767 32767 70 26 32767 25 32767 32767 32767 1 32767 32767 32767 56 102 74 32 2 7 1 1 0 5 3 5 1 2 5 2 2 3 22 62 55 16 15 15 18 17 3 3 2 1 1 1 69 4 76 148 179 153 178 157 112 34 8 16 43 23 32767 39
-9999 -9999 -9999 -9999 8 12 8 5 1 1 1 1 1 5 6 1 1 1 2 54 55 37 88 110 233 195 30 28 9 28 38 35 78 32767 32767 2 27 32 38 32767 32767 3 32767 5 32767 32767 50 46 67 115 1 1 1 0 1 0 3 4 1 2 3 3 3 3 5 72 34 21 18 68 9 2 2 1 0 1 1 2 3 29 60 131 94 55 93 210 147 105 37 16 53 33 28 32767
-9999 -9999 -9999 14 1 1 2 1 1 1 1 1 1 6 1 1 1 1 1 3 34 25 10 42 239 70 25 32767 89 51 5 23 7 32767 32767 32767 1 26 28 22 32767 32767 0 32767 32767 32767 32 40 113 22 2 1 1 7 0 0 2 5 1 1 3 5 5 5 1 50 108 47 7 15 9 5 3 1 0 0 5 2 4 21 111 98 88 42 91 208 264 122 95 38 16 43 46 1
-9999 -9999 98 42 3 1 2 2 1 1 1 2 1 1 1 1 1 2 1 1 1 5 64 90 208 110 32767 217 130 42 43 4 32767 32767 32767 32767 32767 12 40 32767 32767 32767 32767 32767 32767 32767 32767 21 168 180 6 3 0 7 1 1 3 5 3 2 3 2 5 4 2 19 98 80 19 9 8 20 0 2 0 0 3 1 1 3 48 81 111 76 196 232 251 210 107 102 72 46 21 18
182 178 109 29 31 6 33 57 3 3 2 3 0 0 7 1 3 2 2 2 0 1 2 32767 32767 219 199 201 204 127 69 32767 32767 32767 32767 32767 32767 32767 32 32767 32767 32767 32767 32767 32767 32767 32767 30 129 108 5 1 0 0 9 1 0 8 7 5 2 3 7 7 1 3 20 20 8 18 62 5 2 11 6 0 0 7 0 2 58 129 150 149 124 130 196 93 121 225 24 6 8 10
249 172 88 91 22 16 52 46 40 25 4 2 2 1 10 2 2 3 3 4 1 32767 32767 51 188 268 205 191 264 26 32767 32767 32767 32767 32767 32767 2 32767 32767 32767 32767 32767 32767 0 32767 32767 32767 21 28 46 52 0 0 0 9 0 0 0 5 2 5 8 5 3 1 2 3 11 11 19 20 8 19 23 15 8 22 13 6 1 18 123 145 91 50 42 54 270 89 192 73 11 17 10
-9999 141 137 74 43 53 68 24 25 16 60 38 7 0 0 0 3 1 0 0 32767 0 62 69 197 226 119 115 17 32767 32767 32767 32767 32767 32767 32767 32767 32767 32767 32767 32767 6 7 32767 32767 32767 63 19 21 44 22 2 0 0 8 1 23 3 3 4 3 3 3 2 3 1 3 18 11 62 25 32 29 4 28 44 49 40 124 71 46 127 117 39 1 1 14 81 207 175 102 37 65 21
-9999 -9999 -9999 14 10 84 17 23 13 24 24 31 107 7 6 0 0 0 0 0 41 25 52 131 237 303 145 17 32767 32767 32767 32767 32767 32767 32767 32767 32767 32767 32767 32767 0 6 19 32767 32767 3 26 3 17 49 102 35 0 1 7 1 28 1 3 8 7 3 3 3 3 3 2 10 72 81 1 1 30 29 13 20 18 36 134 221 123 138 72 47 0 2 6 30 71 80 74 33 22 13
-9999 -9999 -9999 0 52 17 27 18 10 32 13 28 27 24 24 2 0 32767 32767 7 13 16 131 161 202 316 55 32767 32767 32767 32767 32767 32767 32767 32767 32767 32767 32767 32767 32767 32767 32767 32767 32767 32767 32767 0 15 60 78 37 36 3 0 7 15 4 24 3 12 5 3 4 3 3 5 2 3 52 78 23 1 2 39 19 11 14 9 71 161 95 202 155 5 1 2 1 31 71 64 56 43 40 33
-9999 -9999 -9999 2 9 60 32 29 17 28 31 31 34 17 24 4 32767 0 4 3 18 15 72 222 249 216 32767 32767 32767 32767 32767 32767 32767 32767 32767 32767 32767 32767 32767 32767 32767 32767 32767 32767 32767 0 32767 13 28 51 15 93 107 1 9 37 3 1 2 4 1 3 1 2 2 3 4 1 2 34 46 25 1 36 30 9 1 0 37 216 96 162 231 38 0 2 0 19 49 66 51 27 33 34
-9999 -9999 -9999 1 4 13 11 31 79 14 32 14 34 26 7 32767 46 56 28 34 14 15 5 138 202 201 32767 32767 32767 32767 32767 32767 32767 32767 32767 32767 32767 32767 32767 32767 32767 32767 32767 32767 32767 32767 32767 12 19 27 24 30 23 4 5 23 23 38 2 3 1 1 4 3 3 2 5 4 1 39 43 23 21 0 2 2 2 2 9 42 150 163 153 28 1 2 1 8 0 22 24 74 19 13
-9999 -9999 -9999 2 1 0 53 52 23 23 36 18 63 26 62 3 4 3 28 64 32 11 6 110 109 101 90 32767 32767 32767 32767 32767 32767 32767 32767 32767 32767 32767 32767 32767 32767 32767 32767 32767 32767 36 4 12 23 18 17 30 34 34 3 32 27 3 2 2 2 2 2 3 2 2 2 5 1 24 52 24 1 3 5 3 2 1 7 21 52 245 164 53 1 2 1 2 5 21 27 24 28 37
-9999 -9999 -9999 4 1 41 87 66 36 54 14 13 38 69 32767 3 2 26 35 39 32 13 74 103 99 87 58 116 32767 32767 32767 32767 3 32767 32767 32767 32767 32767 32767 32767 32767 32767 32767 32767 32767 4 37 53 51 23 21 13 8 2 2 1 22 3 3 3 3 7 10 10 9 0 0 2 3 0 37 0 5 8 5 0 0 2 1 2 16 80 253 78 0 1 1 1 0 22 20 14 93 168
-9999 -9999 -9999 20 39 47 32 21 20 58 32 11 33 32767 11 13 13 15 23 13 14 16 49 142 118 82 91 60 13 32767 0 0 10 32767 32767 32767 32767 32767 32767 32767 32767 32767 32767 32767 32767 2 26 10 48 33 34 44 11 7 3 3 12 31 3 3 3 10 4 4 3 3 0 1 11 0 51 29 6 5 5 0 0 2 1 1 0 73 321 213 39 0 0 11 35 58 31 235 235 226
-9999 -9999 -9999 28 57 69 32 13 61 83 42 32767 44 283 381 310 296 204 58 37 12 56 68 53 42 63 35 98 26 3 0 0 0 1 32767 32767 32767 32767 32767 32767 32767 32767 32767 8 32767 32767 41 4 4 9 4 20 17 36 22 45 3 52 23 3 4 4 3 3 0 0 0 1 15 0 32 46 1 3 6 2 1 2 2 3 0 17 213 254 81 56 2 29 18 76 63 92 80 116
-9999 -9999 -9999 42 10 10 13 24 11 56 32767 105 241 290 247 324 230 193 139 54 10 10 68 30 51 71 186 72 15 0 0 0 0 0 32767 32767 32767 32767 32767 32767 32767 32767 32767 32767 0 32767 0 4 6 16 36 26 1 3 46 52 8 57 26 23 3 3 0 9 6 10 10 0 9 0 71 43 0 3 5 4 1 0 2 1 1 7 198 333 61 43 4 29 30 52 59 135 84 83
-9999 -9999 -9999 61 55 25 13 27 14 32767 132 70 89 64 89 109 80 47 110 38 52 14 26 28 40 162 163 142 27 1 0 0 0 0 0 32767 32767 32767 32767 32767 32767 32767 32767 32767 32767 32767 32767 7 22 22 13 32767 32767 26 37 17 22 43 29 17 4 7 9 8 9 9 11 7 5 8 25 39 30 3 6 2 0 0 0 2 3 0 23 343 222 47 13 5 2 15 6 76 87 70
-9999 -9999 -9999 63 15 14 4 30 32767 14 47 22 24 54 27 41 27 55 62 30 17 9 30 18 31 104 118 103 23 1 0 0 0 0 0 32767 32767 32767 32767 32767 32767 32767 32767 32767 32767 32767 32767 32767 41 32 4 32767 32767 39 7 10 18 16 40 2 3 10 9 8 8 7 6 0 1 1 1 43 0 1 2 4 0 6 2 2 3 1 3 214 323 49 15 0 7 0 116 5 46 99
-9999 -9999 -9999 38 22 21 26 32767 16 36 21 40 36 26 25 28 27 28 35 48 25 16 25 30 25 114 215 104 21 5 0 0 1 1 1 0 32767 32767 32767 32767 32767 32767 32767 32767 32767 32767 32767 32767 32767 39 32767 32767 32767 39 9 13 19 10 4 23 3 6 3 4 0 2 4 5 3 1 22 42 29 2 4 3 3 3 3 2 2 0 49 73 31 40 14 1 0 3 29 91 17 10
-9999 -9999 5 20 18 48 32767 26 17 49 62 37 27 24 10 11 31 38 39 39 27 11 25 10 46 109 54 128 109 33 6 3 5 5 1 1 1 32767 32767 32767 32767 32767 32767 32767 32767 32767 32767 0 32767 0 0 32767 32767 26 27 26 27 31 37 86 14 1 0 2 2 2 2 2 1 7 60 68 0 1 5 5 5 3 3 3 4 29 49 66 30 38 22 1 3 4 20 4 83 9
-9999 -9999 2 13 22 32767 32767 51 26 61 8 53 10 9 16 12 26 30 38 36 13 14 11 25 23 12 23 18 55 10 3 2 5 5 2 1 1 4 6 32767 32767 32767 32767 32767 32767 32767 32767 32767 32767 32767 0 32767 32767 14 30 33 10 38 34 8 38 2 3 3 3 3 2 2 2 5 55 78 26 1 2 3 5 0 0 2 4 1 17 77 82 73 19 0 3 1 10 29 23 34
-9999 -9999 8 33 39 5 0 14 73 70 55 51 11 27 37 28 16 15 14 13 14 11 43 25 118 120 95 25 18 52 33 10 3 5 6 4 1 32767 8 19 32767 32767 32767 32767 32767 32767 32767 32767 32767 32767 32767 45 79 23 18 40 33 13 14 36 26 4 2 2 2 2 0 0 0 6 10 32 14 0 1 4 0 0 0 0 1 2 16 70 68 62 20 0 2 1 9 40 30 31
-9999 -9999 16 26 4 6 0 39 92 82 11 15 39 44 37 11 9 11 9 24 11 11 16 14 100 9 2 2 12 57 114 54 17 5 5 6 4 32767 38 4 26 32767 32767 32767 32767 32767 32767 32767 32767 32767 32767 2 41 32 18 11 11 50 70 15 35 6 2 2 2 2 0 0 0 4 8 57 19 11 0 0 0 0 0 0 0 4 6 30 24 39 15 0 12 3 1 9 4 3
-9999 -9999 9 14 9 4 6 62 11 11 11 25 61 29 14 14 9 18 26 27 19 12 33 106 114 14 3 6 92 185 91 34 16 7 4 1 6 2 18 17 3 32767 32767 32767 32767 32767 32767 32767 32767 32767 32767 32767 43 94 31 27 60 20 83 48 54 16 4 2 2 2 2 0 0 2 0 13 40 36 2 0 0 0 0 0 0 1 5 19 68 66 44 1 5 4 4 0 0 7
-9999 -9999 0 0 1 2 3 37 14 16 12 8 15 22 9 9 12 14 13 26 20 36 34 95 13 14 2 6 14 57 50 6 14 6 6 0 32767 1 20 16 25 4 17 25 32767 32767 32767 32767 32767 32767 5 32767 0 99 77 49 55 64 56 12 31 29 15 5 2 2 1 1 0 3 2 64 33 30 7 1 0 0 0 0 0 0 0 20 61 68 44 16 0 14 3 0 13 0
-9999 -9999 -9999 0 1 4 26 34 35 15 11 11 15 13 16 13 33 33 29 13 15 39 35 13 13 15 24 11 10 45 24 16 4 29 0 0 32767 40 22 26 26 102 24 45 40 32767 32767 32767 32767 32767 32767 32767 32767 13 161 123 47 12 57 41 24 31 6 12 3 2 1 1 1 2 6 73 54 29 27 3 0 0 0 0 0 0 0 4 17 68 56 42 0 14 0 12 74 6
-9999 -9999 -9999 1 0 3 13 28 14 15 17 11 34 36 14 34 36 29 10 9 31 40 37 31 9 113 116 28 43 65 65 68 59 64 10 7 32767 46 106 104 100 99 21 35 25 22 32767 32767 32767 32767 32767 32767 32767 0 131 54 46 14 51 29 16 27 31 13 3 3 1 1 1 0 0 32 31 23 11 5 1 1 2 2 0 0 0 0 7 44 74 44 13 4 0 72 73 72
-9999 -9999 -9999 -9999 0 2 34 35 17 18 20 18 36 15 16 32 13 10 14 15 12 15 32 2 2 11 13 54 66 45 22 12 13 22 10 2 26 39 17 35 27 38 40 21 37 30 2 32767 32767 32767 32767 32767 32767 32767 56 107 74 58 58 15 10 16 29 61 3 3 2 1 1 1 0 29 20 44 29 30 3 0 2 2 2 0 0 0 4 67 59 50 13 4 0 72 67 76
-9999 -9999 -9999 -9999 -9999 3 37 16 12 10 18 40 41 52 12 15 15 15 17 16 33 25 2 2 8 11 11 21 55 42 10 19 9 17 11 32767 8 21 38 41 19 22 30 28 97 32 1 32767 32767 32767 32767 32767 32767 32767 32767 25 113 19 19 16 33 15 3 4 4 3 3 1 1 1 0 8 21 39 52 36 9 4 0 0 2 0 0 0 6 125 50 37 14 4 0 0 0 5
-9999 -9999 -9999 -9999 -9999 -9999 34 15 36 42 60 8 64 36 39 35 11 14 14 15 36 4 34 32 83 120 67 60 91 60 8 18 26 18 22 32767 1 41 26 22 6 23 72 78 25 18 2 32767 32767 32767 32767 32767 32767 32767 32767 0 103 12 6 28 36 15 15 30 2 3 4 1 1 1 0 1 19 28 53 20 1 1 1 0 0 0 0 0 0 87 65 13 4 4 1 1 0 0
-9999 -9999 -9999 -9999 -9999 -9999 4 34 4 8 4 3 35 46 36 16 15 13 12 21 35 36 29 24 106 3 82 62 37 16 14 15 18 27 2 0 39 29 25 30 21 41 78 95 115 11 12 32767 32767 32767 32767 32767 32767 55 32767 32767 3 91 13 22 21 34 42 33 35 1 3 2 1 1 1 0 5 18 40 19 8 33 2 0 0 0 0 1 0 38 89 21 0 1 1 11 0 0
-9999 -9999 -9999 -9999 -9999 -9999 30 36 3 4 3 2 4 4 10 14 14 14 27 32 5 27 36 31 12 69 108 128 32 13 11 13 38 40 32767 0 25 1 1 31 42 18 117 127 122 10 15 2 32767 32767 32767 32767 32767 111 18 32767 0 65 58 19 10 44 49 14 36 32 3 4 3 1 1 1 0 25 19 22 48 76 19 4 0 0 0 1 0 27 19 16 4 1 0 0 0 0
