ValueNro_2398/ValueNro_2398_bm_manty_juuret.asc
ncols        141
nrows        228
xllcorner    356256.000000000000
yllcorner    6857312.000000000000
cellsize     16.000000000000
NODATA_value -9999
[rows 156 to 194 of 228, columns 0 to 87 of 141]
-9999 -9999 128 42 36 32767 32767 3 190 86 205 53 49 60 30 30 32 151 26 29 39 50 36 16 365 425 606 310 203 726 826 0 311 315 57 0 0 25 68 32767 32767 32767 32767 32767 32767 32767 32767 32767 32767 32767 235 32767 32767 1185 993 502 554 628 388 909 139 0 0 0 0 0 0 0 0 44 974 786 979 1034 930 617 671 386 389 448 489 964 1551 897 1321 933 1180 988
-9999 -9999 2 0 25 180 0 28 159 54 4 18 79 45 213 64 30 60 61 61 33 78 287 229 574 0 190 244 219 875 721 645 92 325 343 283 51 32767 371 147 32767 32767 32767 32767 32767 32767 32767 32767 32767 32767 32767 640 851 918 1127 334 487 313 358 206 190 0 0 0 0 0 0 0 0 0 373 1063 1163 928 746 537 188 169 119 101 121 815 1031 933 862 1089 1347 1009
-9999 -9999 2 4 1 243 177 22 37 15 40 36 130 153 127 79 61 30 58 28 31 76 20 366 67 0 307 245 719 786 1000 128 120 347 377 354 7 32767 438 277 272 32767 32767 32767 32767 32767 32767 32767 32767 32767 32767 725 825 1570 1129 646 683 1113 209 18 266 0 0 0 0 0 0 0 0 0 808 1046 1130 847 793 96 31 73 76 38 113 327 632 1180 823 1159 1291 1134
-9999 -9999 0 0 2 4 0 126 41 41 44 106 307 341 79 46 69 69 203 147 176 94 38 73 213 221 363 0 739 649 715 318 103 89 6 0 0 0 188 355 493 32767 32767 32767 32767 32767 32767 32767 32767 32767 32767 32767 887 1472 873 657 1292 663 1171 183 128 34 0 0 0 0 0 0 0 0 49 1401 1056 974 1064 148 33 72 84 86 100 109 398 1257 719 926 1475 1176
-9999 -9999 0 0 0 3 4 259 69 54 82 107 267 85 61 68 66 199 240 214 169 145 72 303 274 270 210 0 575 795 609 468 191 8 0 0 32767 218 212 311 267 283 216 333 32767 32767 32767 32767 32767 32767 96 32767 683 877 768 581 417 906 1018 246 38 76 35 0 0 0 0 0 0 0 163 840 1435 1210 843 117 72 74 40 102 92 9 156 902 1046 1159 1417 1297
-9999 -9999 -9999 0 0 3 192 275 149 53 38 38 51 177 221 211 271 244 355 200 71 147 69 264 143 360 23 143 255 496 722 252 301 591 0 0 32767 576 25 155 147 62 54 604 592 32767 32767 32767 32767 32767 32767 32767 32767 769 728 612 897 567 847 523 247 49 78 0 0 0 0 0 0 0 1126 745 1127 956 997 489 117 35 32 65 37 35 19 273 837 838 819 1067
-9999 -9999 -9999 0 0 3 218 352 67 46 5 40 142 263 196 285 348 233 134 125 135 3 64 51 203 280 310 367 306 255 193 210 24 307 15 21 32767 441 214 209 69 65 76 512 524 92 32767 32767 32767 32767 32767 32767 32767 93 810 958 767 1018 935 751 646 17 79 33 89 0 0 0 0 20 936 1123 1004 1213 1081 601 222 62 10 91 77 37 65 84 869 805 1293 1054
-9999 -9999 -9999 -9999 0 0 288 256 90 4 3 3 234 49 47 138 166 46 37 11 25 17 50 208 205 54 328 246 169 178 82 47 49 92 768 234 0 532 211 370 395 361 294 60 525 591 0 32767 32767 32767 32767 32767 32767 32767 522 1117 522 827 831 1093 662 284 16 73 178 0 0 0 0 0 395 1111 971 1041 937 886 481 102 80 111 96 69 80 47 701 797 1412 1527
-9999 -9999 -9999 -9999 -9999 0 285 74 95 96 3 116 167 139 81 50 71 42 7 11 73 48 200 197 215 35 596 284 157 33 75 31 28 86 812 32767 0 68 339 433 270 302 298 223 61 501 157 32767 32767 32767 32767 32767 32767 32767 32767 426 857 900 1000 1095 891 706 39 11 305 130 0 0 0 7 161 806 1098 987 942 906 715 287 185 93 80 72 75 39 385 779 1509 1310
-9999 -9999 -9999 -9999 -9999 -9999 250 179 148 160 204 117 191 123 125 125 51 54 59 55 136 12 18 17 190 67 182 205 59 318 66 33 140 67 413 32767 32 395 412 314 0 323 40 296 679 80 234 32767 32767 32767 32767 32767 32767 32767 32767 320 638 806 910 786 454 545 18 19 193 162 6 5 0 7 8 387 1114 970 1206 1102 806 951 382 187 107 76 160 121 320 878 1055 1413
-9999 -9999 -9999 -9999 -9999 -9999 30 361 106 107 89 0 189 162 137 50 47 72 67 177 239 57 18 49 33 599 110 261 18 18 44 164 200 22 208 0 560 564 367 433 318 303 229 252 560 151 26 32767 32767 32767 32767 32767 32767 670 32767 32767 412 858 655 693 842 478 334 37 20 197 98 8 0 0 0 42 1017 1255 1127 1444 1217 1233 884 492 195 129 126 271 244 420 1245 1249
-9999 -9999 -9999 -9999 -9999 -9999 175 285 85 0 0 0 90 31 79 34 33 77 145 0 182 110 131 38 444 339 286 659 19 7 46 169 0 135 32767 0 560 27 0 457 395 137 62 60 353 36 60 196 32767 32767 32767 32767 32767 820 367 32767 47 295 844 739 1007 953 1096 239 59 79 122 8 0 0 0 0 170 689 1236 956 909 945 1255 561 204 114 83 251 289 247 914 918
-9999 -9999 -9999 -9999 -9999 -9999 102 147 284 92 0 0 0 189 198 98 31 41 78 0 0 204 135 307 141 37 715 280 383 43 62 30 20 0 32767 0 225 0 0 366 253 34 64 65 306 36 228 32767 32767 32767 32767 32767 186 378 491 32767 32767 286 458 221 671 1141 908 504 31 178 110 21 0 0 0 0 108 1007 1034 1173 994 32767 32767 784 216 60 84 242 212 103 600 557
-9999 -9999 -9999 -9999 -9999 -9999 213 242 6 10 11 107 0 0 0 103 308 309 53 33 33 46 244 222 40 800 861 632 18 55 65 0 23 0 0 218 230 28 421 365 35 61 62 289 291 202 205 32767 32767 32767 32767 32767 32767 23 850 800 32767 32767 496 653 415 1013 626 368 264 263 23 9 0 0 0 35 304 415 1042 866 952 1106 898 32767 366 38 77 133 209 134 75 144
-9999 -9999 -9999 -9999 -9999 -9999 272 197 391 41 11 10 93 0 0 14 14 30 3 43 67 95 169 238 184 401 0 367 411 199 220 53 121 32767 0 253 159 301 245 246 496 796 744 704 688 279 233 32767 32767 32767 32767 32767 32767 209 712 88 32767 32767 664 934 991 338 688 240 338 208 62 7 0 0 30 297 662 544 552 839 782 850 748 32767 613 67 34 79 211 270 162 186
-9999 -9999 -9999 -9999 -9999 -9999 -9999 32 28 708 28 24 101 11 16 19 46 28 10 109 64 201 521 350 160 0 0 377 626 416 73 334 147 197 212 497 622 668 395 934 620 647 1124 653 244 397 222 32767 32767 32767 32767 32767 32767 0 727 398 624 32767 32767 231 963 298 568 336 559 288 326 83 0 8 524 677 592 630 556 521 711 788 855 943 838 405 65 111 283 249 265 316
-9999 -9999 -9999 -9999 -9999 -9999 -9999 231 27 26 24 346 140 272 38 2 12 270 0 84 39 82 188 515 166 396 0 433 592 875 222 447 32767 65 524 700 714 600 682 345 577 420 588 834 467 329 237 32767 32767 32767 32767 32767 32767 32767 590 402 556 601 32767 712 776 647 343 610 417 425 304 92 0 7 587 663 734 646 578 836 872 854 877 1215 801 693 227 165 93 157 207 339
-9999 -9999 -9999 -9999 -9999 -9999 -9999 -9999 0 48 22 231 56 162 19 37 57 0 12 190 65 31 60 324 279 260 632 869 452 897 363 778 32767 787 37 638 732 674 673 666 598 204 773 640 908 242 32767 32767 32767 32767 32767 32767 32767 32767 461 297 864 814 32767 32767 716 816 748 971 506 773 50 33 0 0 503 771 813 869 700 885 945 1100 1211 1012 32767 1062 913 89 75 96 163 217
-9999 -9999 -9999 -9999 -9999 -9999 -9999 -9999 -9999 9 36 261 444 206 349 18 231 244 18 210 221 148 65 77 82 147 26 306 718 906 307 78 315 22 38 37 46 386 366 747 178 679 1100 806 690 32767 32767 37 32767 32767 32767 32767 32767 32767 211 759 599 1047 617 32767 548 708 938 1065 357 326 54 101 0 0 474 685 897 889 974 1059 973 1079 1025 1036 32767 1045 654 190 148 191 262 275
-9999 -9999 -9999 -9999 -9999 -9999 -9999 -9999 -9999 -9999 0 589 64 146 190 363 304 74 13 189 220 217 30 81 37 41 202 240 585 867 190 32767 287 457 34 0 0 0 344 856 574 1064 1520 961 1510 32767 32767 0 0 32767 32767 32767 32767 32767 208 1216 870 802 876 32767 32767 824 905 437 302 393 262 141 6 7 385 904 1085 1139 993 1014 949 1021 987 1333 32767 1228 939 589 222 596 455 628
-9999 -9999 -9999 -9999 -9999 -9999 -9999 -9999 -9999 -9999 264 331 339 139 91 221 767 271 103 82 257 216 193 37 34 33 190 12 270 399 32767 334 657 23 3 79 0 0 21 856 1027 794 1675 1376 937 937 32767 32767 32767 32767 32767 32767 32767 32767 32767 442 289 550 1138 717 32767 32767 670 1006 314 451 12 417 637 710 914 1099 1194 1007 984 1000 1058 1057 1108 1290 938 972 951 874 995 903 944 913
-9999 -9999 -9999 -9999 -9999 -9999 -9999 -9999 23 769 320 475 709 27 177 219 374 290 92 50 187 224 205 36 65 34 82 61 475 415 744 196 644 16 56 248 214 142 415 892 526 86 1707 1634 1401 1181 32767 32767 32767 32767 32767 32767 32767 32767 32767 127 1147 744 992 798 32767 32767 673 904 685 367 162 365 717 888 1077 1412 1056 992 1048 994 1155 1101 1302 1148 889 32767 917 954 1313 1270 1213 1172
-9999 -9999 -9999 -9999 -9999 -9999 -9999 -9999 780 242 706 616 232 446 305 486 440 219 13 82 61 30 63 68 30 29 75 318 125 32767 194 10 1 192 229 552 0 234 311 510 704 926 2153 1210 1831 1071 473 32767 32767 32767 32767 32767 32767 32767 32767 548 712 1052 1020 1217 988 32767 32767 622 919 526 116 214 520 1024 840 1465 1005 1014 928 1121 1212 1305 1082 1126 919 783 32767 921 1054 1105 1521 931
-9999 -9999 -9999 -9999 -9999 -9999 -9999 -9999 1287 1020 325 763 719 60 249 915 890 117 23 352 181 31 59 67 28 14 37 243 32767 0 54 341 23 0 0 0 0 50 309 860 978 1077 1713 964 1029 1179 815 433 32767 32767 32767 32767 32767 32767 32767 32767 397 824 988 790 533 684 32767 100 1088 123 91 237 707 804 819 1243 1032 930 948 1115 1299 1085 867 1005 978 1197 777 32767 782 935 1408 999
-9999 -9999 -9999 -9999 -9999 -9999 -9999 -9999 723 730 794 659 96 32767 327 345 399 195 62 183 209 29 16 12 12 0 0 32767 0 17 49 39 8 0 0 0 155 15 223 952 1028 880 1412 1071 530 674 811 596 32767 32767 32767 32767 32767 32767 32767 32767 32767 323 1141 1053 1488 957 32767 32767 458 157 55 10 373 741 718 1125 1162 1053 827 1067 1460 1123 702 1060 1117 957 1233 691 429 956 1113 598
-9999 -9999 -9999 -9999 -9999 -9999 -9999 -9999 234 859 32767 32767 32767 32767 32767 32767 0 0 170 301 509 119 0 0 32767 32767 0 0 0 1 13 2 4 0 0 0 123 282 576 912 784 675 852 610 867 785 689 953 577 955 32767 32767 32767 32767 32767 32767 32767 0 693 664 1204 1328 981 32767 42 273 128 0 13 808 794 1262 1182 1146 924 998 1406 1070 944 1032 953 749 1055 928 735 32767 969 686
-9999 -9999 -9999 -9999 -9999 -9999 -9999 -9999 32767 848 1168 1050 482 0 11 49 6 32767 32767 0 0 0 32767 32767 3 3 3 0 0 0 3 0 83 18 56 847 165 766 893 405 202 321 721 595 934 917 699 720 803 226 1091 1600 1229 1416 850 32767 32767 32767 1087 401 1723 1760 794 32767 32767 244 0 0 0 22 928 938 1098 1102 1133 1142 1503 911 915 638 680 987 587 691 931 1183 924 933
-9999 -9999 -9999 -9999 -9999 -9999 -9999 -9999 1132 81 875 857 1032 648 394 71 0 0 0 0 0 0 28 125 16 2 2 0 0 4 8 8 79 22 698 381 1043 519 1098 789 466 259 882 804 986 856 416 898 797 480 701 833 1339 1549 674 974 813 909 662 282 517 819 764 770 32767 32767 0 0 0 0 188 927 1088 1017 1091 1526 1179 794 314 660 677 696 581 522 892 935 978 946
-9999 -9999 -9999 -9999 -9999 -9999 -9999 -9999 -9999 -9999 118 70 956 774 724 153 0 0 0 0 0 48 50 0 0 0 0 8 0 18 1 0 0 16 767 1039 67 174 566 881 881 642 999 1082 988 983 690 898 664 586 1358 2023 1405 1076 338 768 834 676 957 289 1040 594 292 618 660 32767 7 0 0 0 7 195 727 1450 1109 1236 976 582 341 643 678 133 392 888 1036 833 32767 550
-9999 -9999 -9999 -9999 -9999 -9999 -9999 -9999 -9999 -9999 100 66 508 795 1321 711 452 315 0 0 0 0 0 0 0 0 0 0 187 0 0 0 11 793 1018 602 200 269 332 606 921 533 656 981 910 423 950 591 863 637 532 776 1075 246 508 301 414 390 929 774 122 390 293 1253 77 32767 32767 0 0 0 0 24 692 1034 1332 1409 965 677 735 328 316 313 321 878 1056 753 597 209
-9999 -9999 -9999 -9999 -9999 -9999 -9999 -9999 342 25 272 832 702 624 786 945 172 3 18 10 0 0 0 0 0 0 0 0 0 0 0 0 325 520 975 433 681 262 205 382 748 626 848 929 360 354 338 306 716 915 914 464 329 182 201 187 1003 962 680 640 660 751 414 272 948 979 32767 8 0 0 0 7 90 649 649 880 487 523 635 665 583 334 543 720 845 637 681 473
-9999 -9999 -9999 -9999 -9999 -9999 -9999 -9999 327 936 856 762 857 755 693 859 342 29 38 0 165 183 0 0 0 0 0 0 0 0 0 18 229 0 939 343 295 309 301 259 740 577 75 601 398 262 392 392 778 184 3 62 17 201 78 453 746 396 680 302 95 536 371 210 343 104 32767 32767 43 137 0 0 36 463 830 735 269 255 114 98 309 943 654 829 661 672 621 548
-9999 -9999 -9999 -9999 -9999 -9999 -9999 32767 270 1096 1329 1275 908 614 758 757 166 208 50 196 0 0 0 0 0 0 0 0 0 0 0 268 760 439 328 369 471 238 290 168 385 778 802 667 816 810 262 770 277 216 0 0 0 0 0 205 63 0 196 215 643 985 126 136 600 733 909 32767 117 47 0 0 0 98 535 610 649 466 334 171 103 770 577 556 943 921 402 662
-9999 -9999 -9999 -9999 -9999 -9999 -9999 32767 778 1135 619 715 1112 712 774 948 504 189 0 0 0 0 0 0 0 0 0 0 2 101 160 30 781 602 469 766 386 223 479 600 420 788 796 319 754 690 809 421 483 544 354 11 0 0 0 0 18 176 258 205 31 201 84 811 271 818 74 32767 32767 407 0 0 0 198 281 178 447 102 500 185 70 889 915 680 754 688 894 636
-9999 -9999 -9999 -9999 -9999 -9999 964 32767 610 972 721 1096 677 719 1065 950 701 160 158 27 0 0 0 0 0 0 0 1 11 101 83 369 158 114 204 667 453 445 453 924 821 1425 540 611 37 105 198 613 685 74 720 171 111 0 0 0 0 12 228 52 64 610 738 838 614 229 697 632 32767 15 348 0 0 893 84 460 209 308 238 192 289 829 551 348 260 577 991 710
-9999 -9999 -9999 -9999 -9999 648 893 32767 485 890 1152 611 1003 1013 1252 823 872 882 760 667 36 0 0 0 0 88 23 19 65 314 79 42 563 197 362 725 756 771 795 738 955 842 1447 1020 740 752 837 742 125 78 204 93 495 178 246 100 1 0 0 0 134 294 989 671 461 425 751 283 32767 32767 113 174 88 965 317 191 484 502 944 550 570 202 212 208 578 884 1111 563
-9999 -9999 -9999 -9999 -9999 273 423 32767 273 962 1164 476 714 1092 1181 873 817 1039 584 611 575 194 138 13 16 15 2 259 262 19 294 222 446 50 208 182 838 660 799 714 1128 870 942 645 1091 841 981 776 725 699 393 421 655 486 651 30 56 1 0 0 0 55 1012 720 478 96 190 109 32767 32767 361 18 0 244 348 720 442 754 710 1168 908 500 125 214 352 566 841 608
-9999 -9999 -9999 -9999 457 389 528 32767 438 998 641 874 683 866 1193 1059 1225 1096 925 764 819 700 68 42 68 242 228 239 242 329 56 83 115 211 87 56 166 695 945 1578 841 774 955 665 1168 541 556 613 562 656 93 493 465 520 791 167 44 13 82 11 12 276 339 88 885 197 153 1578 529 32767 32767 0 0 1000 477 858 667 759 734 505 811 -9999 -9999 -9999 684 1013 477 872
-9999 -9999 -9999 -9999 636 640 992 32767 1139 819 911 762 926 1026 1104 948 1114 1065 1401 1029 1064 522 512 232 62 65 286 217 192 685 288 254 546 262 69 53 608 560 1268 811 678 769 1107 797 1526 605 494 194 666 865 547 531 480 411 475 566 444 17 19 13 89 19 520 543 131 208 450 566 1151 32767 32767 63 84 -9999 -9999 -9999 -9999 -9999 -9999 -9999 -9999 -9999 -9999 -9999 -9999 -9999 -9999 -9999
