ValueNro_2398/ValueNro_2398_slope_16m.asc
ncols        141
nrows        228
xllcorner    356256.000000000000
yllcorner    6857312.000000000000
cellsize     16.000000000000
NODATA_value  -9999
[rows 152 to 170 of 228, columns 0 to 43 of 141]
-9999 -9999 -9999 10.579539299011230469 10.494982719421386719 0.54147577285766601562 3.6211864948272705078 8.1958751678466796875 8.3654298782348632812 9.6495752334594726562 13.84554290771484375 14.419948577880859375 11.568756103515625 8.7814121246337890625 7.6085200309753417969 5.9521121978759765625 4.5466113090515136719 3.5546352863311767578 3.7012701034545898438 5.6314287185668945312 7.3550825119018554688 8.5232028961181640625 8.8967523574829101562 6.7644186019897460938 3.9681348800659179688 3.0148451328277587891 2.6132652759552001953 2.9736053943634033203 3.7012436389923095703 4.2160687446594238281 4.8037848472595214844 5.0965890884399414062 6.1238884925842285156 7.6071519851684570312 5.8697137832641601562 3.1303081512451171875 1.881537318229675293 1.1892057657241821289 0.45398509502410888672 0.24362285435199737549 0.10869755595922470093 0.31796956062316894531 0.63016772270202636719 0.34866359829902648926
-9999 -9999 -9999 9.006824493408203125 11.440250396728515625 4.3949155807495117188 7.5285520553588867188 11.058958053588867188 11.698970794677734375 14.33940887451171875 15.094288825988769531 11.935061454772949219 10.795108795166015625 8.3590135574340820312 8.21538543701171875 7.4055533409118652344 5.4264731407165527344 3.6305017471313476562 3.1653802394866943359 4.6931729316711425781 6.793689727783203125 7.5373425483703613281 7.3933310508728027344 5.9713354110717773438 3.1969697475433349609 2.0793833732604980469 1.7523832321166992188 1.9765888452529907227 2.6441895961761474609 3.8508069515228271484 5.4749083518981933594 6.5650525093078613281 7.3962683677673339844 9.1729145050048828125 7.805194854736328125 4.77478790283203125 3.0978558063507080078 1.7838288545608520508 0.81022125482559204102 0.37142929434776306152 0.34538185596466064453 0.44353342056274414062 0.66710150241851806641 0.35858765244483947754
-9999 -9999 -9999 8.61261749267578125 12.965494155883789062 10.145175933837890625 9.7813844680786132812 11.006185531616210938 13.153486251831054688 15.047863960266113281 12.470906257629394531 9.2160549163818359375 9.0277147293090820312 6.5150160789489746094 8.3037996292114257812 9.7645750045776367188 9.5540971755981445312 8.9043340682983398438 8.9318094253540039062 8.994960784912109375 9.7909030914306640625 9.7153081893920898438 7.5325183868408203125 5.1967039108276367188 2.7147688865661621094 1.4871270656585693359 1.4570523500442504883 1.5865448713302612305 1.7729709148406982422 3.5122456550598144531 5.2672576904296875 6.247180938720703125 7.2006487846374511719 9.5600147247314453125 9.134502410888671875 7.786022186279296875 5.5315275192260742188 2.9637708663940429688 1.4790366888046264648 0.90076887607574462891 0.8533496856689453125 0.38454192876815795898 0.71641010046005249023 0.53688269853591918945
-9999 -9999 3.4206097126007080078 11.362401008605957031 16.22942352294921875 11.982446670532226562 7.8333215713500976562 11.308965682983398438 15.508838653564453125 14.835773468017578125 11.389341354370117188 11.511466026306152344 10.281429290771484375 4.9481525421142578125 6.4275765419006347656 8.9572200775146484375 10.8099822998046875 12.266102790832519531 12.6389923095703125 12.032034873962402344 13.001978874206542969 14.052576065063476562 9.2616367340087890625 4.8789744377136230469 4.4982929229736328125 3.8386480808258056641 3.2544665336608886719 2.6486713886260986328 1.8862847089767456055 3.7910254001617431641 4.517108917236328125 5.0763125419616699219 6.9667901992797851562 8.935276031494140625 9.0971431732177734375 9.486835479736328125 7.4534511566162109375 3.9377841949462890625 1.9001059532165527344 1.3695482015609741211 1.2472285032272338867 0.58773410320281982422 0.75758701562881469727 1.0872697830200195312
-9999 -9999 5.8444910049438476562 15.286911964416503906 16.237825393676757812 8.3333578109741210938 5.458770751953125 12.937685012817382812 16.443706512451171875 11.837652206420898438 7.7724361419677734375 11.695921897888183594 12.604832649230957031 4.3090457916259765625 6.2806134223937988281 6.9346184730529785156 8.505298614501953125 8.318691253662109375 8.2864236831665039062 8.6944284439086914062 12.042254447937011719 16.578191757202148438 10.901356697082519531 8.3580474853515625 10.274993896484375 10.101000785827636719 8.0322465896606445312 5.4963831901550292969 2.9272563457489013672 3.5983433723449707031 3.788410186767578125 2.8217117786407470703 5.760471343994140625 7.26513671875 7.6522264480590820312 9.7990350723266601562 8.2901678085327148438 4.3881206512451171875 2.7052209377288818359 2.0707237720489501953 1.4708849191665649414 0.91497975587844848633 0.41803577542304992676 0.75875049829483032227
-9999 -9999 7.768787384033203125 16.379482269287109375 13.399410247802734375 5.2698650360107421875 5.3914937973022460938 13.873667716979980469 15.719138145446777344 9.47863006591796875 3.7796695232391357422 8.441242218017578125 13.537432670593261719 5.0712976455688476562 6.6480617523193359375 4.379344940185546875 5.8064298629760742188 5.5757193565368652344 6.2412343025207519531 7.0410008430480957031 11.428597450256347656 15.863004684448242188 11.210377693176269531 10.302038192749023438 10.522050857543945312 10.177609443664550781 9.5448818206787109375 7.7457375526428222656 4.5222096443176269531 2.8945443630218505859 4.256130218505859375 2.2122642993927001953 4.7585167884826660156 6.6355443000793457031 7.3895359039306640625 9.9418821334838867188 8.5581369400024414062 4.3750061988830566406 3.6122694015502929688 3.1778674125671386719 1.8552209138870239258 1.0891284942626953125 0.87438231706619262695 0.59021776914596557617
-9999 -9999 7.4050436019897460938 15.267229080200195312 12.591867446899414062 5.9750418663024902344 5.3937516212463378906 13.474352836608886719 15.81259918212890625 11.577820777893066406 6.2104649543762207031 3.5168128013610839844 11.269249916076660156 6.2657980918884277344 6.2207241058349609375 3.4280734062194824219 3.6171555519104003906 4.3080172538757324219 5.0742282867431640625 5.6654162406921386719 10.203767776489257812 12.765595436096191406 8.4927377700805664062 5.7208318710327148438 4.1698584556579589844 5.3462843894958496094 7.0067067146301269531 8.3191099166870117188 5.8235559463500976562 2.6274974346160888672 4.7705812454223632812 2.8292970657348632812 4.1275858879089355469 6.9618806838989257812 8.3234777450561523438 9.8830432891845703125 7.50254058837890625 3.8278508186340332031 4.2421641349792480469 4.2611017227172851562 2.5745959281921386719 1.3852173089981079102 1.0340433120727539062 0.79384934902191162109
-9999 -9999 4.4954304695129394531 13.003673553466796875 13.909712791442871094 9.6987848281860351562 6.4651923179626464844 12.000881195068359375 16.339879989624023438 14.820279121398925781 9.5744199752807617188 0.83787804841995239258 7.2992415428161621094 7.112972259521484375 6.7676396369934082031 3.8291110992431640625 2.9615275859832763672 3.3458726406097412109 4.8630218505859375 6.1745176315307617188 8.727359771728515625 9.5455169677734375 6.3836841583251953125 3.2656660079956054688 2.7971065044403076172 3.3005614280700683594 5.0972733497619628906 8.3491344451904296875 5.9185662269592285156 2.8078873157501220703 4.8506865501403808594 2.5299086570739746094 3.5693848133087158203 7.6100745201110839844 10.30899810791015625 9.6267404556274414062 5.0082235336303710938 2.8914754390716552734 4.2982301712036132812 4.7424998283386230469 3.3639643192291259766 2.5567023754119873047 1.6577576398849487305 0.96499574184417724609
-9999 -9999 0.7051169276237487793 9.31484222412109375 13.386446952819824219 11.485520362854003906 6.9792599678039550781 9.1516523361206054688 14.750408172607421875 17.108325958251953125 13.406452178955078125 4.2799496650695800781 3.6192772388458251953 4.6731438636779785156 4.3930087089538574219 2.7385389804840087891 3.5401747226715087891 3.3038818836212158203 4.6537051200866699219 6.6079502105712890625 7.8103342056274414062 7.8656849861145019531 6.081340789794921875 4.2376146316528320312 2.9587106704711914062 2.3640482425689697266 5.25258636474609375 7.7697744369506835938 4.8130483627319335938 3.3473899364471435547 4.3655538558959960938 1.6069376468658447266 4.5957226753234863281 9.7324619293212890625 11.677898406982421875 7.3589305877685546875 2.7152931690216064453 2.7237489223480224609 4.2557749748229980469 4.5270938873291015625 3.7634110450744628906 4.01483917236328125 3.3153376579284667969 1.7212877273559570312
-9999 -9999 -9999 5.3130855560302734375 11.761145591735839844 11.174750328063964844 5.6485285758972167969 5.9861497879028320312 12.000323295593261719 16.539541244506835938 15.551507949829101562 7.4017553329467773438 1.6065154075622558594 1.2247822284698486328 0.73813217878341674805 2.6724991798400878906 4.3527979850769042969 3.6992762088775634766 4.2385220527648925781 6.007049560546875 7.5122618675231933594 7.6326742172241210938 5.314441680908203125 4.3684897422790527344 3.1424758434295654297 2.5122623443603515625 5.573558807373046875 5.6935639381408691406 4.3112993240356445312 3.1059024333953857422 3.0486881732940673828 0.25950840115547180176 6.8559699058532714844 11.546361923217773438 10.211894035339355469 4.1931285858154296875 2.1900303363800048828 2.9537525177001953125 4.0588154792785644531 4.1221346855163574219 3.5426120758056640625 4.1341347694396972656 4.4349045753479003906 2.767917633056640625
-9999 -9999 -9999 2.9159052371978759766 11.609421730041503906 11.811710357666015625 4.7815012931823730469 4.0655360221862792969 11.021370887756347656 15.615849494934082031 15.948455810546875 9.8695039749145507812 2.5364539623260498047 0.80889904499053955078 0.40538987517356872559 2.7053115367889404297 4.1256432533264160156 3.3713266849517822266 4.0234727859497070312 5.5979590415954589844 7.5763783454895019531 8.0960912704467773438 4.659389495849609375 3.7131578922271728516 4.0975174903869628906 4.109699249267578125 3.8625226020812988281 3.2112498283386230469 4.785892486572265625 3.9210886955261230469 1.4974966049194335938 1.9778609275817871094 9.1110668182373046875 10.907280921936035156 7.0356836318969726562 3.2581677436828613281 2.02651214599609375 2.7712991237640380859 2.9740648269653320312 3.7503247261047363281 3.8712465763092041016 4.3295035362243652344 5.11399078369140625 3.7027547359466552734
-9999 -9999 -9999 -9999 9.7580785751342773438 12.110846519470214844 5.7312412261962890625 3.1336011886596679688 9.3499584197998046875 14.424905776977539062 15.558524131774902344 12.154835700988769531 5.3515567779541015625 1.9873495101928710938 2.0269360542297363281 4.0657787322998046875 4.3471498489379882812 2.7275464534759521484 3.8157668113708496094 5.4345889091491699219 7.4432706832885742188 8.44271087646484375 4.8774008750915527344 3.4238789081573486328 5.3244719505310058594 5.9730138778686523438 2.9875233173370361328 1.5098924636840820312 2.9841182231903076172 4.4417891502380371094 2.5867919921875 4.599941253662109375 9.0940885543823242188 7.9430980682373046875 5.3040614128112792969 3.9271473884582519531 2.8403418064117431641 2.936412811279296875 1.9770768880844116211 3.1454787254333496094 3.9157545566558837891 4.4994349479675292969 5.76314544677734375 4.8749713897705078125
-9999 -9999 -9999 -9999 -9999 11.004793167114257812 8.7758626937866210938 4.0570397377014160156 6.1416440010070800781 11.9580535888671875 13.807697296142578125 12.158308982849121094 9.2853336334228515625 7.4303426742553710938 2.4590418338775634766 4.564762115478515625 5.3812851905822753906 3.3416571617126464844 3.6506345272064208984 4.7526340484619140625 6.872562408447265625 8.32483673095703125 5.4578633308410644531 3.8888514041900634766 6.2271552085876464844 7.1024327278137207031 2.9754822254180908203 4.5912828445434570312 1.2481650114059448242 3.8211886882781982422 5.1745944023132324219 6.8066263198852539062 6.9934620857238769531 4.8856983184814453125 4.8747529983520507812 4.0042734146118164062 3.6259303092956542969 3.9397747516632080078 2.8485295772552490234 2.7003057003021240234 3.0822341442108154297 3.3455171585083007812 4.9685730934143066406 5.6881437301635742188
-9999 -9999 -9999 -9999 -9999 -9999 10.758891105651855469 7.9499578475952148438 5.1603903770446777344 10.315134048461914062 14.249696731567382812 11.855343818664550781 10.383167266845703125 12.533881187438964844 10.696518898010253906 5.2823472023010253906 5.0132379531860351562 5.6168894767761230469 5.4219226837158203125 6.1121540069580078125 7.4329152107238769531 8.211246490478515625 6.0371966361999511719 4.8309526443481445312 6.6754546165466308594 7.4035248756408691406 2.2007851600646972656 4.886478424072265625 3.2705783843994140625 2.1753096580505371094 6.3915309906005859375 8.3396940231323242188 5.4364237785339355469 3.2600882053375244141 4.4187531471252441406 3.1344416141510009766 3.2940731048583984375 4.2440800666809082031 3.0067720413208007812 2.1969549655914306641 2.4123363494873046875 2.300899505615234375 3.1720042228698730469 5.5988574028015136719
-9999 -9999 -9999 -9999 -9999 -9999 4.5463080406188964844 10.091227531433105469 9.6928358078002929688 11.419131278991699219 16.371746063232421875 14.921420097351074219 11.076381683349609375 12.600461959838867188 14.56874847412109375 11.930416107177734375 8.034069061279296875 9.4853677749633789062 9.3636484146118164062 9.3883991241455078125 9.8835401535034179688 9.105327606201171875 7.6724910736083984375 7.3075995445251464844 7.2134795188903808594 6.2128000259399414062 1.6019994020462036133 3.7503495216369628906 4.1427989006042480469 2.332000732421875 5.5578222274780273438 8.5679912567138671875 5.6507124900817871094 3.1231355667114257812 3.7694711685180664062 2.2581067085266113281 1.6662168502807617188 3.2890796661376953125 3.4809622764587402344 2.4465274810791015625 2.1074571609497070312 2.0319168567657470703 1.7836749553680419922 4.5910973548889160156
-9999 -9999 -9999 -9999 -9999 -9999 4.797466278076171875 4.7085089683532714844 8.1276121139526367188 9.9502000808715820312 14.920813560485839844 16.073408126831054688 11.881024360656738281 11.491166114807128906 14.125070571899414062 15.037599563598632812 10.86710357666015625 9.3913249969482421875 9.3100910186767578125 8.3081426620483398438 7.9333052635192871094 6.7725205421447753906 6.8004946708679199219 6.7906832695007324219 5.4708962440490722656 3.973865509033203125 1.4210451841354370117 2.5164105892181396484 3.6742761135101318359 3.9615092277526855469 5.3197417259216308594 7.7753095626831054688 5.8448505401611328125 2.9809617996215820312 3.1864147186279296875 2.6281297206878662109 1.6732109785079956055 3.1738433837890625 4.1774830818176269531 2.4329130649566650391 1.9061014652252197266 2.1164860725402832031 1.3957177400588989258 3.0658755302429199219
-9999 -9999 -9999 -9999 -9999 -9999 8.1085720062255859375 1.735644221305847168 2.6040549278259277344 4.8019132614135742188 10.249911308288574219 13.795374870300292969 9.4836969375610351562 6.5237832069396972656 7.167964935302734375 9.7127065658569335938 7.7483081817626953125 5.2312493324279785156 6.7682566642761230469 5.7419891357421875 5.0229358673095703125 4.7758564949035644531 5.4880175590515136719 5.4980797767639160156 3.7478353977203369141 2.4864106178283691406 1.3935251235961914062 1.6610060930252075195 2.2457995414733886719 3.1407740116119384766 5.1444492340087890625 6.6417365074157714844 5.1912455558776855469 3.0166704654693603516 3.6729977130889892578 4.586643218994140625 4.4997701644897460938 5.3177900314331054688 4.7036075592041015625 2.8883664608001708984 2.4951360225677490234 2.6567368507385253906 1.7120665311813354492 1.0201610326766967773
-9999 -9999 -9999 -9999 -9999 -9999 8.7928686141967773438 6.0927839279174804688 1.2815834283828735352 0.71662563085556030273 5.4482359886169433594 11.467883110046386719 10.270467758178710938 4.5846114158630371094 5.6931452751159667969 8.3369569778442382812 5.3273596763610839844 3.0524544715881347656 6.2660512924194335938 8.065212249755859375 7.124053955078125 5.8164319992065429688 6.0916228294372558594 5.0796360969543457031 2.9827454090118408203 1.6242346763610839844 1.0802558660507202148 1.1191045045852661133 0.91309952735900878906 1.6548532247543334961 4.08594512939453125 4.9318079948425292969 4.5359873771667480469 3.7065021991729736328 4.902019500732421875 5.7745952606201171875 4.60297393798828125 4.0672407150268554688 3.4799671173095703125 2.9010648727416992188 3.3092279434204101562 3.6282429695129394531 2.6984658241271972656 1.7492340803146362305
-9999 -9999 -9999 -9999 -9999 -9999 9.41985321044921875 12.463487625122070312 7.4328579902648925781 1.6013867855072021484 1.9325194358825683594 7.7057437896728515625 12.807993888854980469 9.9293012619018554688 8.3259325027465820312 10.55556488037109375 9.700595855712890625 9.9679327011108398438 10.037041664123535156 10.764906883239746094 11.993544578552246094 10.712403297424316406 6.5585393905639648438 3.4104750156402587891 1.9766397476196289062 1.215487360954284668 0.56026452779769897461 1.0626033544540405273 1.2631753683090209961 2.2123720645904541016 4.8119306564331054688 5.0640959739685058594 5.2466597557067871094 5.4166631698608398438 6.2085633277893066406 5.2121567726135253906 3.0159604549407958984 1.7681699991226196289 0.53151923418045043945 1.5496374368667602539 2.9397554397583007812 2.8632459640502929688 1.7580214738845825195 2.6966404914855957031
