ValueNro_2398/ValueNro_2398_koivu.asc
ncols        141
nrows        228
xllcorner    356256.000000000000
yllcorner    6857312.000000000000
cellsize     16.000000000000
NODATA_value -9999
[rows 168 to 209 of 228, columns 0 to 94 of 141]
-9999 -9999 -9999 -9999 -9999 -9999 4 12 34 9 3 0 0 31 31 2 2 30 45 50 23 8 22 4 41 55 49 32 38 23 23 47 68 0 32767 0 6 0 0 1 14 15 13 15 17 0 12 32767 32767 32767 32767 32767 25 24 28 32767 32767 6 14 9 0 4 2 31 22 22 1 0 0 0 0 0 2 25 24 49 37 32767 32767 21 1 0 0 0 0 0 12 26 0 0 0 0 0 1 6
-9999 -9999 -9999 -9999 -9999 -9999 29 4 72 29 32 49 0 0 0 18 4 16 48 34 38 38 4 22 42 33 28 37 58 45 40 45 72 12 2 1 7 5 1 7 11 13 14 16 3 16 9 32767 32767 32767 32767 32767 32767 4 32 26 32767 32767 9 21 8 2 0 29 11 13 0 0 0 0 0 0 8 11 7 10 58 87 86 32767 5 0 0 0 0 0 0 12 0 0 0 0 0 0 7
-9999 -9999 -9999 -9999 -9999 -9999 22 15 47 58 39 32 14 9 0 21 1 20 2 44 39 27 38 72 38 4 0 5 27 46 29 70 32 32767 12 5 2 8 7 9 10 7 44 36 7 15 17 32767 32767 32767 32767 32767 32767 21 24 29 32767 32767 0 12 15 2 6 11 42 21 0 0 0 0 0 0 10 15 2 9 9 10 55 32767 17 0 0 0 0 0 0 0 15 0 0 0 0 0 8
-9999 -9999 -9999 -9999 -9999 -9999 -9999 13 18 28 45 40 2 17 24 20 23 13 20 27 42 29 45 79 23 0 0 8 30 15 18 26 5 0 5 13 26 9 3 15 4 45 31 31 11 39 19 32767 32767 32767 32767 32767 32767 0 45 64 22 32767 32767 6 3 3 2 12 56 16 16 1 0 0 2 2 0 3 22 10 8 9 12 86 23 10 0 0 0 0 0 0 15 0 0 0 0 0 7
-9999 -9999 -9999 -9999 -9999 -9999 -9999 6 12 13 42 63 55 3 19 22 21 12 6 33 46 38 24 55 39 2 0 8 4 6 11 48 32767 12 38 37 38 21 7 5 6 56 16 52 90 27 12 32767 32767 32767 32767 32767 32767 32767 34 56 18 9 32767 0 7 11 2 13 35 4 12 1 0 0 0 4 2 2 13 9 6 8 10 42 35 11 3 0 0 0 0 0 0 0 0 0 0 0 0
-9999 -9999 -9999 -9999 -9999 -9999 -9999 -9999 9 26 12 66 26 71 3 15 16 6 13 33 50 41 35 20 58 55 50 31 52 9 27 7 32767 39 41 46 32 35 25 22 17 23 20 29 17 13 32767 32767 32767 32767 32767 32767 32767 32767 46 51 16 19 32767 32767 8 0 2 6 41 45 53 38 0 0 2 4 0 0 11 4 12 9 12 32 32767 13 11 0 0 0 0 0 0 0 0 0 0 0 0
-9999 -9999 -9999 -9999 -9999 -9999 -9999 -9999 -9999 21 16 22 86 70 94 25 2 3 1 30 52 67 38 24 27 48 32 18 17 11 15 10 27 41 69 54 70 16 26 33 46 16 34 23 16 32767 32767 19 32767 32767 32767 32767 32767 32767 81 18 28 21 1 32767 0 27 1 3 48 25 53 9 0 0 0 3 0 0 7 12 11 0 4 30 32767 24 12 2 0 0 0 0 0 0 0 0 0 0 0
-9999 -9999 -9999 -9999 -9999 -9999 -9999 -9999 -9999 -9999 6 6 62 46 20 93 44 58 61 40 42 68 49 25 38 38 18 61 26 26 8 32767 18 41 61 17 0 6 15 26 33 8 20 14 16 32767 32767 0 11 32767 32767 32767 32767 32767 78 12 8 12 27 32767 32767 7 14 4 48 30 44 6 0 0 2 0 6 12 3 0 3 0 5 20 32767 43 19 3 3 21 0 2 0 0 0 0 0 0 0
-9999 -9999 -9999 -9999 -9999 -9999 -9999 -9999 -9999 -9999 5 18 90 21 58 90 73 48 50 36 57 57 68 35 34 42 9 63 36 23 32767 39 40 17 29 33 7 15 0 33 41 22 11 3 31 6 32767 32767 32767 32767 32767 32767 32767 32767 32767 41 49 14 24 8 32767 32767 17 0 14 26 50 19 4 7 8 12 14 0 0 0 1 2 1 18 49 63 82 13 6 23 9 5 10 0 0 0 0 2 22
-9999 -9999 -9999 -9999 -9999 -9999 -9999 -9999 33 33 11 34 31 33 27 91 77 46 67 38 67 75 68 39 23 34 20 21 38 29 31 38 35 1 8 7 9 15 22 30 6 35 9 3 27 21 32767 32767 32767 32767 32767 32767 32767 32767 32767 4 62 34 18 13 32767 32767 6 22 18 22 24 30 30 32 20 9 0 0 0 3 1 2 7 9 43 32767 74 36 13 1 10 14 3 0 0 0 0 0 24
-9999 -9999 -9999 -9999 -9999 -9999 -9999 -9999 30 52 16 16 53 40 27 15 27 57 69 20 43 46 37 39 35 34 48 24 29 32767 38 31 3 10 0 9 5 17 38 21 19 23 1 5 6 12 10 32767 32767 32767 32767 32767 32767 32767 32767 1 21 14 13 9 6 32767 32767 20 8 24 29 50 62 68 66 26 0 0 2 0 2 7 11 27 62 95 32767 77 30 7 16 5 7 0 0 0 0 3 13
-9999 -9999 -9999 -9999 -9999 -9999 -9999 -9999 44 47 48 16 21 16 24 42 55 35 45 29 38 32 40 52 54 74 59 8 32767 4 29 40 31 13 0 0 0 17 25 19 34 29 4 5 5 23 20 72 32767 32767 32767 32767 32767 32767 32767 32767 7 7 20 8 17 0 32767 0 14 56 78 33 146 127 66 16 0 2 0 2 8 11 8 42 48 48 97 32767 67 37 13 0 9 0 0 0 0 11 10
-9999 -9999 -9999 -9999 -9999 -9999 -9999 -9999 26 24 0 17 0 32767 0 12 39 36 40 80 33 40 71 27 26 13 12 32767 0 7 74 59 23 0 0 0 12 1 18 4 7 12 21 3 14 8 15 12 32767 32767 32767 32767 32767 32767 32767 32767 32767 56 2 1 12 15 32767 32767 5 55 52 32 53 39 46 24 2 1 0 0 11 10 25 27 44 48 94 78 99 39 11 6 0 0 0 0 0 0 3
-9999 -9999 -9999 -9999 -9999 -9999 -9999 -9999 42 7 32767 32767 32767 32767 32767 32767 0 0 4 41 40 40 12 0 32767 32767 0 12 12 26 37 19 21 0 6 0 25 28 33 45 3 18 12 13 22 21 26 19 46 21 32767 32767 32767 32767 32767 32767 32767 43 11 9 50 14 13 32767 0 3 1 17 9 36 38 24 2 1 1 4 9 14 39 41 29 60 67 69 75 32767 23 6 0 0 0 0 0 0 11
-9999 -9999 -9999 -9999 -9999 -9999 -9999 -9999 32767 20 16 10 12 0 0 0 2 32767 32767 3 2 10 32767 32767 24 23 32 14 0 0 25 3 2 34 14 24 52 33 10 50 1 2 3 15 21 22 26 32 16 31 21 9 17 8 35 32767 32767 32767 15 10 11 5 12 32767 32767 1 3 0 0 0 29 21 1 5 2 0 11 37 39 43 42 38 30 100 106 81 54 10 3 0 0 0 0 0 12
-9999 -9999 -9999 -9999 -9999 -9999 -9999 -9999 3 35 18 25 36 16 9 0 4 7 3 2 10 18 26 28 48 14 17 6 16 11 12 30 29 29 20 42 11 27 4 10 3 5 22 11 11 26 55 41 18 13 46 5 7 13 15 13 44 19 30 36 1 5 6 1 32767 32767 13 4 0 8 0 29 19 5 5 10 13 41 41 42 36 47 28 85 99 30 97 78 23 3 10 7 0 0 0
-9999 -9999 -9999 -9999 -9999 -9999 -9999 -9999 -9999 -9999 65 60 31 15 10 72 0 0 14 3 0 12 14 0 0 0 0 23 0 32 33 0 0 1 30 29 61 65 43 4 6 3 11 12 14 12 9 8 26 15 28 10 11 4 2 9 16 24 13 23 0 5 2 15 7 32767 4 26 11 13 0 0 30 26 9 24 37 38 32 42 42 65 43 72 110 52 32767 105 48 22 1 21 0 0 22
-9999 -9999 -9999 -9999 -9999 -9999 -9999 -9999 -9999 -9999 62 58 38 27 17 27 7 10 5 0 0 0 6 11 10 0 0 0 16 12 6 8 20 53 37 5 2 17 7 16 8 29 23 12 18 45 18 43 27 27 23 11 3 11 4 4 4 4 16 21 30 2 3 10 14 32767 32767 20 12 12 12 0 30 27 26 33 39 39 39 43 42 44 41 44 50 59 72 65 32767 41 13 5 2 11 4
-9999 -9999 -9999 -9999 -9999 -9999 -9999 -9999 45 49 16 21 33 41 25 11 35 1 27 11 10 9 0 0 9 9 0 0 25 13 22 14 4 78 25 3 2 2 3 25 30 27 14 8 15 14 14 41 23 22 21 21 29 28 22 50 7 8 7 17 22 13 15 2 10 1 32767 5 13 24 0 0 1 11 24 35 41 55 35 42 40 41 33 37 75 39 85 114 75 82 40 10 27 19 4
-9999 -9999 -9999 -9999 -9999 -9999 -9999 -9999 12 16 32 35 33 10 16 31 30 16 23 15 18 14 0 0 0 0 0 0 0 0 14 26 20 59 3 2 2 2 2 2 13 52 18 24 49 51 4 3 48 12 1 22 24 9 10 35 16 34 36 15 5 13 25 3 2 16 32767 32767 1 0 0 0 0 2 9 40 53 55 65 65 44 56 82 83 73 36 33 57 59 105 54 43 13 9 26
-9999 -9999 -9999 -9999 -9999 -9999 -9999 32767 37 20 29 39 24 11 10 34 34 20 10 6 16 12 8 0 0 0 0 0 7 14 0 16 45 12 58 3 4 4 2 2 4 29 17 23 5 4 7 28 30 6 0 6 7 8 8 9 13 35 10 20 7 11 30 13 3 11 1 32767 0 17 0 0 0 1 9 26 26 30 40 36 63 87 101 81 91 62 88 69 74 32767 77 43 29 36 22
-9999 -9999 -9999 -9999 -9999 -9999 -9999 32767 21 13 13 15 6 18 10 10 41 8 8 15 14 10 8 0 3 4 0 0 20 12 13 32 32 20 16 21 2 4 4 5 4 4 48 11 36 15 17 13 9 21 4 13 0 0 0 6 29 22 12 8 12 4 29 7 48 5 14 32767 32767 0 0 0 5 0 47 24 35 20 24 2 57 46 52 32 62 72 108 34 36 71 32767 32767 32767 32767 32767
-9999 -9999 -9999 -9999 -9999 -9999 28 32767 5 16 17 6 2 17 15 4 34 30 12 10 9 12 11 0 0 0 0 0 12 8 46 20 20 35 18 39 33 5 5 3 31 5 34 17 20 20 24 15 46 67 47 33 4 3 3 0 0 18 16 9 12 1 29 34 32 28 6 1 32767 2 1 0 0 25 42 4 3 3 2 2 14 40 31 30 18 102 83 17 47 77 102 43 12 12 40
-9999 -9999 -9999 -9999 -9999 19 11 32767 19 43 10 1 11 25 12 8 12 13 23 49 0 16 12 0 0 26 32 27 31 32 45 73 10 47 29 13 19 4 3 37 29 37 38 29 8 15 19 8 13 14 20 42 25 12 3 13 0 0 0 18 14 13 10 51 54 48 4 13 32767 32767 1 11 8 46 28 2 14 3 3 4 0 46 26 27 19 80 108 64 28 40 42 19 2 9 17
-9999 -9999 -9999 -9999 -9999 15 10 32767 11 19 6 2 20 21 10 8 5 18 34 25 37 21 14 17 0 1 1 18 21 2 37 37 10 43 20 20 7 35 5 40 32 20 0 11 24 9 30 8 22 45 49 17 54 14 8 1 15 0 0 14 10 28 11 30 16 21 45 16 32767 32767 0 8 9 35 3 4 38 41 41 2 2 44 64 32 31 45 58 58 17 14 12 9 9 13 10
-9999 -9999 -9999 -9999 3 33 49 32767 4 11 26 6 34 30 12 3 12 7 35 18 19 28 13 10 1 3 3 3 3 24 3 14 27 42 58 59 31 32 16 26 15 11 21 3 29 13 21 39 12 55 60 12 12 53 14 10 27 22 38 13 20 20 54 16 7 17 49 8 21 32767 32767 22 6 40 12 43 3 32 26 37 5 -9999 -9999 -9999 27 28 47 39 11 9 9 8 5 11 17
-9999 -9999 -9999 -9999 43 47 17 32767 9 13 11 18 69 42 9 4 4 11 37 26 21 26 2 12 13 13 3 3 33 3 3 17 11 23 56 60 50 22 33 1 1 11 9 14 24 24 19 32 55 46 48 31 17 50 12 28 13 29 20 39 37 0 51 14 21 14 54 46 8 32767 32767 0 1 -9999 -9999 -9999 -9999 -9999 -9999 -9999 -9999 -9999 -9999 -9999 -9999 -9999 -9999 -9999 15 -9999 -9999 -9999 0 0 0
-9999 -9999 -9999 44 45 8 32767 45 20 33 24 10 22 25 11 13 25 23 2 9 29 3 10 15 8 12 13 37 39 3 4 20 63 21 18 54 20 17 11 14 2 11 9 1 2 31 23 30 37 54 21 23 51 49 39 10 8 25 29 25 12 18 3 21 16 16 47 13 9 2 32767 0 -9999 -9999 -9999 -9999 -9999 -9999 -9999 -9999 -9999 -9999 -9999 -9999 -9999 -9999 -9999 -9999 -9999 -9999 -9999 -9999 0 1 2
-9999 -9999 -9999 12 6 32767 41 32 21 12 47 7 9 0 16 13 17 4 9 7 2 11 10 21 14 11 13 12 3 3 38 18 31 12 28 31 23 64 19 15 10 29 0 1 12 8 34 12 28 55 54 52 45 35 56 55 30 22 29 23 16 24 8 28 30 23 41 50 3 15 32767 -9999 -9999 -9999 -9999 -9999 -9999 -9999 -9999 -9999 -9999 -9999 -9999 -9999 -9999 -9999 -9999 -9999 -9999 -9999 -9999 -9999 -9999 1 1
-9999 -9999 -9999 -9999 5 24 19 32 55 8 64 1 3 3 4 12 10 20 15 6 2 8 11 9 5 9 8 24 27 12 7 16 19 31 16 20 64 62 32 14 37 36 14 4 11 1 32 12 13 46 47 13 14 24 49 24 56 12 26 4 25 25 23 13 14 47 35 37 29 14 -9999 -9999 -9999 -9999 -9999 -9999 -9999 -9999 -9999 -9999 -9999 -9999 -9999 -9999 -9999 -9999 -9999 -9999 -9999 -9999 -9999 -9999 -9999 2 0
-9999 -9999 -9999 -9999 28 21 33 18 32 17 61 14 1 6 22 12 18 3 14 76 15 0 6 13 12 12 3 3 26 32 46 18 13 24 7 25 33 87 21 43 20 25 41 18 39 36 10 27 23 16 14 24 32 20 49 52 52 17 11 5 13 10 9 5 13 23 11 37 29 -9999 -9999 -9999 -9999 -9999 -9999 -9999 -9999 -9999 -9999 -9999 -9999 -9999 -9999 -9999 -9999 -9999 -9999 -9999 -9999 -9999 -9999 -9999 -9999 -9999 -9999
-9999 -9999 -9999 -9999 17 12 12 17 29 56 14 19 7 7 12 13 -9999 -9999 -9999 7 0 1 4 5 9 3 7 35 46 52 31 13 40 10 7 22 13 49 18 28 12 22 45 48 13 44 15 16 16 11 22 11 14 20 17 15 30 27 14 36 10 35 11 46 48 13 30 9 19 -9999 -9999 -9999 -9999 -9999 -9999 -9999 -9999 -9999 -9999 -9999 -9999 -9999 -9999 -9999 -9999 -9999 -9999 -9999 -9999 -9999 -9999 -9999 -9999 -9999 -9999
-9999 -9999 -9999 -9999 36 22 10 40 26 58 28 18 7 17 32 38 -9999 -9999 -9999 -9999 0 0 0 0 10 44 58 14 22 23 30 15 16 16 13 49 19 14 17 19 13 17 16 17 12 43 35 15 23 26 23 12 13 16 13 11 12 17 22 54 17 51 65 47 20 9 32767 32767 32767 4 -9999 -9999 -9999 -9999 -9999 -9999 -9999 -9999 -9999 -9999 -9999 -9999 -9999 -9999 -9999 -9999 -9999 -9999 -9999 -9999 -9999 -9999 -9999 -9999 -9999
-9999 -9999 -9999 -9999 -9999 -9999 -9999 21 46 31 22 19 27 14 -9999 -9999 -9999 -9999 -9999 -9999 0 0 0 0 2 24 20 8 10 14 4 29 13 13 13 42 25 22 18 20 17 18 17 33 39 11 9 13 24 7 33 22 8 25 38 13 39 36 27 14 32 15 0 32767 32767 31 23 14 36 32767 -9999 -9999 -9999 -9999 -9999 -9999 -9999 -9999 -9999 -9999 -9999 -9999 -9999 -9999 -9999 -9999 -9999 -9999 -9999 -9999 -9999 -9999 -9999 -9999 -9999
-9999 -9999 -9999 -9999 -9999 -9999 -9999 -9999 35 24 24 25 16 -9999 -9999 -9999 -9999 -9999 -9999 -9999 0 0 0 0 5 13 11 2 3 9 26 15 25 11 19 22 14 13 29 27 29 20 8 18 14 9 26 27 7 12 12 28 2 16 24 37 62 43 40 11 29 32767 32767 10 11 21 44 6 13 32767 16 7 -9999 -9999 -9999 -9999 -9999 -9999 -9999 -9999 -9999 -9999 -9999 -9999 -9999 -9999 -9999 -9999 -9999 -9999 -9999 -9999 -9999 -9999 -9999
-9999 -9999 -9999 -9999 -9999 -9999 -9999 -9999 -9999 13 18 17 -9999 -9999 -9999 -9999 -9999 -9999 -9999 -9999 0 0 1 5 9 14 9 0 1 0 9 12 22 19 31 21 20 11 22 33 19 35 17 17 21 13 25 8 5 13 28 28 12 11 18 18 44 39 37 7 32767 32 11 14 22 48 15 28 6 12 1 22 32767 -9999 -9999 -9999 -9999 -9999 -9999 -9999 -9999 -9999 -9999 -9999 -9999 -9999 -9999 -9999 -9999 -9999 -9999 -9999 -9999 -9999 -9999
-9999 -9999 -9999 -9999 -9999 -9999 -9999 -9999 -9999 -9999 -9999 -9999 -9999 -9999 -9999 -9999 -9999 -9999 -9999 -9999 3 0 1 1 0 0 0 0 2 1 10 1 36 39 27 18 24 11 44 11 19 21 15 14 22 8 4 0 6 14 11 11 21 14 17 14 41 34 32767 21 27 24 13 4 16 46 31 23 23 3 32767 18 32767 -9999 -9999 -9999 -9999 -9999 -9999 -9999 -9999 -9999 -9999 -9999 -9999 -9999 -9999 -9999 -9999 -9999 -9999 -9999 -9999 -9999 -9999
-9999 -9999 -9999 -9999 -9999 -9999 -9999 -9999 -9999 -9999 -9999 -9999 -9999 -9999 -9999 -9999 -9999 -9999 -9999 -9999 3 0 0 0 0 0 0 0 2 1 11 7 30 31 20 12 44 14 39 43 37 28 25 41 12 4 15 1 4 6 13 1 10 39 9 4 0 32767 28 56 38 19 14 46 6 30 14 42 22 22 32767 25 32767 32767 -9999 -9999 -9999 -9999 -9999 -9999 -9999 -9999 -9999 -9999 -9999 -9999 -9999 -9999 -9999 -9999 -9999 -9999 -9999 -9999 -9999
-9999 -9999 -9999 -9999 -9999 -9999 -9999 -9999 -9999 -9999 -9999 -9999 -9999 -9999 -9999 -9999 -9999 -9999 -9999 -9999 2 0 0 0 2 0 0 0 0 0 2 0 10 17 28 55 27 28 13 34 32 60 21 29 18 7 19 4 1 17 12 11 1 4 7 32767 26 11 37 31 11 17 16 17 14 35 23 46 22 23 21 13 32767 32767 -9999 -9999 -9999 -9999 -9999 -9999 -9999 -9999 -9999 -9999 -9999 -9999 -9999 -9999 -9999 -9999 -9999 -9999 -9999 -9999 -9999
-9999 -9999 -9999 -9999 -9999 -9999 -9999 -9999 -9999 -9999 -9999 -9999 -9999 -9999 -9999 -9999 -9999 -9999 -9999 -9999 2 0 0 2 2 1 0 0 0 9 0 0 0 0 2 3 32 91 6 18 45 14 87 38 20 40 11 21 0 11 5 14 14 32767 24 22 30 21 41 42 39 38 12 15 7 14 23 20 29 14 29 32767 10 32767 -9999 -9999 -9999 -9999 -9999 -9999 -9999 -9999 -9999 -9999 -9999 -9999 -9999 -9999 -9999 -9999 -9999 -9999 -9999 -9999 -9999
-9999 -9999 -9999 -9999 -9999 -9999 -9999 -9999 -9999 -9999 -9999 -9999 -9999 -9999 -9999 -9999 -9999 -9999 -9999 -9999 0 0 2 0 0 2 0 0 0 22 8 0 0 0 7 2 24 29 19 28 30 38 59 102 117 31 50 3 2 4 18 0 32767 47 25 8 16 10 57 47 29 18 19 11 7 19 -9999 14 20 22 37 8 8 32767 8 -9999 -9999 -9999 -9999 -9999 -9999 -9999 -9999 -9999 -9999 -9999 -9999 -9999 -9999 -9999 -9999 -9999 -9999 -9999 -9999
-9999 -9999 -9999 -9999 -9999 -9999 -9999 -9999 -9999 -9999 -9999 -9999 -9999 -9999 -9999 -9999 -9999 -9999 -9999 -9999 -9999 -9999 2 0 0 0 2 1 10 22 23 0 2 1 21 44 33 22 28 5 13 82 38 39 34 33 6 4 4 1 32767 4 25 27 37 19 56 26 21 52 66 22 21 35 26 35 -9999 -9999 -9999 -9999 -9999 -9999 -9999 32767 2 -9999 -9999 -9999 -9999 -9999 -9999 -9999 -9999 -9999 -9999 -9999 -9999 -9999 -9999 -9999 -9999 -9999 -9999 -9999 -9999
