ValueNro_2398/ValueNro_2398_bm_manty_juuret.asc
ncols        141
nrows        228
xllcorner    356256.000000000000
yllcorner    6857312.000000000000
cellsize     16.000000000000
NODATA_value -9999
[rows 117 to 155 of 228, columns 0 to 87 of 141]
-9999 -9999 -9999 -9999 -9999 -9999 -9999 -9999 -9999 -9999 -9999 -9999 -9999 -9999 -9999 -9999 -9999 -9999 797 1051 124 336 949 1040 1065 678 285 120 258 99 16 50 254 32767 32767 32767 32767 32767 32767 32767 1762 461 1059 750 1245 961 913 781 736 1068 1099 32767 434 297 111 9 100 296 566 597 723 820 816 729 823 1046 1187 1201 1216 912 38 56 240 2 32767 32767 32767 32767 32767 32767 32767 32767 32767 32767 709 714 12 28
-9999 -9999 -9999 -9999 -9999 -9999 -9999 -9999 -9999 -9999 -9999 -9999 -9999 -9999 -9999 -9999 -9999 776 1014 1062 80 717 785 663 782 247 578 68 121 15 324 44 13 98 968 32767 14 32767 32767 32767 978 487 991 1175 999 1203 956 765 749 1119 1052 874 493 428 286 23 24 413 498 627 725 826 880 861 888 885 1073 1273 1502 967 708 52 180 0 32767 32767 32767 32767 32767 32767 32767 32767 32767 32767 32767 595 21 2
-9999 -9999 -9999 -9999 -9999 -9999 -9999 -9999 -9999 -9999 -9999 -9999 -9999 -9999 -9999 -9999 -9999 32767 482 943 973 188 225 439 857 464 494 167 113 15 335 40 478 271 32767 32767 32767 111 720 915 881 483 582 488 380 1318 1235 595 850 854 1170 751 32767 468 423 202 361 500 619 681 722 722 791 802 833 847 953 1284 1226 751 677 76 2 2 0 32767 32767 32767 32767 32767 32767 32767 32767 32767 32767 0 33 2
-9999 -9999 -9999 -9999 -9999 -9999 -9999 -9999 -9999 -9999 -9999 -9999 -9999 -9999 -9999 -9999 -9999 -9999 32767 66 472 770 365 352 863 806 237 902 92 13 224 118 201 514 32767 32767 32767 32767 1137 1047 635 457 520 497 451 1553 1028 782 762 685 1069 871 32767 584 458 554 612 673 675 633 794 813 1028 1097 995 988 930 1124 736 519 32 0 0 22 250 32767 32767 32767 32767 32767 32767 32767 32767 32767 32767 32767 18 0
-9999 -9999 -9999 -9999 -9999 -9999 -9999 -9999 -9999 -9999 -9999 -9999 -9999 -9999 -9999 -9999 -9999 -9999 32767 32767 32767 608 861 1093 638 836 505 421 527 110 247 1324 780 32767 32767 32767 32767 32767 503 1115 874 872 975 1178 767 769 626 551 866 807 994 897 1033 1015 701 819 661 613 616 543 651 877 727 735 841 642 789 1058 1046 650 0 0 0 0 32767 32767 32767 32767 32767 32767 32767 32767 32767 32767 32767 32767 0 0
-9999 -9999 -9999 -9999 -9999 -9999 -9999 -9999 -9999 -9999 -9999 -9999 -9999 -9999 -9999 -9999 -9999 -9999 -9999 32767 32767 32767 742 639 1181 285 581 276 257 211 1129 1017 1033 32767 32767 32767 32767 409 656 782 632 833 559 1623 1495 1353 466 889 994 1424 1032 929 1161 32767 770 985 847 732 717 737 750 906 867 806 1068 1063 742 1291 283 62 0 3 0 2 32767 32767 32767 32767 32767 32767 32767 32767 32767 32767 32767 32767 0 20
-9999 -9999 -9999 -9999 -9999 -9999 -9999 -9999 -9999 -9999 -9999 -9999 -9999 -9999 -9999 -9999 -9999 -9999 -9999 174 270 32767 32767 674 881 1100 242 360 455 453 542 865 32767 911 939 791 921 731 562 742 1023 829 934 1268 928 1349 1140 1019 1023 754 1127 497 802 1008 679 934 989 893 943 955 832 732 1011 928 561 169 265 573 85 33 3 0 34 19 32767 32767 32767 32767 32767 32767 32767 32767 32767 32767 32767 32767 0 738
-9999 -9999 -9999 -9999 -9999 -9999 -9999 -9999 -9999 -9999 -9999 -9999 -9999 -9999 -9999 -9999 -9999 -9999 -9999 626 139 474 32767 32767 694 726 999 637 137 206 859 32767 32767 845 32767 32767 150 436 201 226 187 646 921 787 688 577 1417 896 379 677 1032 355 772 179 32767 1020 933 1009 1058 817 738 1003 1049 1040 655 268 169 187 65 0 0 65 119 42 32767 32767 32767 32767 32767 32767 32767 32767 32767 32767 32767 0 32767 741
-9999 -9999 -9999 -9999 -9999 -9999 -9999 -9999 -9999 -9999 -9999 -9999 -9999 -9999 -9999 -9999 -9999 -9999 -9999 244 0 99 106 32767 32767 787 779 920 580 636 965 32767 912 32767 32767 32767 32767 187 32767 32767 32767 136 717 790 865 769 659 778 685 635 916 795 280 301 32767 1203 1127 1094 914 835 847 905 765 476 560 526 169 31 63 34 2 363 49 0 0 32767 32767 32767 32767 32767 32767 32767 32767 7 27 0 32767 772
-9999 -9999 -9999 -9999 -9999 -9999 -9999 -9999 -9999 -9999 -9999 -9999 -9999 -9999 -9999 -9999 -9999 -9999 14 29 283 963 984 876 32767 32767 628 649 1184 865 32767 32767 32767 32767 32767 32767 32767 32767 32767 32767 32767 32767 215 913 942 902 678 1027 746 804 598 227 641 398 32767 1029 1279 1425 1029 913 1036 1067 504 723 903 418 68 33 32 273 281 41 0 0 0 32767 32767 32767 32767 32767 32767 240 64 69 4 1 32767 547
-9999 -9999 -9999 -9999 -9999 -9999 -9999 -9999 -9999 -9999 -9999 -9999 -9999 -9999 -9999 -9999 -9999 -9999 115 150 168 878 1708 1029 527 32767 32767 279 900 692 32767 358 566 32767 32767 32767 632 94 32767 32767 32767 32767 32767 727 294 192 568 1444 654 43 21 167 202 166 232 810 688 1182 1095 919 1104 1068 987 693 479 367 63 33 34 36 0 0 0 0 0 32767 32767 32767 32767 32767 32767 486 134 166 0 0 0 32767
-9999 -9999 -9999 -9999 -9999 -9999 -9999 -9999 -9999 -9999 -9999 -9999 -9999 -9999 -9999 -9999 13 0 92 747 543 141 1096 1030 1080 958 32767 32767 316 32767 32767 32767 427 720 862 1066 32767 32767 32767 32767 32767 32767 32767 344 0 0 576 290 335 49 62 84 88 21 202 175 879 1027 1184 1052 976 772 478 152 298 213 31 656 282 0 0 0 0 0 0 0 32767 32767 32767 62 534 465 842 93 0 0 0 32767
-9999 -9999 -9999 -9999 -9999 -9999 -9999 -9999 -9999 -9999 -9999 -9999 -9999 -9999 -9999 2 0 0 59 0 204 1258 908 647 1160 920 574 32767 32767 32767 615 233 32767 574 592 476 32767 32767 32767 32767 32767 32767 32767 32767 993 219 416 25 74 0 0 0 29 65 88 224 52 938 804 795 614 538 979 387 25 43 39 0 0 0 0 0 0 0 0 0 32767 32767 32767 32767 363 692 960 19 0 0 0 29
-9999 -9999 -9999 -9999 -9999 -9999 -9999 -9999 -9999 -9999 207 300 95 2 0 0 2 3 226 958 347 803 423 895 610 930 839 151 32767 32767 631 698 833 32767 838 636 32767 32767 32767 32767 32767 32767 32767 32767 1123 759 797 25 36 3 4 0 2 0 222 421 863 896 1049 909 447 774 567 54 9 35 0 0 0 0 0 0 0 0 0 0 0 32767 32767 585 687 492 715 348 0 0 109 196
-9999 -9999 -9999 -9999 -9999 -9999 -9999 -9999 -9999 837 148 273 114 0 0 0 48 68 79 375 387 1034 911 32767 32767 32767 32767 887 15 32767 32767 380 908 837 32767 632 32767 32767 32767 32767 32767 32767 32767 32767 367 974 656 254 234 0 0 290 13 31 0 744 759 741 1300 1047 437 689 855 42 30 0 0 0 0 0 0 0 0 0 0 0 0 32767 53 680 429 0 979 356 0 342 194 666
-9999 -9999 -9999 -9999 -9999 -9999 -9999 -9999 549 620 451 72 350 66 67 52 65 80 472 954 208 926 914 32767 32767 32767 32767 806 180 32767 32767 17 973 872 893 641 32767 32767 32767 32767 32767 32767 32767 32767 691 381 89 274 137 2 0 285 424 366 714 982 571 965 1022 1233 681 815 982 185 17 0 0 0 0 0 0 0 0 0 0 0 0 0 346 803 825 281 763 632 1102 588 845 1047
-9999 -9999 -9999 -9999 -9999 -9999 -9999 218 217 639 957 346 196 109 41 41 110 464 245 753 569 194 132 32767 32767 32767 32767 301 32767 430 32767 32767 328 615 220 32767 140 32767 32767 32767 32767 32767 32767 32767 747 475 22 40 1374 0 0 41 363 459 823 844 766 643 858 1048 806 812 721 471 30 33 0 0 0 0 0 0 0 66 13 0 0 0 14 1141 793 727 371 747 695 1037 1210 1133
-9999 -9999 -9999 -9999 -9999 -9999 -9999 242 199 273 29 62 221 85 90 25 40 147 34 41 7 215 371 77 32767 210 245 130 32767 634 148 32767 32767 551 855 352 32767 32767 32767 32767 32767 32767 32767 32767 413 32767 228 318 647 0 0 0 369 803 810 703 593 592 716 598 853 918 645 536 45 379 0 0 0 0 0 136 966 492 82 0 0 0 0 838 621 523 94 275 927 467 1180 917
-9999 -9999 -9999 -9999 -9999 -9999 2 2 113 214 2 2 86 82 95 2 2 112 423 31 6 41 75 15 146 250 81 300 32767 31 101 684 32767 32767 206 847 212 38 32767 32767 32767 32767 32767 166 16 503 32767 417 717 83 0 0 0 95 707 594 693 537 872 739 735 721 516 630 913 471 655 0 0 179 851 513 1035 452 0 0 0 0 28 908 622 236 148 181 634 1186 815 1342
-9999 -9999 -9999 -9999 -9999 0 3 0 2 3 2 2 2 0 2 0 0 0 111 37 367 7 42 152 7 32767 44 30 32767 45 161 791 363 32767 32767 460 59 32767 41 32767 32767 32767 0 32767 32767 32767 816 1036 397 26 0 0 0 7 231 674 732 552 894 826 816 650 410 915 1096 1034 786 485 411 434 1064 838 996 0 0 0 0 0 57 1124 858 219 161 166 169 667 502 998
-9999 -9999 -9999 -9999 0 28 3 3 0 0 0 0 0 0 0 0 0 0 0 131 185 572 204 216 113 98 45 16 34 310 228 184 674 32767 32767 60 17 0 0 32767 32767 0 32767 7 32767 32767 822 1523 752 317 0 0 0 0 7 396 642 714 951 767 888 757 464 622 681 569 735 1345 1275 923 646 647 0 0 0 0 0 0 0 1111 958 26 464 829 678 113 703 1235
-9999 -9999 -9999 65 2 0 0 0 0 0 0 0 0 0 0 0 0 0 0 0 60 263 253 439 112 23 547 32767 23 153 62 30 18 32767 32767 32767 0 18 0 23 32767 32767 41 32767 32767 32767 393 419 559 414 196 0 0 0 0 167 591 718 836 971 826 672 547 681 1048 838 344 766 1109 797 645 621 0 0 0 0 0 0 0 950 581 621 777 708 521 738 494 1282
-9999 -9999 314 5 0 0 0 0 0 2 2 2 0 0 0 0 0 0 0 0 0 0 86 58 28 17 32767 39 372 287 281 1 32767 32767 32767 32767 32767 0 18 32767 32767 32767 32767 32767 32767 32767 32767 2 0 136 276 0 0 0 0 7 649 721 899 936 706 514 502 588 751 849 642 728 992 663 953 526 301 227 0 0 57 231 0 785 861 851 440 467 261 299 871 319
99 190 156 19 124 0 82 102 0 0 0 0 0 0 0 0 0 0 0 0 0 0 0 32767 32767 84 149 152 0 46 121 32767 32767 32767 32767 32767 32767 32767 245 32767 32767 32767 32767 32767 32767 32767 32767 591 1072 1183 207 0 0 0 0 0 105 618 657 674 517 633 557 558 735 735 1144 994 1021 1017 766 1193 1284 20 0 0 0 0 8 541 590 552 353 461 591 1187 942 836
711 176 307 17 33 36 4 326 92 0 0 0 0 0 0 0 0 123 113 0 0 32767 32767 289 94 255 88 190 120 258 32767 32767 32767 32767 32767 32767 59 32767 32767 32767 32767 32767 32767 0 32767 32767 32767 881 1273 1300 764 0 0 0 0 151 110 355 541 621 513 548 601 550 534 584 977 508 794 1068 1204 1022 1067 332 204 0 42 622 563 822 986 579 337 1316 1350 1104 1215 746
-9999 599 178 193 163 138 19 16 3 4 89 54 225 0 132 145 243 224 0 0 32767 0 159 548 77 345 864 749 223 32767 32767 32767 32767 32767 32767 32767 32767 32767 32767 32767 32767 2 309 32767 32767 32767 825 1025 894 1378 1061 251 0 0 0 199 314 464 661 721 806 696 608 608 676 684 770 536 806 764 1043 913 979 878 744 475 369 172 31 540 1105 769 825 1020 970 979 1191 924
-9999 -9999 -9999 447 305 15 4 18 260 20 14 114 212 0 0 0 121 137 0 0 546 212 308 98 135 112 68 772 32767 32767 32767 32767 32767 32767 32767 32767 32767 32767 32767 32767 2 187 283 32767 32767 493 604 875 620 1427 1171 327 0 0 0 227 463 497 640 733 712 555 495 494 548 688 570 914 903 725 897 982 1024 1050 1071 1035 1292 833 646 507 1424 1353 1258 1193 947 910 1114 1267
-9999 -9999 -9999 851 166 7 120 3 24 18 290 15 245 512 334 242 128 32767 32767 0 170 1472 707 812 190 216 968 32767 32767 32767 32767 32767 32767 32767 32767 32767 32767 32767 32767 32767 32767 32767 32767 32767 32767 32767 43 421 913 723 1381 446 321 0 0 225 116 179 642 812 756 610 777 629 620 525 417 684 810 718 1081 1045 1364 1135 735 1085 1092 1378 536 733 1532 931 899 1393 978 777 1045 1370
-9999 -9999 -9999 798 851 23 104 117 5 23 262 30 69 200 351 217 32767 141 196 302 142 260 723 156 12 141 32767 32767 32767 32767 32767 32767 32767 32767 32767 32767 32767 32767 32767 32767 32767 32767 32767 32767 32767 32 32767 533 1151 1366 2043 1097 64 0 0 523 79 714 730 730 590 716 708 539 656 630 444 507 1103 790 755 1156 1063 937 878 776 812 835 1088 453 724 469 411 1128 950 522 680 955
-9999 -9999 -9999 879 813 798 422 650 203 21 39 253 208 132 223 32767 122 107 1 13 27 628 948 121 568 638 32767 32767 32767 32767 32767 32767 32767 32767 32767 32767 32767 32767 32767 32767 32767 32767 32767 32767 32767 32767 32767 891 1277 624 1200 1649 761 0 0 537 329 851 724 736 895 794 795 646 721 718 637 450 816 1037 869 1084 883 844 879 766 787 564 853 1310 812 929 679 1438 739 414 691 679
-9999 -9999 -9999 625 903 838 672 1097 400 17 70 3 300 3 3 0 4 2 85 91 29 781 988 834 306 783 796 32767 32767 32767 32767 32767 32767 32767 32767 32767 32767 32767 32767 32767 32767 32767 32767 32767 32767 724 1008 872 912 801 807 1752 629 12 140 540 399 674 589 602 743 740 727 722 735 743 711 595 880 838 839 851 903 839 759 715 634 802 753 732 1312 416 648 714 897 417 738 891
-9999 -9999 -9999 434 660 714 236 325 611 190 39 68 270 117 32767 0 0 95 99 57 29 482 580 279 343 782 753 0 32767 32767 32767 32767 119 32767 32767 32767 32767 32767 32767 32767 32767 32767 32767 32767 32767 759 820 332 671 1166 1096 953 837 263 175 240 315 293 495 656 646 607 651 781 696 810 807 655 885 769 998 823 772 571 680 579 599 744 706 910 1079 858 512 1366 821 845 848 1029
-9999 -9999 -9999 646 209 273 283 537 337 137 355 67 291 32767 84 45 56 6 18 24 281 202 874 208 324 675 637 687 733 32767 0 0 0 32767 32767 32767 32767 32767 32767 32767 32767 32767 32767 32767 32767 791 431 624 463 580 527 490 824 0 341 151 280 449 92 506 621 687 805 809 797 794 544 664 849 934 1104 902 783 690 768 775 843 728 789 836 1062 964 741 515 1038 874 836 707
-9999 -9999 -9999 24 27 199 437 350 227 194 215 32767 348 131 156 99 86 86 249 24 294 207 388 443 585 500 482 674 357 132 0 0 0 0 32767 32767 32767 32767 32767 32767 32767 32767 32767 325 32767 32767 657 571 812 1068 614 982 443 300 23 19 375 427 391 483 908 903 709 701 555 551 462 916 869 1020 1154 909 998 843 689 779 927 783 725 773 835 1186 478 345 951 1381 913 1259
-9999 -9999 -9999 3 26 250 40 188 197 85 32767 21 158 151 113 86 168 42 354 217 242 28 56 120 791 423 165 721 354 0 0 0 0 0 32767 32767 32767 32767 32767 32767 32767 32767 32767 32767 204 32767 273 604 1111 962 916 647 534 669 696 416 222 490 384 505 869 901 585 643 714 649 651 846 905 1044 1314 577 926 951 592 767 782 602 744 679 845 1350 734 456 1381 1119 1450 1208
-9999 -9999 -9999 163 97 105 54 83 43 32767 18 64 37 25 75 45 114 469 13 375 43 39 16 18 348 281 66 717 224 0 0 0 0 0 155 32767 32767 32767 32767 32767 32767 32767 32767 32767 32767 32767 32767 780 600 772 916 32767 32767 835 412 356 405 387 430 118 797 694 644 653 646 651 630 576 717 793 1327 638 845 880 707 778 646 559 660 650 724 949 1203 310 505 1363 1403 1251
-9999 -9999 -9999 111 40 46 82 233 32767 282 207 116 212 65 202 302 17 47 46 42 15 63 39 12 191 859 860 765 750 0 0 0 0 0 0 32767 32767 32767 32767 32767 32767 32767 32767 32767 32767 32767 32767 32767 683 826 553 32767 32767 473 1083 698 192 226 447 518 549 653 557 555 587 501 516 542 662 905 837 1134 856 830 684 714 544 516 733 636 763 1002 1274 436 666 1359 1324 1067
-9999 -9999 -9999 17 90 89 15 32767 8 197 118 92 221 72 34 72 208 213 33 134 32 35 111 146 224 710 642 938 285 12 0 0 0 0 0 0 32767 32767 32767 32767 32767 32767 32767 32767 32767 32767 32767 32767 32767 499 32767 32767 32767 510 821 148 1032 611 676 676 553 656 713 816 466 506 658 651 516 863 976 662 1162 937 839 741 760 717 779 647 703 1103 1204 967 1449 1332 1356 1119
-9999 -9999 89 34 58 20 32767 14 22 282 218 124 77 72 59 62 45 49 51 160 69 42 106 24 273 735 809 890 1304 280 0 0 287 276 0 0 0 32767 32767 32767 32767 32767 32767 32767 32767 32767 32767 13 32767 298 280 32767 32767 1054 675 429 606 484 697 644 636 21 161 239 22 23 21 23 13 485 999 523 847 905 544 773 659 642 647 713 644 1090 1210 1073 1693 1290 1229 1110
