ValueNro_2398/ValueNro_2398_koivu.asc
ncols        141
nrows        228
xllcorner    356256.000000000000
yllcorner    6857312.000000000000
cellsize     16.000000000000
NODATA_value -9999
[rows 84 to 125 of 228, columns 0 to 94 of 141]
-9999 -9999 -9999 -9999 -9999 -9999 -9999 -9999 -9999 -9999 -9999 -9999 -9999 -9999 -9999 -9999 -9999 -9999 -9999 -9999 -9999 -9999 -9999 -9999 -9999 -9999 -9999 -9999 -9999 -9999 -9999 -9999 -9999 -9999 -9999 -9999 -9999 -9999 -9999 -9999 -9999 -9999 -9999 -9999 -9999 -9999 -9999 -9999 -9999 -9999 -9999 -9999 -9999 -9999 -9999 -9999 -9999 -9999 -9999 -9999 -9999 -9999 -9999 -9999 -9999 -9999 -9999 -9999 -9999 -9999 -9999 13 4 17 3 26 13 31 52 57 24 12 20 23 27 4 4 5 5 24 22 16 22 62 32767
-9999 -9999 -9999 -9999 -9999 -9999 -9999 -9999 -9999 -9999 -9999 -9999 -9999 -9999 -9999 -9999 -9999 -9999 -9999 -9999 -9999 -9999 -9999 -9999 -9999 -9999 -9999 -9999 -9999 -9999 -9999 -9999 -9999 -9999 -9999 -9999 -9999 -9999 -9999 -9999 -9999 -9999 -9999 -9999 -9999 -9999 -9999 -9999 -9999 -9999 -9999 -9999 -9999 -9999 -9999 -9999 -9999 -9999 -9999 -9999 -9999 -9999 -9999 -9999 -9999 -9999 -9999 -9999 -9999 -9999 -9999 -9999 22 14 3 37 28 15 37 52 43 5 19 5 11 20 39 22 19 14 23 32767 32767 68 20
-9999 -9999 -9999 -9999 -9999 -9999 -9999 -9999 -9999 -9999 -9999 -9999 -9999 -9999 -9999 -9999 -9999 -9999 -9999 -9999 -9999 -9999 -9999 -9999 -9999 -9999 -9999 -9999 -9999 -9999 -9999 -9999 -9999 -9999 -9999 -9999 -9999 -9999 -9999 -9999 -9999 -9999 -9999 -9999 -9999 -9999 -9999 -9999 -9999 -9999 -9999 -9999 -9999 -9999 -9999 -9999 -9999 -9999 -9999 -9999 -9999 -9999 -9999 -9999 -9999 -9999 -9999 -9999 -9999 -9999 -9999 -9999 -9999 46 49 53 32 48 20 18 14 17 13 11 15 31 32 16 32767 32767 40 33 56 53 72
-9999 -9999 -9999 -9999 -9999 -9999 -9999 -9999 -9999 -9999 -9999 -9999 -9999 -9999 -9999 -9999 -9999 -9999 -9999 -9999 -9999 -9999 -9999 -9999 -9999 -9999 -9999 -9999 -9999 -9999 -9999 -9999 -9999 -9999 -9999 -9999 -9999 -9999 -9999 -9999 -9999 -9999 -9999 -9999 -9999 -9999 -9999 -9999 -9999 -9999 -9999 -9999 -9999 -9999 -9999 -9999 -9999 -9999 -9999 -9999 -9999 -9999 -9999 -9999 -9999 -9999 -9999 -9999 -9999 -9999 -9999 -9999 -9999 32 24 18 15 15 18 22 15 28 13 18 11 43 32767 32767 27 19 12 35 32 72 71
-9999 -9999 -9999 -9999 -9999 -9999 -9999 -9999 -9999 -9999 -9999 -9999 -9999 -9999 -9999 -9999 -9999 -9999 -9999 -9999 -9999 -9999 -9999 -9999 -9999 -9999 -9999 -9999 -9999 -9999 -9999 -9999 -9999 -9999 -9999 -9999 -9999 -9999 -9999 -9999 -9999 -9999 -9999 -9999 -9999 -9999 -9999 -9999 -9999 -9999 -9999 -9999 -9999 -9999 -9999 -9999 -9999 -9999 -9999 -9999 -9999 -9999 -9999 -9999 -9999 -9999 -9999 -9999 -9999 -9999 -9999 -9999 -9999 -9999 -9999 33 0 16 60 25 18 30 9 32767 32767 4 3 2 15 24 17 18 53 80 38
-9999 -9999 -9999 -9999 -9999 -9999 -9999 -9999 -9999 -9999 -9999 -9999 -9999 -9999 -9999 -9999 -9999 -9999 -9999 -9999 -9999 -9999 -9999 -9999 -9999 -9999 -9999 -9999 -9999 -9999 -9999 -9999 -9999 -9999 -9999 -9999 -9999 -9999 -9999 -9999 -9999 -9999 -9999 -9999 -9999 -9999 -9999 -9999 -9999 -9999 -9999 -9999 -9999 -9999 -9999 -9999 -9999 -9999 -9999 -9999 -9999 -9999 -9999 -9999 -9999 -9999 -9999 -9999 -9999 -9999 -9999 -9999 -9999 -9999 -9999 -9999 12 47 17 38 32767 32767 15 17 49 22 3 4 14 22 17 15 35 89 58
-9999 -9999 -9999 -9999 -9999 -9999 -9999 -9999 -9999 -9999 -9999 -9999 -9999 -9999 -9999 -9999 -9999 -9999 -9999 -9999 -9999 -9999 -9999 -9999 -9999 -9999 -9999 -9999 -9999 -9999 -9999 -9999 -9999 -9999 -9999 -9999 -9999 -9999 -9999 -9999 -9999 -9999 -9999 -9999 -9999 -9999 -9999 -9999 -9999 -9999 -9999 -9999 -9999 -9999 -9999 -9999 -9999 -9999 -9999 -9999 -9999 -9999 -9999 -9999 -9999 -9999 -9999 -9999 -9999 -9999 -9999 -9999 -9999 -9999 -9999 -9999 -9999 13 32767 23 29 19 49 47 12 12 30 30 12 19 14 39 91 21 34
-9999 -9999 -9999 -9999 -9999 -9999 -9999 -9999 -9999 -9999 -9999 -9999 -9999 -9999 -9999 -9999 -9999 -9999 -9999 -9999 -9999 -9999 -9999 -9999 -9999 -9999 -9999 -9999 -9999 -9999 -9999 -9999 -9999 -9999 -9999 -9999 -9999 -9999 -9999 -9999 -9999 -9999 -9999 -9999 -9999 -9999 -9999 -9999 -9999 -9999 -9999 -9999 -9999 -9999 -9999 -9999 -9999 -9999 -9999 -9999 -9999 -9999 -9999 -9999 -9999 -9999 -9999 -9999 -9999 -9999 -9999 -9999 -9999 -9999 -9999 -9999 -9999 32767 24 34 23 39 40 44 36 32 13 8 35 10 35 38 19 38 45
-9999 -9999 -9999 -9999 -9999 -9999 -9999 -9999 -9999 -9999 -9999 -9999 -9999 -9999 -9999 -9999 -9999 -9999 -9999 -9999 -9999 -9999 -9999 -9999 -9999 -9999 -9999 -9999 -9999 -9999 -9999 -9999 -9999 -9999 -9999 -9999 -9999 -9999 -9999 -9999 -9999 -9999 -9999 -9999 -9999 -9999 -9999 -9999 -9999 -9999 -9999 -9999 -9999 -9999 -9999 -9999 -9999 -9999 -9999 -9999 -9999 -9999 -9999 -9999 -9999 -9999 -9999 -9999 -9999 -9999 -9999 -9999 -9999 -9999 -9999 -9999 -9999 32 30 49 57 93 42 27 22 15 17 5 42 66 60 43 21 10 42
-9999 -9999 -9999 -9999 -9999 -9999 -9999 -9999 -9999 -9999 -9999 -9999 -9999 -9999 -9999 -9999 -9999 -9999 -9999 -9999 -9999 -9999 -9999 -9999 -9999 -9999 -9999 -9999 -9999 -9999 -9999 -9999 -9999 -9999 -9999 -9999 -9999 -9999 -9999 -9999 -9999 -9999 -9999 -9999 -9999 -9999 -9999 -9999 -9999 -9999 -9999 -9999 -9999 -9999 -9999 -9999 -9999 -9999 -9999 -9999 -9999 -9999 -9999 -9999 -9999 -9999 -9999 -9999 -9999 -9999 -9999 -9999 -9999 -9999 -9999 -9999 -9999 -9999 0 38 52 39 35 22 8 5 12 48 32 38 10 15 7 8 13
-9999 -9999 -9999 -9999 -9999 -9999 -9999 -9999 -9999 -9999 -9999 -9999 -9999 -9999 -9999 -9999 -9999 -9999 -9999 -9999 -9999 -9999 -9999 -9999 -9999 -9999 -9999 -9999 -9999 -9999 -9999 -9999 -9999 -9999 -9999 -9999 -9999 -9999 -9999 -9999 -9999 -9999 -9999 -9999 -9999 -9999 -9999 -9999 -9999 -9999 -9999 -9999 -9999 -9999 -9999 -9999 -9999 -9999 -9999 -9999 -9999 -9999 -9999 -9999 -9999 -9999 -9999 -9999 -9999 -9999 -9999 -9999 -9999 -9999 -9999 -9999 -9999 -9999 -9999 -9999 21 32767 32767 15 5 6 16 32 57 50 1 3 4 32767 32767
-9999 -9999 -9999 -9999 -9999 -9999 -9999 -9999 -9999 -9999 -9999 -9999 -9999 -9999 -9999 -9999 -9999 -9999 -9999 -9999 -9999 -9999 -9999 -9999 -9999 -9999 -9999 -9999 -9999 -9999 -9999 -9999 -9999 -9999 -9999 -9999 -9999 -9999 -9999 -9999 -9999 -9999 -9999 -9999 -9999 -9999 -9999 -9999 -9999 -9999 -9999 -9999 -9999 -9999 -9999 -9999 -9999 -9999 -9999 -9999 -9999 -9999 -9999 -9999 -9999 -9999 -9999 -9999 -9999 -9999 -9999 -9999 -9999 -9999 -9999 -9999 -9999 -9999 -9999 32767 32767 32767 12 13 10 13 12 4 20 4 1 0 0 32767 13
-9999 -9999 -9999 -9999 -9999 -9999 -9999 -9999 -9999 -9999 -9999 -9999 -9999 -9999 -9999 -9999 -9999 -9999 -9999 -9999 -9999 -9999 -9999 -9999 -9999 -9999 -9999 -9999 -9999 -9999 -9999 -9999 -9999 -9999 -9999 -9999 -9999 -9999 -9999 -9999 -9999 -9999 -9999 -9999 -9999 -9999 -9999 -9999 -9999 -9999 -9999 -9999 -9999 -9999 -9999 -9999 -9999 -9999 -9999 -9999 -9999 -9999 -9999 -9999 -9999 -9999 -9999 -9999 -9999 -9999 -9999 -9999 -9999 -9999 -9999 -9999 -9999 -9999 32767 32767 32767 32767 23 35 14 18 20 33 44 33 15 14 0 32767 5
-9999 -9999 -9999 -9999 -9999 -9999 -9999 -9999 -9999 -9999 -9999 -9999 -9999 -9999 -9999 -9999 -9999 -9999 -9999 -9999 -9999 -9999 -9999 -9999 -9999 -9999 -9999 -9999 -9999 -9999 -9999 -9999 -9999 -9999 -9999 0 6 9 -9999 -9999 -9999 -9999 -9999 -9999 -9999 -9999 -9999 -9999 -9999 -9999 -9999 -9999 -9999 -9999 -9999 -9999 -9999 -9999 -9999 -9999 -9999 -9999 -9999 -9999 -9999 -9999 -9999 -9999 -9999 -9999 -9999 -9999 -9999 -9999 -9999 -9999 -9999 32767 32767 32767 32767 9 13 21 7 11 12 55 59 67 32767 32767 32767 9 32767
-9999 -9999 -9999 -9999 -9999 -9999 -9999 -9999 -9999 -9999 -9999 -9999 -9999 -9999 -9999 -9999 -9999 -9999 -9999 -9999 -9999 -9999 -9999 -9999 -9999 -9999 -9999 -9999 -9999 -9999 -9999 -9999 -9999 -9999 0 17 8 32767 12 -9999 -9999 -9999 -9999 -9999 -9999 -9999 -9999 -9999 -9999 -9999 -9999 -9999 -9999 -9999 32767 32767 32767 32767 32767 -9999 -9999 -9999 -9999 -9999 -9999 -9999 -9999 -9999 -9999 -9999 -9999 -9999 -9999 -9999 -9999 -9999 32767 32767 32767 2 6 32767 0 5 6 12 28 32767 32767 32767 32767 32767 32767 32767 69
-9999 -9999 -9999 -9999 -9999 -9999 -9999 -9999 -9999 -9999 -9999 -9999 -9999 -9999 -9999 -9999 -9999 -9999 -9999 -9999 -9999 -9999 -9999 -9999 -9999 -9999 -9999 -9999 -9999 -9999 -9999 -9999 -9999 32767 12 8 7 32767 32767 3 17 32767 -9999 -9999 -9999 -9999 -9999 -9999 -9999 -9999 -9999 -9999 -9999 32767 32767 32767 32767 32767 32767 24 -9999 -9999 -9999 -9999 -9999 -9999 -9999 -9999 -9999 -9999 -9999 -9999 -9999 -9999 -9999 32767 32767 32767 27 24 12 6 32767 32767 33 26 32767 32767 32767 32767 32767 32767 32767 32767 75
-9999 -9999 -9999 -9999 -9999 -9999 -9999 -9999 -9999 -9999 -9999 -9999 -9999 -9999 -9999 -9999 -9999 -9999 -9999 -9999 -9999 -9999 -9999 -9999 -9999 -9999 -9999 -9999 -9999 -9999 -9999 -9999 32767 7 8 39 32767 32767 32767 32767 32767 32767 32767 -9999 -9999 -9999 -9999 -9999 -9999 -9999 57 28 32767 32767 32767 32767 32767 32767 32767 10 9 -9999 -9999 -9999 -9999 -9999 -9999 -9999 -9999 -9999 -9999 -9999 -9999 -9999 32767 3 83 62 51 35 9 32767 32767 32767 32767 32767 32767 32767 32767 32767 32767 32767 32767 41 63
-9999 -9999 -9999 -9999 -9999 -9999 -9999 -9999 -9999 -9999 -9999 -9999 -9999 -9999 -9999 -9999 -9999 -9999 -9999 -9999 -9999 -9999 -9999 -9999 -9999 -9999 -9999 -9999 -9999 -9999 -9999 -9999 4 24 36 32767 32767 32767 32767 32767 32767 32767 32767 32767 4 32767 32767 32767 -9999 -9999 32767 32767 32767 32767 32767 32767 32767 32767 32767 32767 32767 -9999 -9999 -9999 -9999 -9999 -9999 -9999 -9999 -9999 -9999 -9999 -9999 0 32767 34 31 32767 32767 32767 32767 32767 32767 32767 32767 32767 32767 32767 32767 32767 32767 32767 5 74 28
-9999 -9999 -9999 -9999 -9999 -9999 -9999 -9999 -9999 -9999 -9999 -9999 -9999 -9999 -9999 -9999 -9999 -9999 -9999 -9999 -9999 -9999 -9999 -9999 -9999 -9999 -9999 -9999 -9999 -9999 -9999 0 1 39 3 7 8 32767 32767 32767 32767 32767 32767 32767 32767 10 19 4 3 33 0 32767 32767 32767 32767 32767 32767 32767 32767 0 0 0 0 16 5 7 41 5 32767 32767 32767 32767 32767 32767 32767 32767 32767 32767 32767 3 32767 32767 17 24 32767 32767 32767 32767 32767 32767 32767 32767 32767 0 75
-9999 -9999 -9999 -9999 -9999 -9999 -9999 -9999 -9999 -9999 -9999 -9999 -9999 -9999 -9999 -9999 -9999 -9999 -9999 -9999 -9999 -9999 -9999 -9999 -9999 -9999 -9999 -9999 -9999 -9999 4 1 6 11 26 13 34 37 36 30 48 32767 32767 32767 2 9 14 3 5 68 49 32767 76 41 9 32767 0 0 0 0 0 0 0 0 0 13 29 30 32767 32767 32767 32767 32767 32767 32767 32767 32767 32767 5 32767 32767 1 10 15 10 0 32767 32767 32767 32767 32767 32767 32767 32767 0
-9999 -9999 -9999 -9999 -9999 -9999 -9999 -9999 -9999 -9999 -9999 -9999 -9999 -9999 -9999 -9999 -9999 -9999 -9999 -9999 -9999 -9999 -9999 -9999 -9999 -9999 -9999 -9999 -9999 -9999 19 9 16 23 14 38 82 20 37 32767 32767 32767 32767 32767 32767 32767 4 2 10 38 57 32767 57 73 0 0 0 0 0 0 0 0 0 0 0 0 2 19 30 32767 32767 32767 32767 32767 32767 32767 32767 32767 14 16 32767 15 11 10 18 76 32767 32767 32767 32767 32767 32767 32767 32767 32767
-9999 -9999 -9999 -9999 -9999 -9999 -9999 -9999 -9999 -9999 -9999 -9999 -9999 -9999 -9999 -9999 -9999 -9999 -9999 -9999 -9999 -9999 -9999 -9999 -9999 -9999 -9999 -9999 3 15 0 0 9 50 39 31 35 50 32767 32767 32767 32767 32767 32767 32767 32767 5 4 7 16 15 32767 55 78 0 0 0 0 0 0 0 0 16 2 2 2 2 10 57 32767 32767 32767 32767 32767 32767 32767 32767 32767 11 14 23 13 12 3 32 37 17 32767 32767 32767 32767 32767 32767 32767 32767
-9999 -9999 -9999 -9999 -9999 -9999 -9999 -9999 -9999 -9999 -9999 -9999 -9999 -9999 -9999 -9999 -9999 -9999 -9999 -9999 -9999 -9999 -9999 -9999 -9999 -9999 -9999 15 1 9 41 19 8 40 70 43 32767 32767 32767 32767 32767 32767 32767 32767 32767 32767 32767 32767 12 48 34 88 55 52 0 0 0 0 0 0 16 2 15 28 15 0 2 17 7 18 32767 32767 32767 32767 32767 32767 32767 32767 0 22 21 18 24 5 32 44 77 32767 32767 32767 32767 32767 32767 32767 32767
-9999 -9999 -9999 -9999 -9999 -9999 -9999 -9999 -9999 -9999 -9999 -9999 -9999 -9999 -9999 -9999 -9999 -9999 -9999 -9999 -9999 -9999 -9999 -9999 -9999 9 2 9 31 34 17 7 23 48 46 32767 32767 32767 32767 32767 32767 32767 32767 32767 32767 32767 47 8 32767 32767 32767 43 8 3 2 0 0 0 0 0 17 0 2 16 0 0 2 10 47 22 11 32767 32767 32767 32767 32767 32767 32767 0 13 38 14 29 12 23 40 39 15 32767 32767 32767 32767 32767 32767 32767
-9999 -9999 -9999 -9999 -9999 -9999 -9999 -9999 -9999 -9999 -9999 -9999 -9999 -9999 -9999 -9999 -9999 -9999 -9999 -9999 -9999 -9999 -9999 -9999 13 3 3 29 46 28 15 9 43 17 22 32767 32767 32767 32767 32767 32767 32767 32767 32767 32767 1 32767 32767 32767 32767 32767 29 1 0 0 0 0 0 0 0 2 2 2 2 0 0 2 0 13 29 55 21 32767 32767 32767 32767 5 9 15 43 72 40 21 46 53 44 41 47 32767 32767 32767 32767 32767 32767 32767
-9999 -9999 -9999 -9999 -9999 -9999 -9999 -9999 -9999 -9999 -9999 -9999 -9999 -9999 -9999 -9999 -9999 -9999 -9999 -9999 -9999 -9999 -9999 15 3 25 49 22 10 41 24 35 45 13 15 8 32767 32767 32767 2 32767 32767 32767 32767 32767 32767 25 15 32767 56 50 32767 1 0 0 0 0 0 0 0 0 2 2 0 0 0 2 1 0 16 24 62 60 32767 32767 1 62 59 46 33 31 54 22 3 57 39 24 38 25 32767 14 22 20 27 46
-9999 -9999 -9999 -9999 -9999 -9999 -9999 -9999 -9999 -9999 -9999 -9999 -9999 -9999 -9999 -9999 -9999 -9999 -9999 -9999 2 4 2 2 9 9 32 5 19 93 35 33 81 34 2 32767 32767 32767 10 32767 32767 32767 32767 22 16 42 72 51 67 36 39 37 14 3 0 0 0 0 0 0 2 20 0 0 0 20 4 1 2 14 21 49 47 57 29 32767 32767 9 32767 32767 26 42 76 21 19 43 29 46 19 20 31 40 17 46 90
-9999 -9999 -9999 -9999 -9999 -9999 -9999 -9999 -9999 -9999 -9999 -9999 -9999 -9999 -9999 -9999 -9999 -9999 -9999 4 18 15 10 14 48 21 10 7 29 40 3 19 7 32767 32767 32767 32767 32767 2 32767 32767 32767 32767 37 20 8 29 38 76 81 75 41 24 21 0 0 0 0 0 0 18 16 0 0 2 17 1 5 10 10 32 46 52 43 67 32767 32767 32767 32767 32767 32767 18 44 25 40 53 83 14 64 39 38 54 23 26 13
-9999 -9999 -9999 -9999 -9999 -9999 -9999 -9999 -9999 -9999 -9999 -9999 -9999 -9999 -9999 -9999 -9999 -9999 2 6 19 3 39 12 29 24 21 18 25 30 6 27 13 2 32767 32767 32767 32767 32767 32767 32767 32767 32767 24 37 37 31 30 76 75 52 32767 8 25 0 0 0 18 16 3 0 2 0 0 2 0 2 2 2 10 17 36 44 68 79 37 32767 32767 32767 32767 32767 32767 26 11 28 32767 18 46 39 31 19 6 12 35 33
-9999 -9999 -9999 -9999 -9999 -9999 -9999 -9999 -9999 -9999 -9999 -9999 -9999 -9999 -9999 -9999 -9999 -9999 2 7 21 47 16 22 2 16 40 69 37 23 4 18 10 0 32767 32767 32767 32767 32767 32767 32767 32767 32767 9 11 34 15 60 62 65 61 32767 28 22 0 0 0 0 11 13 0 0 16 2 2 3 1 2 2 18 35 41 58 57 19 32767 32767 32767 32767 32767 32767 32767 32767 32767 32767 32767 31 26 17 44 24 11 13 25 40
-9999 -9999 -9999 -9999 -9999 -9999 -9999 -9999 -9999 -9999 -9999 -9999 -9999 -9999 -9999 -9999 -9999 -9999 3 0 7 56 0 16 58 16 12 51 13 30 29 31 1 32767 32767 32767 9 32767 24 16 32767 32767 3 1 1 1 28 49 30 52 47 32767 33 13 2 0 0 0 0 0 3 2 0 2 15 5 1 6 13 50 16 47 31 27 32767 32767 32767 32767 32767 32767 32767 32767 32767 32767 32767 36 38 20 16 36 17 7 0 8 0
-9999 -9999 -9999 -9999 -9999 -9999 -9999 -9999 -9999 -9999 -9999 -9999 -9999 -9999 -9999 -9999 -9999 -9999 4 4 17 19 19 39 10 18 14 38 18 50 73 29 32767 32767 32767 32767 32767 32767 32767 5 13 14 13 16 18 20 22 41 25 26 37 32767 25 0 0 0 0 0 0 3 3 0 3 12 1 1 2 1 14 28 6 66 31 39 32767 32767 32767 32767 32767 32767 32767 32767 32767 32767 31 32767 32767 29 6 35 9 8 6 17 14
-9999 -9999 -9999 -9999 -9999 -9999 -9999 -9999 -9999 -9999 -9999 -9999 -9999 -9999 -9999 -9999 -9999 -9999 8 9 10 39 9 2 24 9 21 14 23 34 60 31 32767 32767 32767 32767 32767 32767 32767 32767 12 8 10 7 12 3 10 19 12 19 29 32767 10 0 0 0 0 0 10 14 3 0 3 3 1 1 2 1 6 14 6 50 47 39 32767 32767 32767 32767 32767 32767 32767 32767 32767 57 32767 32767 59 19 27 25 8 32 59 21 16
-9999 -9999 -9999 -9999 -9999 -9999 -9999 -9999 -9999 -9999 -9999 -9999 -9999 -9999 -9999 -9999 -9999 -9999 15 39 23 16 35 5 7 24 18 31 47 66 65 34 21 32767 32767 32767 32767 32767 32767 32767 13 19 6 0 14 10 14 11 45 11 30 32767 2 2 0 0 0 2 23 14 4 0 0 11 10 1 0 6 6 14 14 38 59 29 32767 32767 32767 32767 32767 32767 32767 32767 32767 32767 15 36 40 2 43 26 15 33 29 6 10
-9999 -9999 -9999 -9999 -9999 -9999 -9999 -9999 -9999 -9999 -9999 -9999 -9999 -9999 -9999 -9999 -9999 5 22 20 17 19 3 0 21 29 37 56 52 67 20 39 57 61 5 32767 1 32767 32767 32767 3 21 5 1 3 2 1 11 32 41 22 27 10 11 2 0 0 10 13 16 4 0 0 1 1 1 1 9 15 16 20 40 56 26 32767 32767 32767 32767 32767 32767 32767 32767 32767 32767 32767 64 81 10 57 8 11 15 1 12 0
-9999 -9999 -9999 -9999 -9999 -9999 -9999 -9999 -9999 -9999 -9999 -9999 -9999 -9999 -9999 -9999 -9999 32767 2 21 19 1 4 2 25 16 11 40 37 72 20 38 26 72 32767 32767 32767 0 0 36 6 21 2 21 23 20 11 10 17 18 25 37 32767 10 10 2 11 12 18 17 11 1 1 1 1 1 0 9 13 50 18 37 68 79 75 32767 32767 32767 32767 32767 32767 32767 32767 32767 32767 4 48 10 39 44 10 21 3 29 4
-9999 -9999 -9999 -9999 -9999 -9999 -9999 -9999 -9999 -9999 -9999 -9999 -9999 -9999 -9999 -9999 -9999 -9999 32767 0 9 14 5 2 23 9 33 45 67 63 17 24 25 5 32767 32767 32767 32767 4 13 20 23 21 23 21 11 2 16 11 15 13 45 32767 23 9 22 24 25 20 20 12 3 2 0 0 0 5 18 43 34 75 45 78 66 13 32767 32767 32767 32767 32767 32767 32767 32767 32767 32767 32767 8 12 12 36 25 34 50 35 56
-9999 -9999 -9999 -9999 -9999 -9999 -9999 -9999 -9999 -9999 -9999 -9999 -9999 -9999 -9999 -9999 -9999 -9999 32767 32767 32767 6 9 0 0 45 31 34 36 31 36 41 8 32767 32767 32767 32767 32767 21 0 3 2 1 4 0 2 8 3 1 11 11 43 22 29 30 21 30 28 26 21 3 2 8 5 6 13 9 21 36 69 41 65 64 9 32767 32767 32767 32767 32767 32767 32767 32767 32767 32767 32767 32767 14 4 16 47 44 19 18 30 22
-9999 -9999 -9999 -9999 -9999 -9999 -9999 -9999 -9999 -9999 -9999 -9999 -9999 -9999 -9999 -9999 -9999 -9999 -9999 32767 32767 32767 0 9 4 4 10 15 24 15 28 15 0 32767 32767 32767 32767 9 32 0 10 3 22 12 14 15 2 5 2 12 3 24 20 32767 28 5 14 21 21 10 11 0 19 23 27 31 50 44 31 49 61 83 45 26 32767 32767 32767 32767 32767 32767 32767 32767 32767 32767 32767 32767 7 68 42 35 20 21 22 32 27
-9999 -9999 -9999 -9999 -9999 -9999 -9999 -9999 -9999 -9999 -9999 -9999 -9999 -9999 -9999 -9999 -9999 -9999 -9999 10 0 32767 32767 0 27 0 5 45 50 36 5 0 32767 28 1 34 39 45 26 12 13 1 1 6 2 15 3 0 0 2 3 10 6 31 28 5 9 16 13 0 5 3 28 31 37 51 45 32 34 39 80 44 47 62 32767 32767 32767 32767 32767 32767 32767 32767 32767 32767 32767 32767 5 35 41 23 18 29 33 23 20
-9999 -9999 -9999 -9999 -9999 -9999 -9999 -9999 -9999 -9999 -9999 -9999 -9999 -9999 -9999 -9999 -9999 -9999 -9999 2 10 0 32767 32767 6 22 12 65 28 33 4 32767 32767 0 32767 32767 45 53 2 7 85 13 0 2 10 1 10 3 24 5 2 15 48 13 32767 10 4 0 0 5 7 28 27 27 46 45 75 45 33 45 45 42 30 48 32767 32767 32767 32767 32767 32767 32767 32767 32767 32767 32767 15 32767 30 43 22 18 18 26 31 44
-9999 -9999 -9999 -9999 -9999 -9999 -9999 -9999 -9999 -9999 -9999 -9999 -9999 -9999 -9999 -9999 -9999 -9999 -9999 3 0 0 0 32767 32767 0 1 22 6 2 13 32767 35 32767 32767 32767 32767 29 32767 32767 32767 9 14 1 15 12 10 3 18 0 5 47 26 22 32767 14 1 0 0 5 21 31 33 42 33 28 46 36 40 38 71 45 68 10 30 32767 32767 32767 32767 32767 32767 32767 32767 9 6 12 32767 20 35 18 22 30 17 21 37
