ValueNro_2398/ValueNro_2398_bm_kuusi_neulaset.asc
ncols        141
nrows        228
xllcorner    356256.000000000000
yllcorner    6857312.000000000000
cellsize     16.000000000000
NODATA_value -9999
[rows 117 to 155 of 228, columns 0 to 87 of 141]
-9999 -9999 -9999 -9999 -9999 -9999 -9999 -9999 -9999 -9999 -9999 -9999 -9999 -9999 -9999 -9999 -9999 -9999 309 489 1278 1297 317 182 242 471 657 559 726 641 659 546 372 32767 32767 32767 32767 32767 32767 32767 157 195 151 60 409 471 268 395 149 158 168 32767 28 15 36 36 35 15 84 58 104 17 16 106 108 4 3 5 5 193 346 177 93 281 32767 32767 32767 32767 32767 32767 32767 32767 32767 32767 430 290 131 111
-9999 -9999 -9999 -9999 -9999 -9999 -9999 -9999 -9999 -9999 -9999 -9999 -9999 -9999 -9999 -9999 -9999 114 401 563 1204 261 181 131 498 1116 366 782 1057 666 327 477 744 582 227 32767 0 32767 32767 32767 144 224 202 92 354 185 270 353 541 276 219 96 36 31 50 33 36 44 52 66 105 19 30 85 102 93 4 123 344 198 19 144 165 392 32767 32767 32767 32767 32767 32767 32767 32767 32767 32767 32767 86 277 125
-9999 -9999 -9999 -9999 -9999 -9999 -9999 -9999 -9999 -9999 -9999 -9999 -9999 -9999 -9999 -9999 -9999 32767 56 673 484 131 149 168 420 526 560 715 981 714 325 340 393 492 32767 32767 32767 0 147 388 163 218 63 212 233 565 329 364 396 474 321 314 32767 50 27 0 42 46 67 66 95 74 92 94 90 71 0 136 434 300 42 157 440 374 368 32767 32767 32767 32767 32767 32767 32767 32767 32767 32767 35 304 122
-9999 -9999 -9999 -9999 -9999 -9999 -9999 -9999 -9999 -9999 -9999 -9999 -9999 -9999 -9999 -9999 -9999 -9999 32767 0 338 136 261 172 408 195 486 359 640 695 162 244 446 261 32767 32767 32767 32767 230 188 251 231 216 238 213 236 253 296 352 316 199 325 32767 67 48 57 74 80 71 67 101 75 8 0 11 12 0 285 353 453 289 497 84 155 88 32767 32767 32767 32767 32767 32767 32767 32767 32767 32767 32767 163 111
-9999 -9999 -9999 -9999 -9999 -9999 -9999 -9999 -9999 -9999 -9999 -9999 -9999 -9999 -9999 -9999 -9999 -9999 32767 32767 32767 178 164 117 125 97 349 432 489 1060 891 420 163 32767 32767 32767 32767 32767 220 110 108 168 136 251 60 124 160 186 322 504 296 334 51 45 62 69 99 97 87 58 12 8 12 0 0 42 4 212 249 104 318 263 287 168 32767 32767 32767 32767 32767 32767 32767 32767 32767 32767 32767 32767 29 111
-9999 -9999 -9999 -9999 -9999 -9999 -9999 -9999 -9999 -9999 -9999 -9999 -9999 -9999 -9999 -9999 -9999 -9999 -9999 32767 32767 32767 0 192 248 163 129 185 285 277 380 223 87 32767 32767 32767 32767 266 278 258 171 135 267 225 358 281 203 131 355 333 198 257 16 32767 106 0 31 71 70 24 25 0 14 40 65 183 293 135 349 140 361 328 171 7 32767 32767 32767 32767 32767 32767 32767 32767 32767 32767 32767 32767 0 177
-9999 -9999 -9999 -9999 -9999 -9999 -9999 -9999 -9999 -9999 -9999 -9999 -9999 -9999 -9999 -9999 -9999 -9999 -9999 253 29 32767 32767 20 692 114 111 197 176 173 112 62 32767 245 15 349 513 127 97 329 373 73 117 234 334 455 236 90 94 117 175 232 3 76 172 0 31 40 41 13 14 5 44 97 217 415 525 359 232 139 347 293 126 364 32767 32767 32767 32767 32767 32767 32767 32767 32767 32767 32767 32767 2 82
-9999 -9999 -9999 -9999 -9999 -9999 -9999 -9999 -9999 -9999 -9999 -9999 -9999 -9999 -9999 -9999 -9999 -9999 -9999 299 177 51 32767 32767 221 324 105 114 378 277 153 32767 32767 179 32767 32767 770 148 40 14 95 61 44 225 148 279 376 140 238 111 94 261 253 357 32767 180 0 12 0 0 0 44 41 93 409 534 734 581 150 264 269 43 191 163 32767 32767 32767 32767 32767 32767 32767 32767 32767 32767 32767 0 32767 377
-9999 -9999 -9999 -9999 -9999 -9999 -9999 -9999 -9999 -9999 -9999 -9999 -9999 -9999 -9999 -9999 -9999 -9999 -9999 30 3 97 0 32767 32767 19 55 180 520 68 305 32767 389 32767 32767 32767 32767 438 32767 32767 32767 115 27 101 184 160 153 108 407 128 102 512 281 206 32767 265 0 0 0 0 50 99 203 475 373 447 566 288 129 139 133 72 62 252 259 32767 32767 32767 32767 32767 32767 32767 32767 132 234 26 32767 494
-9999 -9999 -9999 -9999 -9999 -9999 -9999 -9999 -9999 -9999 -9999 -9999 -9999 -9999 -9999 -9999 -9999 -9999 390 240 230 96 612 842 32767 32767 186 205 69 106 32767 32767 32767 32767 32767 32767 32767 32767 32767 32767 32767 32767 57 481 1142 1017 513 439 271 353 418 839 691 328 32767 409 401 140 153 136 63 62 414 458 85 450 252 138 273 133 73 104 56 0 0 32767 32767 32767 32767 32767 32767 194 157 43 59 118 32767 265
-9999 -9999 -9999 -9999 -9999 -9999 -9999 -9999 -9999 -9999 -9999 -9999 -9999 -9999 -9999 -9999 -9999 -9999 281 551 353 254 108 356 239 32767 32767 0 841 3 32767 176 696 32767 32767 32767 99 249 32767 32767 32767 32767 32767 122 993 1001 809 291 1070 636 553 334 277 487 445 479 348 466 150 142 17 63 204 425 127 316 169 137 115 52 81 35 0 5 0 32767 32767 32767 32767 32767 32767 342 629 160 76 0 41 32767
-9999 -9999 -9999 -9999 -9999 -9999 -9999 -9999 -9999 -9999 -9999 -9999 -9999 -9999 -9999 -9999 164 25 157 253 1210 1424 473 516 404 558 32767 32767 0 32767 32767 32767 244 182 195 257 32767 32767 32767 32767 32767 32767 32767 194 884 770 530 421 299 355 330 307 273 147 346 692 213 452 228 174 57 165 225 441 316 493 294 31 29 77 0 0 0 0 0 0 32767 32767 32767 200 432 585 392 222 46 44 38 32767
-9999 -9999 -9999 -9999 -9999 -9999 -9999 -9999 -9999 -9999 -9999 -9999 -9999 -9999 -9999 28 39 17 199 1125 1183 937 804 962 628 654 345 32767 32767 32767 644 395 32767 138 422 353 32767 32767 32767 32767 32767 32767 32767 32767 300 793 853 745 285 256 316 166 136 63 278 199 923 297 346 694 397 270 203 212 371 243 74 75 34 30 0 0 0 6 0 0 32767 32767 32767 32767 779 617 318 379 71 55 77 37
-9999 -9999 -9999 -9999 -9999 -9999 -9999 -9999 -9999 -9999 447 240 179 12 8 7 7 23 510 1023 1004 755 1465 514 656 97 181 242 32767 32767 88 198 139 32767 189 126 32767 32767 32767 32767 32767 32767 32767 32767 214 594 470 1005 280 274 258 331 284 245 143 240 336 364 375 392 776 175 102 502 193 211 75 0 0 0 0 0 39 9 0 0 12 32767 32767 421 488 570 106 187 39 47 51 56
-9999 -9999 -9999 -9999 -9999 -9999 -9999 -9999 -9999 592 846 965 106 44 41 39 164 697 919 1198 1027 453 459 32767 32767 32767 32767 471 0 32767 32767 375 547 257 32767 129 32767 32767 32767 32767 32767 32767 32767 32767 90 482 577 472 342 212 95 75 215 111 152 129 208 371 378 329 339 298 181 536 129 52 33 22 0 0 0 34 39 10 11 0 12 32767 139 345 811 809 362 180 0 26 134 176
-9999 -9999 -9999 -9999 -9999 -9999 -9999 -9999 613 638 722 685 316 122 161 139 987 1145 1166 763 991 421 472 32767 32767 32767 32767 132 252 32767 32767 0 357 234 183 120 32767 32767 32767 32767 32767 32767 32767 32767 129 899 741 604 729 20 79 31 137 93 81 45 8 14 199 350 375 368 167 580 238 199 32 24 0 0 34 48 42 10 11 0 15 54 41 170 554 729 398 343 89 261 198 330
-9999 -9999 -9999 -9999 -9999 -9999 -9999 331 460 653 217 421 830 835 440 397 820 520 973 336 340 476 771 32767 32767 32767 32767 222 32767 450 32767 32767 153 408 376 32767 275 32767 32767 32767 32767 32767 32767 32767 593 340 886 794 282 39 44 32 103 269 99 17 69 36 19 215 323 341 109 445 283 80 66 0 0 0 36 57 26 0 68 44 27 33 33 20 582 678 767 567 486 297 147 240
-9999 -9999 -9999 -9999 -9999 -9999 -9999 131 322 413 504 630 479 417 430 161 261 705 1086 376 411 385 298 718 32767 1100 214 350 32767 31 821 32767 32767 155 394 292 32767 32767 32767 32767 32767 32767 32767 32767 259 32767 182 489 242 52 17 48 38 67 17 44 56 52 37 26 369 474 348 400 445 88 141 67 30 39 80 60 57 80 43 42 0 0 61 282 710 800 1117 1216 463 536 172 245
-9999 -9999 -9999 -9999 -9999 -9999 10 31 147 97 23 23 34 55 132 20 19 284 149 1573 1559 339 323 320 427 428 175 229 32767 843 899 183 32767 32767 148 43 290 212 32767 32767 32767 32767 32767 31 110 225 32767 522 433 350 18 86 34 0 28 54 49 50 26 25 46 46 33 207 386 307 23 143 184 5 32 359 159 52 42 7 13 36 285 455 686 1297 1253 1263 863 573 519 96
-9999 -9999 -9999 -9999 -9999 6 5 252 78 40 7 78 7 22 25 34 7 40 252 153 314 431 327 415 428 32767 141 142 32767 363 500 614 252 32767 32767 420 264 32767 310 32767 32767 32767 31 32767 32767 32767 338 581 452 246 36 79 16 8 0 49 26 56 17 27 60 37 29 45 183 348 316 141 132 130 152 145 41 58 40 7 7 17 358 40 471 1083 1044 948 1039 895 682 270
-9999 -9999 -9999 -9999 77 96 77 32 7 8 8 7 7 37 39 9 6 6 23 294 401 287 454 739 1255 1081 312 315 119 276 352 250 453 32767 32767 41 277 302 381 32767 32767 71 32767 51 32767 32767 300 336 434 556 27 10 17 0 8 0 26 49 13 23 35 41 46 42 39 427 331 203 152 381 83 31 47 20 0 9 10 40 66 233 377 799 641 407 580 1217 772 648
-9999 -9999 -9999 191 6 9 27 22 6 6 7 7 8 40 7 7 6 7 10 40 202 339 161 373 1262 600 285 32767 644 464 66 285 109 32767 32767 32767 31 259 262 292 32767 32767 0 32767 32767 32767 267 311 674 235 19 26 15 79 0 0 24 53 11 15 35 53 63 67 17 373 632 412 93 131 82 56 52 14 0 0 56 43 84 181 648 552 567 405 612 1203 1173 699
-9999 -9999 712 403 42 17 38 26 22 8 8 27 7 8 6 16 22 21 11 8 21 51 335 672 1162 738 32767 1153 691 320 334 75 32767 32767 32767 32767 32767 127 357 32767 32767 32767 32767 32767 32767 32767 32767 112 868 983 74 48 0 71 28 9 26 54 36 27 29 27 62 52 33 126 560 454 159 79 71 177 0 19 0 3 40 6 14 45 261 448 679 544 943 1113 1145 1051
1040 1172 806 318 181 68 216 376 39 42 29 44 2 2 79 21 50 41 25 21 0 22 42 32767 32767 1244 1026 1029 1060 763 438 32767 32767 32767 32767 32767 32767 32767 238 32767 32767 32767 32767 32767 32767 32767 32767 264 715 514 57 26 0 0 106 12 3 84 65 53 29 39 83 80 15 35 162 168 71 153 366 50 27 138 21 0 3 28 0 28 360 773 937 942 703 699 877 529
1193 990 664 691 245 204 484 423 365 155 49 27 38 16 121 41 42 30 28 40 24 32767 32767 340 1117 1338 1252 1003 1296 308 32767 32767 32767 32767 32767 32767 43 32767 32767 32767 32767 32767 32767 0 32767 32767 32767 175 218 300 249 0 0 0 100 0 3 0 60 26 54 84 56 29 10 25 38 105 120 156 166 73 154 161 113 32 163 104 71 8 181 722 901 531 434 358 424 1206
-9999 878 768 479 394 478 514 350 363 248 329 241 56 1 0 2 21 7 0 0 32767 2 551 341 1109 1127 764 687 219 32767 32767 32767 32767 32767 32767 32767 32767 32767 32767 32767 32767 40 94 32767 32767 32767 381 164 188 322 122 11 0 0 93 6 132 35 29 47 33 35 27 24 41 12 37 168 122 374 164 230 208 36 192 319 309 309 791 457 322 763 763 310 10 10 120 488
-9999 -9999 -9999 131 124 640 230 334 160 342 356 426 526 28 23 3 0 0 0 5 259 171 462 839 1183 1345 849 112 32767 32767 32767 32767 32767 32767 32767 32767 32767 32767 32767 32767 6 63 166 32767 32767 71 255 26 150 406 526 215 0 11 79 7 224 15 35 74 69 28 34 35 33 42 30 98 409 493 11 10 205 203 126 213 192 296 763 1095 770 832 538 374 0 24 63 267
-9999 -9999 -9999 4 350 257 208 276 163 449 157 385 355 137 129 12 2 32767 32767 27 105 86 818 975 1040 1433 361 32767 32767 32767 32767 32767 32767 32767 32767 32767 32767 32767 32767 32767 32767 32767 32767 32767 32767 32767 0 131 349 543 283 282 26 1 81 88 108 130 34 108 42 27 44 32 33 56 24 39 293 488 155 10 19 293 209 104 133 92 462 792 594 933 923 54 13 22 13 223
-9999 -9999 -9999 28 92 557 216 203 258 387 213 231 463 128 131 42 32767 3 35 24 261 135 563 1273 1259 1252 32767 32767 32767 32767 32767 32767 32767 32767 32767 32767 32767 32767 32767 32767 32767 32767 32767 32767 32767 0 32767 98 160 425 102 452 532 17 105 206 54 8 23 36 9 27 16 26 25 32 51 24 14 267 338 167 9 250 218 82 9 4 289 983 618 860 1214 332 0 23 0 120
-9999 -9999 -9999 18 46 114 167 319 566 199 221 164 426 361 74 32767 418 373 195 242 188 139 60 862 1192 1235 32767 32767 32767 32767 32767 32767 32767 32767 32767 32767 32767 32767 32767 32767 32767 32767 32767 32767 32767 32767 32767 100 171 218 190 226 207 46 49 128 174 334 26 27 17 15 43 30 26 25 53 47 13 282 313 151 138 0 25 24 24 24 82 342 794 828 800 185 14 25 12 67
-9999 -9999 -9999 34 14 0 420 255 166 339 241 277 535 374 365 45 62 47 189 325 241 107 44 700 647 569 581 32767 32767 32767 32767 32767 32767 32767 32767 32767 32767 32767 32767 32767 32767 32767 32767 32767 32767 207 62 74 194 162 156 234 306 213 26 182 200 36 24 23 21 21 25 26 23 20 21 55 16 163 378 155 13 43 65 36 25 14 75 196 440 1110 835 305 13 26 13 24
-9999 -9999 -9999 29 9 305 660 532 290 393 200 168 269 433 32767 41 28 150 223 244 236 139 581 612 637 502 424 713 32767 32767 32767 32767 26 32767 32767 32767 32767 32767 32767 32767 32767 32767 32767 32767 32767 52 331 254 257 184 170 109 64 12 24 7 122 41 40 40 36 58 100 98 92 0 0 25 41 0 260 0 64 86 57 0 0 22 21 29 138 517 1078 493 4 15 15 12
-9999 -9999 -9999 218 269 319 330 188 197 379 308 167 241 32767 151 167 172 189 334 175 162 191 345 866 736 619 651 408 111 32767 0 0 104 32767 32767 32767 32767 32767 32767 32767 32767 32767 32767 32767 32767 25 199 63 227 171 170 211 65 27 24 38 70 230 73 38 36 98 47 50 45 40 0 20 104 0 352 200 69 55 52 0 0 23 15 21 3 580 1298 1117 318 3 0 108
-9999 -9999 -9999 385 541 496 244 169 437 568 398 32767 377 1389 1693 1425 1410 1175 479 483 153 399 472 492 385 434 287 614 347 27 0 0 0 31 32767 32767 32767 32767 32767 32767 32767 32767 32767 51 32767 32767 222 61 33 68 33 191 187 233 304 280 22 380 196 39 51 46 39 41 0 0 0 13 128 0 209 288 14 41 62 26 15 22 25 39 0 164 1004 1303 437 423 14 212
-9999 -9999 -9999 298 160 136 184 277 139 434 32767 767 1254 1403 1234 1448 1165 1037 729 350 144 160 510 400 374 395 1059 578 190 0 0 0 0 0 32767 32767 32767 32767 32767 32767 32767 32767 32767 32767 0 32767 0 30 39 158 320 262 16 30 296 363 78 393 206 182 44 45 0 95 57 104 98 0 87 4 565 311 0 44 55 49 15 0 22 16 16 85 986 1508 390 381 45 230
-9999 -9999 -9999 371 316 185 178 318 177 32767 865 521 686 508 624 612 638 409 739 305 484 207 284 334 370 977 1008 785 357 23 0 0 0 0 0 32767 32767 32767 32767 32767 32767 32767 32767 32767 32767 32767 32767 47 106 223 108 32767 32767 259 293 213 269 268 209 163 50 61 94 68 78 77 109 65 48 75 161 274 198 46 65 20 0 0 0 26 37 3 156 1397 1047 414 115 52
-9999 -9999 -9999 399 206 193 57 207 32767 169 376 245 259 490 300 425 291 510 470 340 222 112 285 268 360 636 758 575 208 24 0 0 0 0 0 32767 32767 32767 32767 32767 32767 32767 32767 32767 32767 32767 32767 32767 220 207 50 32767 32767 334 43 116 132 124 302 62 36 103 78 71 67 59 56 0 14 18 8 329 0 16 24 45 0 55 22 25 35 7 27 1033 1347 425 123 0
-9999 -9999 -9999 276 239 227 271 32767 202 254 232 382 386 320 314 341 313 331 387 519 306 208 186 193 307 719 1020 579 195 51 0 0 28 28 6 0 32767 32767 32767 32767 32767 32767 32767 32767 32767 32767 32767 32767 32767 208 32767 32767 32767 331 60 123 120 86 38 160 36 56 28 49 0 23 47 52 30 17 141 302 217 28 43 26 26 27 40 24 21 0 418 412 212 360 121 11
-9999 -9999 79 256 219 322 32767 151 209 409 443 354 316 298 159 174 348 354 360 426 335 136 185 149 308 673 389 757 425 407 23 51 71 67 31 30 33 32767 32767 32767 32767 32767 32767 32767 32767 32767 32767 0 32767 0 0 32767 32767 249 219 266 256 237 316 408 107 29 0 24 34 39 42 42 30 80 347 425 5 17 57 42 53 28 27 26 49 218 414 411 203 331 208 11
