ValueNro_2398/ValueNro_2398_dem_16m_aggr.asc
ncols        141
nrows        228
xllcorner    356256.000000000000
yllcorner    6857312.000000000000
cellsize     16.000000000000
NODATA_value  -9999
[rows 200 to 219 of 228, columns 46 to 91 of 141]
158.2683258056640625 157.4959564208984375 158.252227783203125 157.653961181640625 156.4675750732421875 155.242919921875 153.476806640625 151.56683349609375 150.6432952880859375 150.2743377685546875 150.094757080078125 150.0408477783203125 150.1043243408203125 150.226318359375 150.2926025390625 150.163177490234375 149.9417724609375 149.440887451171875 148.7579498291015625 148.5716400146484375 148.4524383544921875 148.460052490234375 148.6998291015625 148.485565185546875 -9999 -9999 -9999 -9999 -9999 -9999 -9999 -9999 -9999 -9999 -9999 -9999 -9999 -9999 -9999 -9999 -9999 -9999 -9999 -9999 -9999 -9999
158.3079833984375 157.9114990234375 159.1398773193359375 159.0920257568359375 156.749267578125 155.4642333984375 154.69451904296875 152.76263427734375 150.5933380126953125 150.188568115234375 149.9034271240234375 149.8469390869140625 149.8122711181640625 149.948272705078125 150.029388427734375 150.0947265625 150.1860504150390625 150.0183258056640625 149.2474517822265625 149.027587890625 149.0878448486328125 148.6430511474609375 148.81072998046875 148.4788970947265625 -9999 -9999 -9999 -9999 -9999 -9999 -9999 -9999 -9999 -9999 -9999 -9999 -9999 -9999 -9999 -9999 -9999 -9999 -9999 -9999 -9999 -9999
158.510345458984375 158.507293701171875 159.353851318359375 159.1891937255859375 157.400604248046875 155.59722900390625 155.0855712890625 154.0383148193359375 150.991180419921875 150.2578582763671875 149.9296722412109375 149.698089599609375 149.73052978515625 149.8458251953125 150.0899658203125 150.0278167724609375 149.8309783935546875 149.6436614990234375 149.4582672119140625 149.355377197265625 149.387664794921875 149.123077392578125 148.6196136474609375 148.1630859375 147.776519775390625 147.1170501708984375 -9999 -9999 -9999 -9999 -9999 -9999 -9999 -9999 -9999 -9999 -9999 -9999 -9999 -9999 -9999 -9999 -9999 -9999 -9999 -9999
158.6134796142578125 158.3406829833984375 159.277587890625 159.6937713623046875 158.01202392578125 156.3941192626953125 155.32171630859375 153.793975830078125 151.5850830078125 150.46014404296875 149.9397125244140625 149.6707000732421875 149.609161376953125 149.6715240478515625 150.011932373046875 150.012359619140625 149.730133056640625 149.5343170166015625 149.46527099609375 149.49456787109375 149.5562286376953125 149.2079010009765625 148.95599365234375 148.287689208984375 147.794097900390625 147.1996307373046875 147.961669921875 -9999 -9999 -9999 -9999 -9999 -9999 -9999 -9999 -9999 -9999 -9999 -9999 -9999 -9999 -9999 -9999 -9999 -9999 -9999
159.4325408935546875 158.2533416748046875 158.9302215576171875 160.131866455078125 158.0175933837890625 156.319610595703125 154.81658935546875 153.1397247314453125 152.5105133056640625 150.878875732421875 150.06134033203125 149.65643310546875 149.5909423828125 149.69000244140625 149.803863525390625 149.8685760498046875 149.7112579345703125 149.565948486328125 149.5242919921875 149.52984619140625 149.6251983642578125 149.18878173828125 149.12591552734375 148.50341796875 147.91497802734375 147.0897064208984375 147.842864990234375 -9999 -9999 -9999 -9999 -9999 -9999 -9999 -9999 -9999 -9999 -9999 -9999 -9999 -9999 -9999 -9999 -9999 -9999 -9999
159.2202606201171875 158.5345001220703125 158.2463531494140625 159.128753662109375 157.8177642822265625 155.478790283203125 153.941925048828125 153.1010894775390625 152.6649322509765625 151.6937255859375 150.4304351806640625 149.7444610595703125 149.4521942138671875 149.3822479248046875 149.539154052734375 149.7103118896484375 149.748931884765625 149.6334381103515625 149.5513153076171875 149.4450225830078125 149.3910064697265625 149.2065582275390625 149.1467437744140625 148.7716064453125 148.0763397216796875 147.1854248046875 147.81378173828125 148.4859771728515625 -9999 -9999 -9999 -9999 -9999 -9999 -9999 -9999 -9999 -9999 -9999 -9999 -9999 -9999 -9999 -9999 -9999 -9999
157.994110107421875 158.414520263671875 157.7742767333984375 157.665802001953125 157.1631927490234375 154.9061431884765625 153.151336669921875 152.0291748046875 151.5857391357421875 151.040985107421875 150.3892364501953125 149.84503173828125 149.471832275390625 149.2327423095703125 149.2590789794921875 149.3387908935546875 149.54241943359375 149.6901397705078125 149.71142578125 149.4220733642578125 149.2535858154296875 149.2001953125 149.1730804443359375 148.6274566650390625 148.06329345703125 147.7274627685546875 148.1812744140625 149.189788818359375 -9999 -9999 -9999 -9999 -9999 -9999 -9999 -9999 -9999 -9999 -9999 -9999 -9999 -9999 -9999 -9999 -9999 -9999
156.80084228515625 158.3873443603515625 158.8428802490234375 157.0238494873046875 154.9777984619140625 152.903900146484375 151.646331787109375 150.87164306640625 150.6234588623046875 150.331329345703125 150.0319061279296875 149.8433837890625 149.545318603515625 149.2360076904296875 149.094329833984375 149.103973388671875 149.3154754638671875 149.6326141357421875 149.860870361328125 149.4908599853515625 149.097015380859375 148.9827117919921875 148.5040130615234375 148.2533416748046875 147.9201507568359375 148.184234619140625 148.6383819580078125 149.8487396240234375 -9999 -9999 -9999 -9999 -9999 -9999 -9999 -9999 -9999 -9999 -9999 -9999 -9999 -9999 -9999 -9999 -9999 -9999
155.1891937255859375 157.8942413330078125 158.1185150146484375 155.808624267578125 153.015472412109375 151.690765380859375 150.99761962890625 150.49786376953125 150.2954864501953125 149.9904022216796875 149.7217864990234375 149.5609893798828125 149.4159088134765625 149.1415252685546875 149.0205230712890625 149.007415771484375 149.003387451171875 149.197418212890625 149.503448486328125 149.432220458984375 -9999 148.7938690185546875 148.27508544921875 147.966461181640625 147.984405517578125 148.3154144287109375 149.23773193359375 150.1903533935546875 150.6266937255859375 -9999 -9999 -9999 -9999 -9999 -9999 -9999 -9999 -9999 -9999 -9999 -9999 -9999 -9999 -9999 -9999 -9999
154.1868743896484375 155.816741943359375 156.3447265625 153.3144073486328125 152.3256683349609375 151.3018341064453125 150.616302490234375 150.228057861328125 149.7890777587890625 149.4643402099609375 149.3243255615234375 149.2639617919921875 149.1450958251953125 148.9881591796875 148.8283538818359375 148.897491455078125 148.9159393310546875 148.98101806640625 149.563995361328125 149.58258056640625 -9999 -9999 -9999 -9999 -9999 -9999 -9999 150.406951904296875 150.578338623046875 -9999 -9999 -9999 -9999 -9999 -9999 -9999 -9999 -9999 -9999 -9999 -9999 -9999 -9999 -9999 -9999 -9999
154.39178466796875 154.9371185302734375 154.89080810546875 153.5615081787109375 152.3069000244140625 151.395263671875 150.91448974609375 150.4092864990234375 149.7476654052734375 149.4306640625 149.38055419921875 149.1417083740234375 148.9743804931640625 148.8490753173828125 148.826446533203125 148.6742706298828125 148.7306976318359375 148.7325439453125 149.0121612548828125 149.3325653076171875 -9999 -9999 -9999 -9999 -9999 -9999 -9999 -9999 -9999 -9999 -9999 -9999 -9999 -9999 -9999 -9999 -9999 -9999 -9999 -9999 -9999 -9999 -9999 -9999 -9999 -9999
155.8501434326171875 155.838348388671875 156.13482666015625 155.1522369384765625 153.189300537109375 152.2904205322265625 151.682708740234375 151.113067626953125 150.564666748046875 150.681884765625 150.210906982421875 149.9808502197265625 149.72613525390625 149.329193115234375 149.1102447509765625 148.872344970703125 148.59661865234375 148.4100799560546875 148.4185333251953125 148.5554046630859375 -9999 -9999 -9999 -9999 -9999 -9999 -9999 -9999 -9999 -9999 -9999 -9999 -9999 -9999 -9999 -9999 -9999 -9999 -9999 -9999 -9999 -9999 -9999 -9999 -9999 -9999
154.419189453125 155.22265625 155.4106292724609375 156.8864898681640625 154.8548431396484375 152.846343994140625 151.8920745849609375 151.2505035400390625 151.3646392822265625 151.3056793212890625 150.8973541259765625 150.735015869140625 150.2800750732421875 149.818389892578125 149.4128265380859375 149.2478485107421875 148.83966064453125 148.490936279296875 148.43646240234375 148.278533935546875 148.280242919921875 -9999 -9999 -9999 -9999 -9999 -9999 -9999 -9999 -9999 -9999 -9999 -9999 -9999 -9999 -9999 -9999 -9999 -9999 -9999 -9999 -9999 -9999 -9999 -9999 -9999
153.0950775146484375 153.917877197265625 154.752685546875 155.3132171630859375 157.2958221435546875 153.3112335205078125 151.614990234375 151.6720123291015625 152.4990234375 152.468170166015625 151.75592041015625 151.22796630859375 150.651123046875 150.4157257080078125 149.7794189453125 149.305206298828125 148.9033203125 148.492584228515625 148.5170745849609375 148.4072723388671875 148.2871246337890625 148.195587158203125 -9999 -9999 -9999 -9999 -9999 -9999 -9999 -9999 -9999 -9999 -9999 -9999 -9999 -9999 -9999 -9999 -9999 -9999 -9999 -9999 -9999 -9999 -9999 -9999
152.6430816650390625 152.889404296875 153.7759552001953125 152.8482818603515625 155.2789154052734375 154.0247344970703125 151.5132598876953125 152.2420806884765625 153.7208251953125 153.8019256591796875 152.9568328857421875 152.7065582275390625 151.7147369384765625 150.8615570068359375 150.5745086669921875 149.415252685546875 148.814239501953125 148.624725341796875 148.4998931884765625 148.5497283935546875 148.4409637451171875 148.3853912353515625 148.3274993896484375 -9999 -9999 -9999 -9999 -9999 -9999 -9999 -9999 -9999 -9999 -9999 -9999 -9999 -9999 -9999 -9999 -9999 -9999 -9999 -9999 -9999 -9999 -9999
152.46630859375 152.2839202880859375 152.1506195068359375 151.988311767578125 152.1451263427734375 152.1399383544921875 151.9311676025390625 153.5523681640625 153.8969573974609375 154.2070770263671875 154.3416900634765625 154.4158782958984375 152.98046875 150.907257080078125 150.0976104736328125 149.3930511474609375 148.9521484375 148.793701171875 148.667388916015625 148.479644775390625 148.4318389892578125 148.419769287109375 148.3448028564453125 148.3954620361328125 -9999 -9999 -9999 -9999 -9999 -9999 -9999 -9999 -9999 -9999 -9999 -9999 -9999 -9999 -9999 -9999 -9999 -9999 -9999 -9999 -9999 -9999
152.95733642578125 152.64691162109375 152.35107421875 151.9523468017578125 151.818450927734375 151.7603607177734375 153.3337860107421875 154.5367279052734375 153.9912109375 154.7830047607421875 154.8410491943359375 154.470367431640625 152.2813262939453125 150.9123687744140625 149.896209716796875 149.5770111083984375 149.6610260009765625 149.557342529296875 149.1944580078125 148.70281982421875 148.518798828125 148.5723114013671875 148.4372711181640625 148.3586273193359375 148.364501953125 -9999 -9999 -9999 -9999 -9999 -9999 -9999 -9999 -9999 -9999 -9999 -9999 -9999 -9999 -9999 -9999 -9999 -9999 -9999 -9999 -9999
155.353302001953125 153.70452880859375 152.43157958984375 152.1036224365234375 152.205810546875 152.1484832763671875 152.8106842041015625 154.7641143798828125 153.6830291748046875 154.483917236328125 154.8505096435546875 153.650238037109375 151.608642578125 150.8419036865234375 149.8670806884765625 150.01873779296875 150.2251129150390625 150.08905029296875 149.7750091552734375 149.1658782958984375 148.881072998046875 148.8902130126953125 148.518890380859375 148.331787109375 148.3281707763671875 -9999 -9999 -9999 -9999 -9999 -9999 -9999 -9999 -9999 -9999 -9999 -9999 -9999 -9999 -9999 -9999 -9999 -9999 -9999 -9999 -9999
155.20770263671875 153.121429443359375 152.507568359375 152.2626953125 152.275604248046875 152.312713623046875 152.397003173828125 152.90948486328125 152.78765869140625 153.499176025390625 153.8943328857421875 152.405731201171875 151.598236083984375 150.930450439453125 150.2316436767578125 150.488555908203125 150.80633544921875 150.543975830078125 150.12030029296875 149.6764373779296875 149.304931640625 149.2292633056640625 148.8862152099609375 148.5161895751953125 -9999 -9999 -9999 -9999 -9999 -9999 -9999 -9999 -9999 -9999 -9999 -9999 -9999 -9999 -9999 -9999 -9999 -9999 -9999 -9999 -9999 -9999
153.6527252197265625 152.9848175048828125 152.565185546875 152.5571746826171875 152.694671630859375 152.8052978515625 152.6126861572265625 153.027923583984375 152.7295989990234375 153.11517333984375 153.12066650390625 152.7704315185546875 152.0252685546875 150.9981231689453125 150.597564697265625 150.886138916015625 151.2859039306640625 150.9300384521484375 150.488922119140625 150.0990447998046875 149.7126312255859375 149.6530914306640625 149.313629150390625 -9999 -9999 -9999 -9999 -9999 -9999 -9999 -9999 -9999 -9999 -9999 -9999 -9999 -9999 -9999 -9999 -9999 -9999 -9999 -9999 -9999 -9999 -9999
