ValueNro_2398/ValueNro_2398_dem_16m_aggr.asc
ncols        141
nrows        228
xllcorner    356256.000000000000
yllcorner    6857312.000000000000
cellsize     16.000000000000
NODATA_value  -9999
[rows 180 to 199 of 228, columns 92 to 137 of 141]
141.923736572265625 141.91363525390625 141.9243621826171875 141.7936553955078125 141.844940185546875 141.879058837890625 141.8463592529296875 141.8520660400390625 142.4738311767578125 143.31365966796875 143.1179656982421875 142.5824127197265625 142.261474609375 142.0918426513671875 142.3451385498046875 142.2501220703125 142.1959686279296875 142.1873931884765625 142.067779541015625 142.0567626953125 142.1851348876953125 142.3667449951171875 142.9409332275390625 143.954010009765625 145.9454498291015625 149.2191619873046875 151.1284942626953125 152.018096923828125 154.46685791015625 152.6560516357421875 148.559234619140625 147.5695953369140625 149.991790771484375 158.0490570068359375 161.9752655029296875 161.4830322265625 159.403106689453125 -9999 -9999 -9999 -9999 -9999 -9999 -9999 -9999 -9999
141.890045166015625 141.8883514404296875 141.8886871337890625 141.7795867919921875 141.8496856689453125 141.861724853515625 141.8389129638671875 141.8007354736328125 142.1914520263671875 142.965850830078125 143.28277587890625 143.007080078125 142.408843994140625 142.2433013916015625 142.2459716796875 142.284454345703125 142.1997222900390625 142.1964263916015625 142.0598907470703125 142.045684814453125 142.0358734130859375 142.0893402099609375 142.6289215087890625 143.6818695068359375 145.1748809814453125 147.373504638671875 150.133209228515625 151.25909423828125 151.43310546875 149.4821319580078125 147.462005615234375 147.3260345458984375 149.6432342529296875 157.214263916015625 160.9746551513671875 160.333526611328125 159.4522857666015625 -9999 -9999 -9999 -9999 -9999 -9999 -9999 -9999 -9999
141.8597564697265625 141.864410400390625 141.86541748046875 141.74322509765625 141.807708740234375 141.848419189453125 141.843658447265625 141.78570556640625 141.79803466796875 142.32574462890625 143.20635986328125 143.01373291015625 142.5663604736328125 142.3314208984375 142.126953125 142.25457763671875 142.237030029296875 142.2034759521484375 142.054443359375 142.0559539794921875 142.0407257080078125 142.039337158203125 142.31915283203125 143.2757110595703125 145.040740966796875 146.4017181396484375 148.6101226806640625 150.5775299072265625 150.732086181640625 148.15545654296875 146.703216552734375 147.579620361328125 148.5951080322265625 150.1150970458984375 153.1793212890625 155.975921630859375 155.526947021484375 155.27545166015625 -9999 -9999 -9999 -9999 -9999 -9999 -9999 -9999
141.7575836181640625 141.782196044921875 141.7851409912109375 141.6868133544921875 141.785247802734375 141.8297882080078125 141.8464202880859375 141.76226806640625 141.7115020751953125 141.7676544189453125 142.788177490234375 142.9149017333984375 142.6148681640625 142.3880157470703125 142.0646820068359375 142.1729278564453125 142.206573486328125 142.19525146484375 142.044525146484375 142.0774078369140625 142.067230224609375 142.0275421142578125 142.2618560791015625 143.150482177734375 144.970916748046875 146.23480224609375 147.8334503173828125 149.1874542236328125 149.3535003662109375 146.90521240234375 146.8441925048828125 147.80096435546875 148.485107421875 149.4792022705078125 151.143402099609375 152.311614990234375 153.524017333984375 154.608734130859375 -9999 -9999 -9999 -9999 -9999 -9999 -9999 -9999
141.707550048828125 141.7117156982421875 141.705352783203125 141.6259765625 141.7172698974609375 141.75848388671875 141.798919677734375 141.7671966552734375 141.7147979736328125 141.6084747314453125 142.081024169921875 142.7955474853515625 142.6824798583984375 142.373321533203125 142.1763763427734375 142.0352783203125 142.2058258056640625 142.199676513671875 142.0300750732421875 142.101470947265625 142.099853515625 142.1029052734375 142.3509521484375 143.6663360595703125 145.0467987060546875 146.34564208984375 147.4988250732421875 147.967315673828125 146.2314605712890625 146.5806884765625 148.87420654296875 149.4889984130859375 151.384490966796875 153.94732666015625 154.581634521484375 155.6544342041015625 156.8813629150390625 156.7305450439453125 -9999 -9999 -9999 -9999 -9999 -9999 -9999 -9999
141.6652984619140625 141.679473876953125 141.669219970703125 141.637298583984375 141.6407623291015625 141.6671295166015625 141.7105560302734375 141.71484375 141.7105255126953125 141.681671142578125 141.62261962890625 142.4435272216796875 142.744110107421875 142.324432373046875 142.1297607421875 141.9302215576171875 142.1204681396484375 142.122955322265625 141.99530029296875 142.11407470703125 142.1041412353515625 142.0461883544921875 142.2451934814453125 143.9562530517578125 145.323638916015625 146.72119140625 147.3661651611328125 146.374359130859375 145.2542724609375 150.8453521728515625 154.4456634521484375 153.3507843017578125 155.1391754150390625 156.420623779296875 158.4514007568359375 159.34588623046875 159.358001708984375 157.9987945556640625 -9999 -9999 -9999 -9999 -9999 -9999 -9999 -9999
141.6916656494140625 141.639404296875 141.6585693359375 141.5823974609375 141.6052703857421875 141.6189727783203125 141.614654541015625 141.5763092041015625 141.5992279052734375 141.6248626708984375 141.5497283935546875 141.81011962890625 142.595062255859375 142.317291259765625 142.0661773681640625 142.006134033203125 141.9674224853515625 142.056427001953125 141.9986724853515625 142.098175048828125 142.09576416015625 142.057037353515625 142.25079345703125 144.0745849609375 145.0448455810546875 146.964874267578125 146.5839385986328125 144.6925506591796875 146.9694061279296875 155.3486785888671875 158.31378173828125 158.3614044189453125 157.579803466796875 157.6795501708984375 158.686126708984375 159.5457000732421875 159.9108734130859375 159.3477783203125 159.7518310546875 -9999 -9999 -9999 -9999 -9999 -9999 -9999
141.626373291015625 141.6377410888671875 141.59295654296875 141.47686767578125 141.4292144775390625 141.26416015625 141.1858978271484375 141.20184326171875 141.4083099365234375 141.4304656982421875 141.2413177490234375 141.2622833251953125 142.3142547607421875 142.240631103515625 141.96136474609375 142.03741455078125 141.784027099609375 142.0389556884765625 141.9500274658203125 142.10369873046875 142.080596923828125 142.06829833984375 142.151641845703125 143.299591064453125 144.3369293212890625 145.72998046875 145.8124847412109375 144.2143707275390625 148.67242431640625 155.92645263671875 158.9767608642578125 159.6950225830078125 159.3716278076171875 158.88250732421875 158.6986083984375 159.0334320068359375 160.121490478515625 160.907806396484375 160.393951416015625 160.203369140625 -9999 -9999 -9999 -9999 -9999 -9999
141.4710693359375 141.4396209716796875 141.419708251953125 141.2526397705078125 141.133270263671875 141.2462005615234375 141.3890533447265625 141.36419677734375 141.2202301025390625 141.18096923828125 141.2863616943359375 141.1421356201171875 141.96173095703125 142.4583740234375 141.9571380615234375 142.0250244140625 141.9414520263671875 141.967132568359375 141.8895111083984375 141.9985198974609375 142.06915283203125 142.03131103515625 142.110076904296875 142.87261962890625 143.5888671875 144.138519287109375 143.7376861572265625 144.5607147216796875 149.293426513671875 156.0029296875 157.2123565673828125 157.9224090576171875 158.8720245361328125 159.2387542724609375 159.467559814453125 158.30780029296875 159.4549102783203125 161.0921783447265625 160.6511993408203125 160.5631866455078125 158.6295166015625 -9999 -9999 -9999 -9999 -9999
141.2108306884765625 141.192626953125 141.233673095703125 141.255218505859375 141.4651641845703125 141.4911041259765625 141.5127716064453125 141.4844512939453125 141.566131591796875 141.591888427734375 141.4793701171875 141.226654052734375 141.6204376220703125 142.4265289306640625 142.0694122314453125 141.947998046875 141.9374237060546875 141.7314453125 141.88653564453125 141.9824066162109375 141.9915313720703125 141.96368408203125 142.1142730712890625 142.827972412109375 143.1502532958984375 143.1608734130859375 143.1494140625 145.6477203369140625 152.736053466796875 156.753936767578125 157.146759033203125 157.95123291015625 158.42962646484375 159.1692047119140625 160.1988067626953125 159.032073974609375 157.934326171875 159.3313140869140625 160.83123779296875 161.7155914306640625 158.4186553955078125 156.405029296875 153.4987335205078125 -9999 -9999 -9999
141.6702423095703125 141.7006378173828125 141.6945953369140625 141.6591644287109375 141.5837554931640625 141.6645965576171875 141.8056640625 141.8043060302734375 141.700897216796875 141.6329345703125 141.4458465576171875 141.23199462890625 141.321319580078125 142.2517242431640625 142.2135772705078125 141.8884429931640625 141.859405517578125 141.6869049072265625 141.8812713623046875 141.9569091796875 141.93792724609375 141.9061126708984375 142.146270751953125 142.596160888671875 142.671844482421875 142.7559051513671875 143.2190399169921875 147.9567108154296875 154.15777587890625 155.8018951416015625 156.7851409912109375 158.05975341796875 158.853057861328125 158.59454345703125 159.6405181884765625 160.1326446533203125 157.314971923828125 157.77154541015625 158.26806640625 159.331085205078125 157.995635986328125 156.3013153076171875 153.2823638916015625 152.1867523193359375 152.7713165283203125 -9999
141.8005218505859375 141.8251495361328125 141.86419677734375 141.8563690185546875 141.799591064453125 141.7330322265625 141.8138885498046875 141.7310028076171875 141.7087249755859375 141.6134033203125 141.343658447265625 141.0669097900390625 141.4640655517578125 142.237274169921875 142.290496826171875 141.89605712890625 141.8894500732421875 141.7482452392578125 141.879852294921875 141.9139404296875 141.8845062255859375 141.875030517578125 141.863128662109375 142.2917938232421875 142.3275146484375 142.4051971435546875 142.9146728515625 147.6624298095703125 153.2719879150390625 154.0146484375 155.57275390625 157.034149169921875 159.060546875 158.461669921875 159.8372955322265625 160.543243408203125 157.14630126953125 156.95904541015625 157.0261993408203125 155.225250244140625 154.6200103759765625 153.838287353515625 152.2759246826171875 151.6861724853515625 152.9805908203125 154.0313262939453125
141.8929901123046875 141.9282379150390625 141.8665313720703125 141.8896331787109375 141.792999267578125 141.78033447265625 141.7198028564453125 141.7254486083984375 141.7626495361328125 141.6833648681640625 141.402069091796875 140.9847412109375 141.8663482666015625 142.49237060546875 142.3838653564453125 141.92449951171875 141.7590179443359375 141.6486968994140625 141.817230224609375 141.867279052734375 141.81005859375 141.799957275390625 141.6835479736328125 141.9193572998046875 142.0113525390625 142.0511932373046875 142.1591949462890625 144.9610595703125 150.6403961181640625 152.431427001953125 154.037200927734375 154.9026947021484375 156.7932586669921875 157.8092041015625 159.049407958984375 158.8209991455078125 157.0949859619140625 154.843841552734375 155.0521697998046875 152.8769989013671875 151.8781585693359375 151.5674591064453125 151.3224639892578125 151.712188720703125 153.307861328125 156.5514984130859375
141.91998291015625 141.905792236328125 141.9432373046875 141.9930877685546875 141.861663818359375 141.8166961669921875 141.752777099609375 141.68756103515625 141.6774139404296875 141.7593536376953125 141.325714111328125 140.974273681640625 141.7926483154296875 142.5974884033203125 142.282501220703125 141.93121337890625 141.67919921875 141.5876312255859375 141.66693115234375 141.5633544921875 141.5268402099609375 141.59466552734375 141.66534423828125 141.7426605224609375 141.733062744140625 141.5631256103515625 141.491943359375 142.6040191650390625 146.8644866943359375 148.8987884521484375 149.6578216552734375 151.6898651123046875 154.8884735107421875 155.152099609375 156.026458740234375 156.332275390625 154.722503662109375 151.3733367919921875 151.077392578125 151.1110382080078125 151.1076202392578125 151.1586151123046875 151.1661224365234375 151.9654541015625 154.77392578125 157.4676361083984375
141.946563720703125 141.94781494140625 141.9860992431640625 141.97418212890625 141.941131591796875 141.9441680908203125 141.895599365234375 141.8358917236328125 141.6462249755859375 141.5711517333984375 141.5189361572265625 141.071380615234375 141.407989501953125 142.0496826171875 141.9414520263671875 141.8551025390625 141.596435546875 141.4820709228515625 141.469451904296875 141.562255859375 141.56097412109375 141.5187225341796875 141.503997802734375 141.4359588623046875 141.31365966796875 141.2894744873046875 141.2561492919921875 141.4805755615234375 142.7356414794921875 144.183258056640625 145.4666290283203125 146.0154571533203125 148.978118896484375 149.895111083984375 148.96923828125 151.042572021484375 152.1050872802734375 151.1568145751953125 152.2277679443359375 152.0522308349609375 151.1420440673828125 151.121002197265625 151.1723785400390625 151.7825164794921875 -9999 -9999
141.9724578857421875 141.934478759765625 141.9655914306640625 141.94879150390625 141.899810791015625 141.892852783203125 141.8942413330078125 141.880889892578125 141.7487335205078125 141.76068115234375 141.7010955810546875 141.3602447509765625 141.05010986328125 141.53216552734375 141.577178955078125 141.67919921875 141.460174560546875 141.3298187255859375 141.3198089599609375 141.189483642578125 141.099029541015625 141.1090545654296875 141.3252716064453125 141.1793212890625 140.92266845703125 140.869171142578125 141.0851287841796875 141.221282958984375 141.75152587890625 142.940185546875 144.4119415283203125 144.4127655029296875 144.822906494140625 145.4786834716796875 147.0687713623046875 149.260040283203125 151.8078460693359375 153.8955078125 154.5957489013671875 152.3414459228515625 151.374267578125 151.27239990234375 151.247100830078125 151.3765106201171875 -9999 -9999
-9999 142.0018768310546875 141.9662933349609375 142.0224609375 141.88177490234375 141.8661041259765625 141.84417724609375 141.8481903076171875 141.7920379638671875 141.729705810546875 141.703643798828125 141.583831787109375 141.0670318603515625 141.16845703125 141.4372406005859375 141.459259033203125 141.2061767578125 140.9285125732421875 140.8421783447265625 140.8271942138671875 140.8278961181640625 140.6909332275390625 140.7357025146484375 140.921356201171875 140.71978759765625 140.685302734375 140.7832183837890625 141.0345611572265625 141.323333740234375 141.76715087890625 142.526641845703125 143.9435577392578125 146.329986572265625 146.0172271728515625 149.2317047119140625 152.926513671875 154.5264129638671875 154.413726806640625 154.108795166015625 152.0302581787109375 151.40447998046875 151.3123779296875 151.3321533203125 -9999 -9999 -9999
-9999 142.0433349609375 142.00164794921875 141.949127197265625 141.8985137939453125 141.8900146484375 141.873443603515625 -9999 141.8240509033203125 141.78338623046875 141.753082275390625 141.6789398193359375 141.58636474609375 141.0269927978515625 140.975921630859375 141.0364837646484375 140.866180419921875 141.0438995361328125 141.4633941650390625 141.3569183349609375 141.3402252197265625 141.2294769287109375 140.5467681884765625 140.5581512451171875 140.416107177734375 140.396270751953125 140.4194488525390625 140.82958984375 141.4368743896484375 141.78173828125 142.3594512939453125 144.15985107421875 147.5361175537109375 148.18743896484375 151.786376953125 154.0391845703125 154.1905517578125 153.986480712890625 153.769073486328125 152.6190032958984375 151.8935699462890625 -9999 -9999 -9999 -9999 -9999
-9999 -9999 -9999 -9999 -9999 -9999 -9999 -9999 141.83892822265625 141.8283233642578125 141.8086700439453125 141.8327484130859375 141.8218841552734375 141.735595703125 141.2308502197265625 141.2647857666015625 141.2892303466796875 141.5733795166015625 141.6269378662109375 141.49554443359375 141.35443115234375 141.203704833984375 141.0182952880859375 140.7513275146484375 141.1578369140625 140.9346923828125 140.3387451171875 140.62255859375 141.2973175048828125 141.573455810546875 142.2187957763671875 143.8588409423828125 146.1823577880859375 149.356964111328125 151.9123687744140625 153.3014984130859375 153.6339569091796875 153.5547332763671875 153.2705535888671875 153.0106964111328125 -9999 -9999 -9999 -9999 -9999 -9999
-9999 -9999 -9999 -9999 -9999 -9999 -9999 -9999 141.85430908203125 141.8337860107421875 141.78460693359375 141.8148193359375 141.8059539794921875 141.8404693603515625 141.791015625 141.553466796875 141.598297119140625 141.68255615234375 141.751068115234375 141.600860595703125 141.3036346435546875 141.2047119140625 141.30450439453125 141.450408935546875 141.3726348876953125 141.1353759765625 140.40899658203125 140.4366302490234375 141.1212615966796875 141.3457183837890625 142.0862579345703125 143.497100830078125 146.1736602783203125 148.87310791015625 150.82501220703125 152.354583740234375 153.2076873779296875 153.1466217041015625 152.8428497314453125 152.6958770751953125 -9999 -9999 -9999 -9999 -9999 -9999
