ValueNro_2398/ValueNro_2398_kuusi.asc
ncols        141
nrows        228
xllcorner    356256.000000000000
yllcorner    6857312.000000000000
cellsize     16.000000000000
NODATA_value -9999
[rows 168 to 209 of 228, columns 0 to 93 of 141]
-9999 -9999 -9999 -9999 -9999 -9999 9 36 43 8 3 4 4 62 65 27 13 15 4 43 39 38 31 13 53 83 65 63 41 10 14 21 38 4 32767 0 2 6 7 25 40 90 114 126 113 11 12 32767 32767 32767 32767 32767 2 18 64 32767 32767 19 81 26 19 18 62 16 35 2 2 2 1 1 0 1 1 5 8 11 33 32767 32767 21 1 0 0 0 1 0 60 13 6 0 0 0 0 6
-9999 -9999 -9999 -9999 -9999 -9999 8 10 33 21 20 38 6 4 5 32 13 11 11 22 9 16 12 66 73 9 3 11 40 10 13 21 19 2 0 1 2 1 29 36 88 120 120 128 16 9 2 32767 32767 32767 32767 32767 32767 30 59 31 32767 32767 38 28 47 13 20 9 27 4 2 2 1 1 0 0 2 2 1 0 33 18 19 32767 1 0 0 0 1 0 1 20 7 0 0 0 0 6
-9999 -9999 -9999 -9999 -9999 -9999 50 80 8 17 25 20 32 2 4 36 30 32 17 14 12 24 88 103 68 1 0 4 26 98 37 25 45 32767 7 2 3 32 27 22 24 22 16 20 87 14 2 32767 32767 32767 32767 32767 32767 2 51 151 32767 32767 4 14 10 25 27 44 7 2 3 4 1 1 0 3 5 5 1 1 0 0 13 32767 2 0 0 0 1 1 0 0 3 0 0 0 0 0
-9999 -9999 -9999 -9999 -9999 -9999 -9999 95 35 7 34 55 8 2 27 33 3 1 1 55 11 37 49 103 12 0 0 6 10 13 68 11 10 7 3 4 7 25 23 22 13 12 35 39 11 23 2 32767 32767 32767 32767 32767 32767 6 15 33 41 32767 32767 40 10 18 19 39 8 14 1 4 2 1 3 3 0 3 7 2 0 0 1 19 10 2 0 0 0 1 1 3 3 1 0 0 0 0
-9999 -9999 -9999 -9999 -9999 -9999 -9999 8 1 31 53 55 117 13 31 35 4 0 1 44 17 26 49 81 56 4 0 5 30 9 12 17 32767 98 26 10 8 6 25 92 108 49 43 60 44 12 13 32767 32767 32767 32767 32767 32767 32767 4 28 143 40 32767 2 15 17 21 25 9 12 8 4 3 1 3 7 2 2 5 3 1 0 3 16 32 7 1 0 2 0 0 3 3 3 1 0 0 0
-9999 -9999 -9999 -9999 -9999 -9999 -9999 -9999 5 24 66 109 120 92 59 28 34 3 23 66 26 4 10 50 84 86 66 63 37 20 40 23 32767 29 61 25 4 5 6 7 34 95 73 119 36 132 32767 32767 32767 32767 32767 32767 32767 32767 5 36 112 156 32767 32767 35 18 13 12 35 29 20 5 2 1 2 8 0 1 4 2 6 5 2 62 32767 50 3 0 2 0 0 0 0 0 0 1 1 0
-9999 -9999 -9999 -9999 -9999 -9999 -9999 -9999 -9999 1 32 62 70 178 127 190 13 23 13 61 25 21 5 25 22 23 208 53 58 19 41 27 12 66 22 14 13 2 3 11 76 44 63 63 73 32767 32767 8 32767 32767 32767 32767 32767 32767 5 30 74 100 21 32767 0 164 20 22 29 18 20 5 2 1 3 7 2 2 5 6 6 0 0 62 32767 53 3 1 0 0 0 0 0 0 1 0 1 0
-9999 -9999 -9999 -9999 -9999 -9999 -9999 -9999 -9999 -9999 1 30 228 252 221 126 102 101 109 16 3 26 20 24 13 14 43 56 49 78 32 32767 16 26 13 3 6 2 2 3 74 32 75 24 30 32767 32767 1 0 32767 32767 32767 32767 32767 28 47 61 33 140 32767 32767 42 33 22 33 18 35 8 4 0 0 1 7 9 1 0 0 0 1 29 32767 24 29 2 1 5 0 1 0 0 1 1 1 1
-9999 -9999 -9999 -9999 -9999 -9999 -9999 -9999 -9999 -9999 7 21 150 228 183 168 33 38 168 26 23 19 27 10 25 12 52 102 188 38 32767 7 80 66 42 66 4 0 0 8 72 104 38 42 41 29 32767 32767 32767 32767 32767 32767 32767 32767 32767 39 46 61 101 35 32767 32767 46 10 32 15 36 8 0 1 1 6 10 0 0 0 1 1 1 25 62 54 26 20 1 28 2 6 5 0 0 0 1 3
-9999 -9999 -9999 -9999 -9999 -9999 -9999 -9999 21 27 151 69 113 205 259 170 130 37 98 12 26 20 26 14 26 15 18 86 46 22 11 68 13 28 21 12 2 1 3 12 13 129 21 43 37 109 32767 32767 32767 32767 32767 32767 32767 32767 32767 30 134 83 50 34 32767 32767 40 42 36 18 32 29 42 35 25 5 0 0 0 1 1 1 3 37 76 32767 53 42 1 0 6 11 3 0 0 0 0 0
-9999 -9999 -9999 -9999 -9999 -9999 -9999 -9999 53 112 76 41 60 45 71 45 40 57 106 19 11 19 9 12 15 16 11 56 19 32767 68 19 28 2 17 37 0 2 31 50 88 87 18 26 30 82 31 32767 32767 32767 32767 32767 32767 32767 32767 24 58 34 73 123 46 32767 32767 122 19 41 93 112 117 55 61 42 0 0 1 0 1 3 52 53 65 100 32767 58 38 40 36 2 2 0 0 0 0 3
-9999 -9999 -9999 -9999 -9999 -9999 -9999 -9999 15 17 76 27 12 89 3 40 176 192 141 31 29 11 3 19 18 35 24 1 32767 5 13 6 43 0 1 3 5 10 18 25 74 48 6 16 32 64 150 7 32767 32767 32767 32767 32767 32767 32767 32767 27 16 56 89 192 2 32767 0 74 37 117 103 70 84 62 58 0 1 0 1 3 30 52 60 46 56 101 32767 100 70 31 1 3 0 0 0 0 5
-9999 -9999 -9999 -9999 -9999 -9999 -9999 -9999 4 3 1 3 4 32767 6 12 28 62 91 31 34 4 35 40 38 3 1 32767 0 10 5 5 8 2 0 0 1 33 29 15 40 81 37 7 57 34 88 23 32767 32767 32767 32767 32767 32767 32767 32767 32767 3 11 34 28 101 32767 32767 45 13 11 20 38 78 63 16 1 0 0 0 14 39 55 48 55 53 33 115 138 66 29 1 0 0 0 1 0 0
-9999 -9999 -9999 -9999 -9999 -9999 -9999 -9999 131 0 32767 32767 32767 32767 32767 32767 0 7 3 20 23 50 3 4 32767 32767 1 2 0 11 39 2 3 26 5 8 28 33 64 18 24 57 70 61 55 60 74 54 159 101 32767 32767 32767 32767 32767 32767 32767 28 15 35 63 120 93 32767 5 4 11 11 0 8 26 36 1 1 0 1 5 40 71 55 72 81 50 106 109 32767 39 0 0 0 1 1 0 0
-9999 -9999 -9999 -9999 -9999 -9999 -9999 -9999 32767 139 33 5 6 2 7 1 9 32767 32767 0 0 0 32767 32767 2 7 9 11 0 1 2 3 7 42 141 4 86 66 8 29 15 19 67 68 54 60 49 72 57 176 193 161 87 32 48 32767 32767 32767 93 73 54 74 133 32767 32767 6 9 0 0 0 11 32 1 1 1 0 4 73 60 144 145 116 122 118 58 14 25 1 2 0 2 1 0 0
-9999 -9999 -9999 -9999 -9999 -9999 -9999 -9999 22 133 81 56 30 5 34 2 0 0 0 0 0 2 11 45 50 28 10 1 5 11 15 9 59 33 12 79 103 145 15 56 9 19 53 42 36 57 36 18 67 81 112 109 55 29 70 75 107 37 102 242 169 110 217 16 32767 32767 2 8 1 2 0 8 35 1 1 13 38 76 143 145 128 152 124 140 54 10 37 26 28 2 3 2 0 0
-9999 -9999 -9999 -9999 -9999 -9999 -9999 -9999 -9999 -9999 174 161 127 39 6 17 1 0 0 6 5 33 31 25 6 4 3 8 28 38 64 6 4 25 39 90 175 176 127 10 4 14 17 16 32 21 31 16 70 57 89 43 15 17 20 24 116 69 63 183 203 108 310 123 47 32767 10 14 1 2 4 0 25 39 32 50 95 136 144 145 144 162 138 86 55 15 32767 129 76 61 1 5 0 0
-9999 -9999 -9999 -9999 -9999 -9999 -9999 -9999 -9999 -9999 176 159 166 76 31 6 17 3 26 6 6 4 1 1 2 6 3 5 5 6 5 1 1 20 89 107 256 342 254 114 84 76 65 15 41 26 41 32 53 71 66 53 19 50 22 20 26 22 36 43 262 205 204 247 190 32767 32767 11 0 1 0 2 5 35 65 116 114 132 147 142 143 148 143 70 88 80 85 152 32767 71 59 1 1 3
-9999 -9999 -9999 -9999 -9999 -9999 -9999 -9999 73 155 124 122 147 115 77 27 28 27 39 28 2 2 5 4 2 3 3 5 1 0 1 0 15 46 236 217 253 247 257 295 236 93 52 12 25 26 44 43 39 82 84 14 9 9 25 42 17 33 25 12 94 274 244 248 297 2 32767 5 0 0 0 2 2 51 113 127 164 130 131 145 100 145 129 106 94 89 37 21 122 91 72 38 33 47
-9999 -9999 -9999 -9999 -9999 -9999 -9999 -9999 39 56 82 98 62 89 42 34 25 32 2 1 1 0 2 0 0 0 0 1 1 2 2 29 31 129 244 287 239 233 235 243 234 150 202 60 15 38 15 11 20 62 27 40 27 2 18 10 34 22 7 127 16 86 258 242 259 175 32767 32767 16 12 0 0 0 4 23 147 147 153 171 181 148 62 114 97 120 50 51 25 79 135 64 52 43 42
-9999 -9999 -9999 -9999 -9999 -9999 -9999 32767 39 61 54 73 61 39 38 40 28 2 7 4 2 0 0 0 0 0 0 0 6 1 3 11 24 84 194 206 158 207 241 315 204 120 100 96 11 10 17 10 97 1 3 2 3 2 0 21 126 130 22 2 125 18 263 294 156 198 73 32767 8 9 3 0 0 1 2 147 58 119 129 176 179 92 127 134 106 7 14 11 10 32767 66 65 88 107
-9999 -9999 -9999 -9999 -9999 -9999 -9999 32767 22 82 56 64 39 52 38 29 11 7 5 0 0 0 0 0 0 1 1 4 3 34 36 70 51 71 182 259 207 210 156 106 198 97 112 91 67 148 50 17 34 37 11 25 5 5 4 5 41 2 4 2 136 21 161 216 274 150 195 32767 32767 7 3 0 0 0 84 159 105 363 255 263 179 67 75 121 93 116 18 14 37 150 32767 32767 32767 32767
-9999 -9999 -9999 -9999 -9999 -9999 27 32767 25 92 51 42 24 39 17 2 29 11 1 6 6 0 0 0 0 1 2 30 25 41 10 32 103 169 116 138 163 143 140 113 139 163 280 98 148 175 143 71 39 196 38 100 9 3 3 5 7 27 4 7 96 7 78 98 230 138 217 45 32767 0 26 0 4 3 237 267 249 204 248 265 317 126 128 145 166 126 83 54 111 57 67 42 31 28
-9999 -9999 -9999 -9999 -9999 24 66 32767 34 105 17 21 35 55 25 0 30 29 4 14 11 0 2 3 5 60 44 40 34 13 10 98 73 115 149 196 190 101 102 150 64 78 59 64 89 108 106 92 211 218 210 148 70 36 10 31 8 24 5 0 1 114 32 119 239 192 100 193 32767 32767 8 3 5 14 271 255 233 164 120 145 270 173 123 156 131 72 39 75 68 62 30 25 1 2
-9999 -9999 -9999 -9999 -9999 42 60 32767 32 54 18 20 28 55 3 0 0 67 53 66 29 2 1 34 15 26 32 14 31 31 57 25 78 169 127 211 211 284 114 160 75 56 38 74 78 97 92 178 204 154 167 150 148 85 12 13 35 26 6 2 0 113 18 162 289 333 178 176 32767 32767 6 12 11 85 210 106 168 129 137 93 123 126 165 158 149 103 80 68 55 60 29 25 30 43
-9999 -9999 -9999 -9999 9 22 12 32767 22 33 71 17 92 56 3 1 40 40 74 63 74 9 104 23 12 15 25 24 25 22 62 65 103 173 185 176 255 178 56 45 30 42 55 44 67 85 83 205 307 147 223 232 221 174 93 14 93 4 59 26 4 12 29 212 256 325 264 162 199 32767 32767 10 4 8 85 113 131 127 195 173 109 -9999 -9999 -9999 132 156 128 71 37 43 28 22 0 32
-9999 -9999 -9999 -9999 10 12 7 32767 28 63 51 57 94 66 30 1 26 38 67 51 69 7 3 95 115 116 16 26 26 12 21 24 70 267 167 181 141 77 72 43 64 43 18 47 47 81 206 257 145 231 158 171 226 202 83 67 13 97 38 62 58 15 10 108 216 314 254 253 112 32767 32767 4 4 -9999 -9999 -9999 -9999 -9999 -9999 -9999 -9999 -9999 -9999 -9999 -9999 -9999 -9999 -9999 32 -9999 -9999 -9999 0 0
-9999 -9999 -9999 13 7 23 32767 7 56 35 73 96 138 64 36 5 26 56 39 67 47 0 80 3 23 111 127 20 19 14 15 25 158 273 264 170 139 175 169 63 38 52 51 44 5 71 217 254 212 196 86 247 121 164 219 74 12 10 90 26 30 31 6 139 227 240 149 274 176 47 32767 8 -9999 -9999 -9999 -9999 -9999 -9999 -9999 -9999 -9999 -9999 -9999 -9999 -9999 -9999 -9999 -9999 -9999 -9999 -9999 -9999 0 0
-9999 -9999 -9999 29 96 32767 27 20 2 3 19 22 19 28 20 5 24 62 21 14 1 102 17 37 30 27 122 25 13 11 12 51 217 260 254 189 141 101 143 64 72 66 57 22 24 77 78 84 169 129 198 170 147 202 175 199 81 40 13 101 28 29 11 169 249 213 135 143 108 184 32767 -9999 -9999 -9999 -9999 -9999 -9999 -9999 -9999 -9999 -9999 -9999 -9999 -9999 -9999 -9999 -9999 -9999 -9999 -9999 -9999 -9999 -9999 0
-9999 -9999 -9999 -9999 24 68 48 51 19 0 37 20 14 23 23 19 50 52 70 3 0 2 37 24 86 18 24 8 94 153 20 49 188 273 223 205 253 114 117 80 133 76 85 37 20 66 76 86 186 121 143 182 172 186 157 255 180 84 69 12 23 26 10 45 233 147 99 234 278 151 -9999 -9999 -9999 -9999 -9999 -9999 -9999 -9999 -9999 -9999 -9999 -9999 -9999 -9999 -9999 -9999 -9999 -9999 -9999 -9999 -9999 -9999 -9999 1
-9999 -9999 -9999 -9999 34 43 45 46 4 0 48 29 35 17 39 61 78 60 33 4 39 6 2 23 116 99 11 12 13 19 16 71 90 187 269 257 137 146 138 105 137 75 67 77 70 85 74 190 157 127 121 127 104 117 180 193 197 237 91 8 188 85 143 7 117 186 75 84 68 -9999 -9999 -9999 -9999 -9999 -9999 -9999 -9999 -9999 -9999 -9999 -9999 -9999 -9999 -9999 -9999 -9999 -9999 -9999 -9999 -9999 -9999 -9999 -9999 -9999
-9999 -9999 -9999 -9999 26 10 9 14 16 12 49 63 42 39 51 13 -9999 -9999 -9999 30 20 1 0 14 21 11 17 19 29 29 30 29 98 214 239 214 102 156 117 136 146 150 82 69 89 54 65 85 116 97 86 184 183 213 130 241 252 264 148 122 11 29 13 19 123 131 76 35 51 -9999 -9999 -9999 -9999 -9999 -9999 -9999 -9999 -9999 -9999 -9999 -9999 -9999 -9999 -9999 -9999 -9999 -9999 -9999 -9999 -9999 -9999 -9999 -9999 -9999
-9999 -9999 -9999 -9999 38 56 4 28 7 58 69 51 34 37 78 20 -9999 -9999 -9999 -9999 3 2 0 7 8 16 41 55 16 12 74 50 73 127 188 151 115 99 152 157 161 115 110 86 85 78 98 137 148 94 80 233 213 128 99 228 213 184 119 98 57 113 36 46 95 91 32767 32767 32767 12 -9999 -9999 -9999 -9999 -9999 -9999 -9999 -9999 -9999 -9999 -9999 -9999 -9999 -9999 -9999 -9999 -9999 -9999 -9999 -9999 -9999 -9999 -9999 -9999
-9999 -9999 -9999 -9999 -9999 -9999 -9999 48 54 54 45 37 75 8 -9999 -9999 -9999 -9999 -9999 -9999 3 3 0 0 11 13 14 154 2 6 15 67 62 106 90 140 178 214 227 236 214 222 119 103 84 88 76 66 52 44 73 83 92 61 92 118 103 117 111 115 91 62 9 32767 32767 97 166 56 68 32767 -9999 -9999 -9999 -9999 -9999 -9999 -9999 -9999 -9999 -9999 -9999 -9999 -9999 -9999 -9999 -9999 -9999 -9999 -9999 -9999 -9999 -9999 -9999 -9999
-9999 -9999 -9999 -9999 -9999 -9999 -9999 -9999 59 92 50 74 37 -9999 -9999 -9999 -9999 -9999 -9999 -9999 3 2 0 0 6 3 2 11 7 0 98 11 67 94 200 211 167 170 158 105 187 181 188 95 98 79 68 71 40 39 85 67 74 46 82 67 108 91 106 112 84 32767 32767 19 29 69 58 30 31 32767 38 36 -9999 -9999 -9999 -9999 -9999 -9999 -9999 -9999 -9999 -9999 -9999 -9999 -9999 -9999 -9999 -9999 -9999 -9999 -9999 -9999 -9999 -9999
-9999 -9999 -9999 -9999 -9999 -9999 -9999 -9999 -9999 95 69 34 -9999 -9999 -9999 -9999 -9999 -9999 -9999 -9999 3 2 1 0 0 0 0 0 0 0 2 14 41 78 81 118 112 100 140 102 94 154 215 221 186 76 66 20 18 52 68 61 49 28 34 50 102 151 141 95 32767 55 79 40 72 135 125 46 31 26 9 55 32767 -9999 -9999 -9999 -9999 -9999 -9999 -9999 -9999 -9999 -9999 -9999 -9999 -9999 -9999 -9999 -9999 -9999 -9999 -9999 -9999 -9999
-9999 -9999 -9999 -9999 -9999 -9999 -9999 -9999 -9999 -9999 -9999 -9999 -9999 -9999 -9999 -9999 -9999 -9999 -9999 -9999 25 22 1 1 0 0 0 0 0 0 8 25 75 37 47 61 63 167 151 107 177 181 186 189 184 34 20 18 17 55 76 76 51 43 53 14 74 150 32767 185 280 280 52 10 49 139 82 97 213 2 32767 156 32767 -9999 -9999 -9999 -9999 -9999 -9999 -9999 -9999 -9999 -9999 -9999 -9999 -9999 -9999 -9999 -9999 -9999 -9999 -9999 -9999 -9999
-9999 -9999 -9999 -9999 -9999 -9999 -9999 -9999 -9999 -9999 -9999 -9999 -9999 -9999 -9999 -9999 -9999 -9999 -9999 -9999 24 19 1 0 0 0 0 0 0 0 0 2 43 75 17 13 7 39 65 111 110 155 180 187 101 18 71 21 19 37 51 28 51 32 23 25 63 32767 139 143 131 223 47 16 47 98 94 58 82 84 32767 131 32767 32767 -9999 -9999 -9999 -9999 -9999 -9999 -9999 -9999 -9999 -9999 -9999 -9999 -9999 -9999 -9999 -9999 -9999 -9999 -9999 -9999
-9999 -9999 -9999 -9999 -9999 -9999 -9999 -9999 -9999 -9999 -9999 -9999 -9999 -9999 -9999 -9999 -9999 -9999 -9999 -9999 16 23 2 1 0 0 0 0 0 0 0 0 1 3 100 19 62 73 89 127 149 173 225 185 135 39 61 50 31 44 58 36 30 23 21 32767 253 109 137 124 110 135 57 34 45 96 180 160 162 180 36 17 32767 32767 -9999 -9999 -9999 -9999 -9999 -9999 -9999 -9999 -9999 -9999 -9999 -9999 -9999 -9999 -9999 -9999 -9999 -9999 -9999 -9999
-9999 -9999 -9999 -9999 -9999 -9999 -9999 -9999 -9999 -9999 -9999 -9999 -9999 -9999 -9999 -9999 -9999 -9999 -9999 -9999 21 2 1 0 4 0 2 0 0 0 0 0 0 4 10 24 49 109 15 63 57 58 42 108 139 17 32 76 47 75 40 62 63 32767 69 155 183 211 142 125 105 121 114 99 43 86 180 180 226 100 102 32767 74 32767 -9999 -9999 -9999 -9999 -9999 -9999 -9999 -9999 -9999 -9999 -9999 -9999 -9999 -9999 -9999 -9999 -9999 -9999 -9999 -9999
-9999 -9999 -9999 -9999 -9999 -9999 -9999 -9999 -9999 -9999 -9999 -9999 -9999 -9999 -9999 -9999 -9999 -9999 -9999 -9999 2 1 0 5 5 4 0 0 0 1 0 0 3 1 7 27 101 30 33 47 31 29 95 155 160 30 43 14 50 49 73 19 32767 131 122 163 136 213 169 149 149 180 223 83 47 99 -9999 172 155 149 180 119 62 32767 6 -9999 -9999 -9999 -9999 -9999 -9999 -9999 -9999 -9999 -9999 -9999 -9999 -9999 -9999 -9999 -9999 -9999 -9999 -9999
-9999 -9999 -9999 -9999 -9999 -9999 -9999 -9999 -9999 -9999 -9999 -9999 -9999 -9999 -9999 -9999 -9999 -9999 -9999 -9999 -9999 -9999 0 4 4 1 0 0 0 1 0 0 0 0 2 46 44 49 66 6 45 69 188 189 202 71 17 18 9 39 32767 6 63 114 122 126 167 154 126 167 174 263 260 230 62 53 -9999 -9999 -9999 -9999 -9999 -9999 -9999 32767 7 -9999 -9999 -9999 -9999 -9999 -9999 -9999 -9999 -9999 -9999 -9999 -9999 -9999 -9999 -9999 -9999 -9999 -9999 -9999
