ValueNro_2398/ValueNro_2398_slope_16m.asc
ncols        141
nrows        228
xllcorner    356256.000000000000
yllcorner    6857312.000000000000
cellsize     16.000000000000
NODATA_value  -9999
[rows 114 to 132 of 228, columns 44 to 87 of 141]
3.9122745990753173828 5.5877590179443359375 4.9010882377624511719 3.1292908191680908203 2.0028705596923828125 1.2644107341766357422 0.65509361028671264648 0.32460421323776245117 0.78418838977813720703 0.34428545832633972168 0.27729040384292602539 0.23500287532806396484 0.16517908871173858643 0.24752464890480041504 0.37900111079216003418 0.47801169753074645996 0.45817133784294128418 0.38466671109199523926 0.30435571074485778809 0.27926748991012573242 0.18609742820262908936 0.14058917760848999023 0.22183635830879211426 0.28067451715469360352 0.23031651973724365234 0.19233590364456176758 0.29413965344429016113 0.39763665199279785156 0.76339679956436157227 1.7228655815124511719 2.6907293796539306641 2.6048846244812011719 1.7048183679580688477 1.1853541135787963867 0.77978730201721191406 0.51615512371063232422 1.0886007547378540039 2.0662829875946044922 2.8079612255096435547 2.8769869804382324219 1.9621251821517944336 2.0951521396636962891 6.06560516357421875 6.7739667892456054688
3.7712278366088867188 5.2087321281433105469 5.3076281547546386719 3.8608796596527099609 2.2410259246826171875 1.5245229005813598633 0.81158286333084106445 0.24165000021457672119 0.74730592966079711914 0.45095562934875488281 0.34365311264991760254 0.24419395625591278076 0.15743288397789001465 0.20528009533882141113 0.39528334140777587891 0.58782875537872314453 0.48920992016792297363 0.35983005166053771973 0.31540399789810180664 0.15552006661891937256 0.013062424957752227783 0.094725497066974639893 0.21267324686050415039 0.30460065603256225586 0.23195920884609222412 0.11553547531366348267 0.15868066251277923584 0.26516634225845336914 0.53243362903594970703 1.4840680360794067383 3.0219757556915283203 3.1491506099700927734 1.8092596530914306641 1.2024053335189819336 0.81719392538070678711 0.12174017727375030518 1.1467519998550415039 1.8757393360137939453 1.7473292350769042969 1.5347294807434082031 3.5785195827484130859 4.7609148025512695312 4.6685438156127929688 4.2177495956420898438
3.4149210453033447266 4.9215745925903320312 5.76711273193359375 4.7597064971923828125 2.7405722141265869141 1.8930076360702514648 1.0782324075698852539 0.1204603537917137146 0.72088736295700073242 0.56170809268951416016 0.3793945014476776123 0.2571480870246887207 0.17106433212757110596 0.18967260420322418213 0.36074325442314147949 0.6200529932975769043 0.55187660455703735352 0.3426112830638885498 0.27883243560791015625 0.096608139574527740479 0.089714474976062774658 0.090752772986888885498 0.18231113255023956299 0.30272626876831054688 0.27395409345626831055 0.17261856794357299805 0.16484627127647399902 0.1480312049388885498 0.2692547142505645752 1.0362999439239501953 2.8785605430603027344 3.6164219379425048828 2.269683837890625 1.4565536975860595703 0.8621724247932434082 1.0084861516952514648 1.9918754100799560547 1.2241240739822387695 1.1668174266815185547 3.6902117729187011719 5.2702226638793945312 3.8118414878845214844 2.4185299873352050781 2.6033132076263427734
2.6556673049926757812 4.2655749320983886719 5.801692962646484375 5.500141143798828125 3.3410046100616455078 2.2416298389434814453 1.485158085823059082 0.13981714844703674316 0.66460186243057250977 0.66331571340560913086 0.42386484146118164062 0.26889395713806152344 0.18495008349418640137 0.18627525866031646729 0.30284667015075683594 0.59718233346939086914 0.65737122297286987305 0.46212184429168701172 0.35926282405853271484 0.18209442496299743652 0.10872659832239151001 0.090942420065402984619 0.13260023295879364014 0.26215308904647827148 0.32575428485870361328 0.32413679361343383789 0.28421542048454284668 0.23160834610462188721 0.23162408173084259033 0.63182824850082397461 2.3306291103363037109 3.7617249488830566406 2.9392268657684326172 1.9432051181793212891 1.1986676454544067383 1.578556060791015625 2.0136864185333251953 0.76494467258453369141 2.9592785835266113281 4.5997228622436523438 4.0571103096008300781 2.2052342891693115234 2.0544331073760986328 3.2816495895385742188
1.9553393125534057617 3.54116058349609375 5.4782619476318359375 5.9840683937072753906 4.0017447471618652344 2.5469574928283691406 1.9824281930923461914 0.58376514911651611328 0.50442349910736083984 0.73726886510848999023 0.49380213022232055664 0.29465860128402709961 0.19471505284309387207 0.16558285057544708252 0.246931418776512146 0.49163758754730224609 0.64677906036376953125 0.59465080499649047852 0.50433737039566040039 0.33257517218589782715 0.25884583592414855957 0.27045348286628723145 0.3031768500804901123 0.3671512901782989502 0.41962769627571105957 0.44485712051391601562 0.47058960795402526855 0.50427222251892089844 0.4869550168514251709 0.53304517269134521484 1.6133871078491210938 3.2270081043243408203 3.4153242111206054688 2.6579990386962890625 1.6727709770202636719 1.7188642024993896484 1.776572108268737793 1.3207074403762817383 3.5254261493682861328 4.8036255836486816406 3.7781527042388916016 2.2794115543365478516 2.6134858131408691406 4.2780437469482421875
1.5379252433776855469 3.0093944072723388672 5.0823893547058105469 6.0693297386169433594 4.5826320648193359375 2.96337890625 2.4580898284912109375 1.191776275634765625 0.2139320671558380127 0.77640694379806518555 0.5607687830924987793 0.30524593591690063477 0.19933106005191802979 0.13629904389381408691 0.18726196885108947754 0.36495280265808105469 0.54887372255325317383 0.69998884201049804688 0.78307342529296875 0.79181182384490966797 0.68093079328536987305 0.5336939692497253418 0.45516645908355712891 0.44762915372848510742 0.49681740999221801758 0.58186972141265869141 0.66980201005935668945 0.68911331892013549805 0.587085723876953125 0.57695752382278442383 1.0503778457641601562 2.0784070491790771484 2.9789843559265136719 3.1461098194122314453 2.689990997314453125 2.514698028564453125 1.8828967809677124023 1.4842809438705444336 3.1205010414123535156 4.5270242691040039062 4.6914782524108886719 4.2259817123413085938 4.1625876426696777344 4.877941131591796875
1.1427569389343261719 2.4335417747497558594 4.6800580024719238281 5.6817345619201660156 4.837261199951171875 3.4687957763671875 2.8064191341400146484 1.8288209438323974609 0.23677095770835876465 0.75403141975402832031 0.6350682377815246582 0.30276224017143249512 0.19253700971603393555 0.12598192691802978516 0.12178615480661392212 0.19113785028457641602 0.27004715800285339355 0.40826937556266784668 0.53105729818344116211 0.63323384523391723633 0.64038234949111938477 0.57901644706726074219 0.50397795438766479492 0.43547666072845458984 0.53725612163543701172 0.67338770627975463867 0.68830245733261108398 0.57045406103134155273 0.57277715206146240234 0.72665947675704956055 0.85025548934936523438 1.1811261177062988281 1.8025780916213989258 2.5332596302032470703 2.6502521038055419922 2.1590926647186279297 1.1476321220397949219 0.97462630271911621094 2.0081419944763183594 2.9801523685455322266 3.9123404026031494141 4.7743072509765625 5.3694481849670410156 5.2099604606628417969
1.0564860105514526367 1.9534208774566650391 4.1913776397705078125 5.0993885993957519531 4.7415928840637207031 4.0158815383911132812 3.1995427608489990234 2.3533589839935302734 0.7868671417236328125 0.58849996328353881836 0.71778547763824462891 0.33753323554992675781 0.19552616775035858154 0.14021274447441101074 0.13447244465351104736 0.12265578657388687134 0.11480215936899185181 0.14334380626678466797 0.12361594289541244507 0.17762918770313262939 0.26461556553840637207 0.33816382288932800293 0.44075301289558410645 0.53174328804016113281 0.67468237876892089844 0.64832425117492675781 0.49130839109420776367 0.49358397722244262695 0.83616906404495239258 0.7293656468391418457 0.64942491054534912109 0.88936811685562133789 1.0403501987457275391 1.2632100582122802734 1.2147177457809448242 0.87967759370803833008 0.74469333887100219727 1.2085951566696166992 1.4005777835845947266 1.5911878347396850586 2.6805598735809326172 4.3421497344970703125 5.7480368614196777344 5.5121297836303710938
1.3032524585723876953 1.8794240951538085938 3.7411625385284423828 4.3697724342346191406 4.2450151443481445312 4.4798078536987304688 3.8766887187957763672 2.7359335422515869141 1.3382127285003662109 0.19474723935127258301 0.76731675863265991211 0.42991977930068969727 0.21664310991764068604 0.16773836314678192139 0.18217606842517852783 0.14104576408863067627 0.17326909303665161133 0.22626946866512298584 0.19617007672786712646 0.1664234548807144165 0.16058234870433807373 0.18531513214111328125 0.2909495234489440918 0.51786243915557861328 0.61997854709625244141 0.402019500732421875 0.37450739741325378418 0.69911998510360717773 1.0846142768859863281 0.54070323705673217773 0.32970440387725830078 0.80987399816513061523 0.8606993556022644043 0.80047345161437988281 0.74183166027069091797 0.71767139434814453125 0.85525757074356079102 1.4434473514556884766 1.5087008476257324219 1.3869689702987670898 1.8785470724105834961 3.3902463912963867188 5.7474184036254882812 6.5714101791381835938
1.3150022029876708984 2.1131145954132080078 3.6736910343170166016 3.4716465473175048828 3.2059657573699951172 4.506000518798828125 4.8107652664184570312 3.2984707355499267578 1.8048546314239501953 0.42182880640029907227 0.67703896760940551758 0.55763489007949829102 0.23841401934623718262 0.17361998558044433594 0.18173751235008239746 0.13521765172481536865 0.13361662626266479492 0.1706021726131439209 0.18480356037616729736 0.17967787384986877441 0.20480684936046600342 0.25155720114707946777 0.33433878421783447266 0.47027805447578430176 0.33001747727394104004 0.35097017884254455566 0.46514502167701721191 0.66961723566055297852 1.1489766836166381836 0.47807079553604125977 0.16788837313652038574 0.77327936887741088867 0.83813834190368652344 0.75673389434814453125 0.72794926166534423828 0.69950562715530395508 0.75653100013732910156 1.2873477935791015625 1.8036134243011474609 1.9906058311462402344 2.0412919521331787109 2.7699005603790283203 6.0369462966918945312 9.25244903564453125
1.2567538022994995117 2.2765953540802001953 3.8024344444274902344 2.9713206291198730469 2.0088388919830322266 3.6912720203399658203 5.0659093856811523438 3.867427825927734375 2.3150599002838134766 1.0636467933654785156 0.37085664272308349609 0.70736080408096313477 0.27539727091789245605 0.17771746218204498291 0.1653073430061340332 0.11956547945737838745 0.082798399031162261963 0.10490237921476364136 0.16491116583347320557 0.21454733610153198242 0.24152962863445281982 0.28919434547424316406 0.41385993361473083496 0.44407537579536437988 0.20188796520233154297 0.47473573684692382812 0.48267015814781188965 0.56367218494415283203 1.0530885457992553711 0.62667936086654663086 0.17499466240406036377 0.61600387096405029297 0.73636633157730102539 0.70735114812850952148 0.77476727962493896484 0.81385976076126098633 0.65696245431900024414 0.7319291234016418457 1.2599470615386962891 1.7025510072708129883 1.9437104463577270508 2.5286471843719482422 6.1935210227966308594 11.822946548461914062
1.4900281429290771484 2.1007037162780761719 3.676425933837890625 3.1475989818572998047 1.7961280345916748047 3.0259199142456054688 4.3762903213500976562 3.7823686599731445312 2.6061656475067138672 1.6042678356170654297 0.098731659352779388428 0.79420751333236694336 0.36649987101554870605 0.16328832507133483887 0.12702330946922302246 0.13143980503082275391 0.14303354918956756592 0.15579225122928619385 0.19102428853511810303 0.19032573699951171875 0.21755039691925048828 0.33138757944107055664 0.45724636316299438477 0.31712752580642700195 0.25067287683486938477 0.47375574707984924316 0.46789258718490600586 0.48776048421859741211 0.91928642988204956055 0.88497215509414672852 0.41657748818397521973 0.42343002557754516602 0.4127928316593170166 0.47488301992416381836 0.69275212287902832031 0.89815282821655273438 0.86137461662292480469 0.18991999328136444092 0.6473172307014465332 0.81321156024932861328 1.1474121809005737305 1.8718689680099487305 5.4449791908264160156 12.664620399475097656
2.1029524803161621094 2.0626590251922607422 3.2531225681304931641 3.4431746006011962891 2.5012106895446777344 2.8834960460662841797 3.5392346382141113281 3.4247713088989257812 2.5386817455291748047 1.8792461156845092773 0.6470476984977722168 0.68904078006744384766 0.54928892850875854492 0.17059145867824554443 0.093077115714550018311 0.11017850786447525024 0.14965094625949859619 0.16499583423137664795 0.16692008078098297119 0.20865964889526367188 0.27455705404281616211 0.36792045831680297852 0.34256929159164428711 0.11877202987670898438 0.3910141289234161377 0.47923097014427185059 0.35697686672210693359 0.36633896827697753906 0.84848344326019287109 1.2907956838607788086 0.75226813554763793945 0.35262399911880493164 0.056950934231281280518 0.37479957938194274902 0.71107220649719238281 0.99911510944366455078 1.42020416259765625 0.35575661063194274902 0.89861261844635009766 0.34976416826248168945 0.33997237682342529297 0.84339123964309692383 3.8884911537170410156 11.618280410766601562
2.8112077713012695312 2.3887188434600830078 2.9284713268280029297 3.4412300586700439453 2.8891260623931884766 2.5745065212249755859 3.1623106002807617188 3.2303941249847412109 2.2578358650207519531 1.7971007823944091797 1.1098124980926513672 0.27262577414512634277 0.71727758646011352539 0.34203884005546569824 0.13743107020854949951 0.10159069299697875977 0.13447353243827819824 0.13911688327789306641 0.17181771993637084961 0.28198003768920898438 0.32997372746467590332 0.29822736978530883789 0.030032340437173843384 0.34630686044692993164 0.45672941207885742188 0.42188677191734313965 0.25197741389274597168 0.17247937619686126709 0.62410247325897216797 1.4858688116073608398 1.0542504787445068359 0.034274667501449584961 0.36781916022300720215 0.64370524883270263672 0.75832992792129516602 0.87397289276123046875 1.7056328058242797852 0.88276791572570800781 0.85328114032745361328 0.41515108942985534668 0.13774216175079345703 0.20873887836933135986 1.9901326894760131836 8.5931329727172851562
3.1859636306762695312 3.1214377880096435547 2.9864227771759033203 3.1592803001403808594 2.7277529239654541016 2.6786849498748779297 3.5091211795806884766 3.2024884223937988281 1.9459309577941894531 1.4663498401641845703 1.2764972448348999023 0.34578263759613037109 0.59192711114883422852 0.61815857887268066406 0.30264744162559509277 0.13629052042961120605 0.12333477288484573364 0.1522846519947052002 0.22620035707950592041 0.26025742292404174805 0.22416798770427703857 0.075737923383712768555 0.33270806074142456055 0.48216354846954345703 0.40553033351898193359 0.40976873040199279785 0.3479684293270111084 0.25325280427932739258 0.34866210818290710449 1.2199140787124633789 1.3466676473617553711 0.53348886966705322266 0.72906094789505004883 0.76842606067657470703 0.56109338998794555664 0.62708109617233276367 1.5582412481307983398 1.194821476936340332 0.49739572405815124512 0.52881288528442382812 0.12460770457983016968 0.043024875223636627197 0.54295426607131958008 4.0796356201171875
3.0376710891723632812 3.9717693328857421875 3.383209228515625 2.9704179763793945312 2.4015836715698242188 2.9180567264556884766 3.9622030258178710938 3.1305694580078125 1.7109992504119873047 1.215435028076171875 1.2007257938385009766 0.78358644247055053711 0.058212421834468841553 0.62424159049987792969 0.47683426737785339355 0.15886248648166656494 0.10992291569709777832 0.18108363449573516846 0.22360685467720031738 0.2043657451868057251 0.12751050293445587158 0.2642593681812286377 0.49617171287536621094 0.44674161076545715332 0.37586054205894470215 0.36497896909713745117 0.23431545495986938477 0.033060330897569656372 0.16391330957412719727 0.76919543743133544922 1.2594829797744750977 0.68423604965209960938 0.76313996315002441406 0.59908634424209594727 0.13077664375305175781 0.62140512466430664062 1.1869595050811767578 1.2716802358627319336 0.32677748799324035645 0.46132352948188781738 0.075041003525257110596 0.046992719173431396484 0.12062323093414306641 1.3884999752044677734
2.3647360801696777344 4.1697754859924316406 3.8888468742370605469 3.5624730587005615234 2.8220014572143554688 3.2350647449493408203 4.0913329124450683594 3.0450901985168457031 1.6774104833602905273 1.1439878940582275391 0.89351886510848999023 0.74498826265335083008 0.57147121429443359375 0.2283286750316619873 0.55217510461807250977 0.25892505049705505371 0.1337283402681350708 0.19483166933059692383 0.17954553663730621338 0.19387389719486236572 0.13136112689971923828 0.42212095856666564941 0.55550467967987060547 0.41585218906402587891 0.29288330674171447754 0.20898428559303283691 0.075456902384757995605 0.10117677599191665649 0.17424832284450531006 0.49633452296257019043 1.0516923666000366211 0.6067683100700378418 0.51841771602630615234 0.27118232846260070801 0.37199047207832336426 0.57761347293853759766 0.73958408832550048828 1.1213712692260742188 0.39223894476890563965 0.23187698423862457275 0.08172833174467086792 0.16928650438785552979 0.11760409176349639893 0.42504593729972839355
1.9250873327255249023 3.8624653816223144531 3.5456442832946777344 3.5763170719146728516 3.3407037258148193359 3.3025326728820800781 3.9448931217193603516 3.2865977287292480469 1.8993378877639770508 1.1359095573425292969 0.51535457372665405273 0.35353291034698486328 0.86054462194442749023 0.58351236581802368164 0.24000510573387145996 0.40409260988235473633 0.25096336007118225098 0.17460605502128601074 0.17548990249633789062 0.19541688263416290283 0.16094930469989776611 0.45399960875511169434 0.58765012025833129883 0.50596189498901367188 0.34559661149978637695 0.17405132949352264404 0.023806422948837280273 0.048259880393743515015 0.094766251742839813232 0.33238437771797180176 0.98358917236328125 0.81326526403427124023 0.29729548096656799316 0.18411710858345031738 0.51122111082077026367 0.35942021012306213379 0.44453158974647521973 0.91826832294464111328 0.48779669404029846191 0.054161697626113891602 0.059229038655757904053 0.23551772534847259521 0.071924410760402679443 0.20261821150779724121
3.1814832687377929688 4.4697418212890625 2.9324495792388916016 2.9717071056365966797 3.4144837856292724609 3.2950434684753417969 4.0532870292663574219 3.8205769062042236328 1.9327096939086914062 0.52926528453826904297 0.63418936729431152344 1.02698516845703125 1.1039606332778930664 1.1140816211700439453 0.52823567390441894531 0.14954638481140136719 0.45851370692253112793 0.46848979592323303223 0.39590102434158325195 0.28608724474906921387 0.24684308469295501709 0.4073766171932220459 0.53787201642990112305 0.59276968240737915039 0.50270241498947143555 0.27851724624633789062 0.038928844034671783447 0.036318860948085784912 0.20230148732662200928 0.23930060863494873047 0.84617263078689575195 1.0088895559310913086 0.25669121742248535156 0.39899244904518127441 0.4501063227653503418 0.22255541384220123291 0.29352807998657226562 0.81752729415893554688 0.61023294925689697266 0.052009489387273788452 0.1307856440544128418 0.085635155439376831055 0.26818171143531799316 0.18083342909812927246
