ValueNro_2398/ValueNro_2398_bm_kuusi_juuret.asc
ncols        141
nrows        228
xllcorner    356256.000000000000
yllcorner    6857312.000000000000
cellsize     16.000000000000
NODATA_value -9999
[rows 156 to 194 of 228, columns 0 to 86 of 141]
-9999 -9999 40 257 445 32767 32767 926 449 805 172 812 212 199 333 265 478 577 664 630 295 279 233 650 589 243 366 340 746 150 54 69 118 111 58 34 35 58 114 32767 32767 32767 32767 32767 32767 32767 32767 32767 32767 32767 0 32767 32767 183 373 449 156 504 459 171 545 84 94 102 109 98 69 67 81 152 721 1007 336 21 41 88 132 0 0 38 123 18 271 947 1014 921 299
-9999 -9999 139 514 533 61 4 332 961 957 764 778 262 453 631 529 332 338 300 295 308 244 682 631 1284 1315 1006 611 281 677 449 138 82 112 117 64 15 32767 177 308 32767 32767 32767 32767 32767 32767 32767 32767 32767 32767 32767 516 901 333 271 578 461 284 279 475 383 163 68 63 69 63 0 0 0 207 172 447 204 6 21 72 5 0 5 6 26 41 269 897 847 772 298
-9999 -9999 264 410 99 68 0 539 1255 1135 242 305 645 677 582 231 202 247 171 337 241 255 313 287 1102 106 22 35 171 755 1366 726 246 115 86 126 77 32767 506 61 325 32767 32767 32767 32767 32767 32767 32767 32767 32767 32767 33 499 475 270 160 166 606 857 307 494 199 74 57 59 56 0 0 0 160 139 736 267 204 0 0 6 7 8 7 4 80 76 482 355 520 205
-9999 -9999 158 221 141 97 115 816 232 238 232 350 942 486 302 261 192 225 344 374 247 250 458 1137 1248 181 44 78 1033 2233 1129 462 228 149 68 36 87 57 234 226 48 32767 32767 32767 32767 32767 32767 32767 32767 32767 32767 32767 540 1058 391 377 693 379 945 730 635 665 160 82 69 61 58 0 0 84 0 181 577 525 24 0 7 7 7 7 6 26 84 288 835 843 635
-9999 -9999 0 0 12 40 87 527 286 314 275 177 303 404 191 191 247 257 223 385 255 525 433 1082 266 290 26 71 192 733 732 112 193 130 84 0 32767 16 305 330 620 60 228 286 32767 32767 32767 32767 32767 32767 63 32767 0 1096 1016 702 854 734 596 268 442 379 653 170 88 77 10 9 0 101 26 910 487 457 114 23 7 7 6 6 6 6 0 399 644 846 698
-9999 -9999 -9999 0 11 91 376 470 509 305 240 240 311 239 284 224 464 480 385 232 267 589 449 262 265 291 395 231 219 720 423 289 66 331 6 5 32767 478 370 682 658 1123 314 529 485 32767 32767 32767 32767 32767 32767 32767 32767 186 1856 1533 683 156 722 554 601 385 95 530 109 71 13 12 13 80 90 932 678 445 348 53 5 7 8 7 5 7 6 76 230 855 731
-9999 -9999 -9999 18 0 100 229 374 288 310 385 241 509 525 246 475 495 404 214 209 445 561 491 428 170 1343 1294 634 537 853 799 916 1086 1115 221 151 32767 550 1157 1104 1092 1093 269 423 283 283 32767 32767 32767 32767 32767 32767 32767 0 1634 745 604 192 602 387 249 336 395 592 90 109 17 13 22 0 3 432 474 355 185 81 28 36 44 46 7 7 5 0 91 576 925
-9999 -9999 -9999 -9999 4 87 466 512 367 413 437 413 519 320 317 481 261 219 306 360 272 330 432 39 39 233 263 706 887 684 413 224 252 407 136 34 320 472 218 416 313 449 495 281 439 342 69 32767 32767 32767 32767 32767 32767 32767 640 1155 871 715 710 230 164 334 353 703 80 115 64 18 18 14 0 488 311 634 477 375 103 4 43 48 46 8 6 5 67 915 752
-9999 -9999 -9999 -9999 -9999 104 503 306 266 226 416 545 595 619 273 313 296 305 368 363 426 300 41 38 148 237 215 339 824 686 237 264 196 306 164 32767 96 283 466 495 221 246 356 391 1070 391 19 32767 32767 32767 32767 32767 32767 32767 32767 316 1274 277 280 234 401 213 52 69 175 70 83 22 18 17 0 139 294 561 730 481 120 80 0 5 42 8 7 6 108 1393 582
-9999 -9999 -9999 -9999 -9999 -9999 487 278 532 617 753 178 819 479 530 455 225 291 273 286 442 61 452 478 886 1312 919 751 1238 934 166 261 369 278 537 32767 24 496 293 255 81 262 797 911 360 237 30 32767 32767 32767 32767 32767 32767 32767 32767 0 1263 202 78 377 477 290 338 371 41 70 120 19 17 17 6 30 350 438 719 344 14 32 29 0 7 8 6 6 0 910 873
-9999 -9999 -9999 -9999 -9999 -9999 97 466 133 177 135 111 506 693 544 315 293 258 251 262 499 448 359 297 1140 60 1106 827 844 325 281 267 213 409 27 6 462 329 284 343 243 508 902 1073 1298 235 252 32767 32767 32767 32767 32767 32767 692 32767 32767 49 1014 202 310 302 477 570 466 466 25 77 61 19 17 15 5 69 276 570 341 136 475 42 0 0 7 7 10 0 538 936
-9999 -9999 -9999 -9999 -9999 -9999 433 497 100 141 106 40 128 101 225 298 301 280 377 503 97 348 443 441 251 910 1367 1579 763 282 229 253 597 581 32767 11 289 19 25 360 507 233 1265 1380 1328 222 194 22 32767 32767 32767 32767 32767 1213 272 32767 0 783 660 262 164 520 589 298 451 395 70 116 80 16 13 14 0 463 290 363 660 1038 326 108 0 6 7 15 0 383 274
-9999 -9999 -9999 -9999 -9999 -9999 220 520 633 192 109 102 60 781 816 394 281 306 93 676 639 565 404 265 751 1130 850 833 678 217 281 288 542 77 32767 5 21 75 88 283 493 1002 1244 1426 1303 231 154 32767 32767 32767 32767 32767 42 297 748 32767 32767 327 960 351 257 266 702 282 499 36 68 60 20 15 7 14 24 70 130 212 419 32767 32767 283 26 6 7 6 10 4 704
-9999 -9999 -9999 -9999 -9999 -9999 168 213 564 402 383 496 110 107 80 430 270 206 255 405 205 305 239 895 1010 163 75 202 681 231 279 319 267 50 0 15 22 21 326 425 964 1299 1308 1448 332 169 26 32767 32767 32767 32767 32767 32767 743 685 389 32767 32767 593 359 632 176 283 150 431 51 52 64 18 9 0 6 44 45 21 5 447 323 344 32767 32 5 8 7 10 6 40
-9999 -9999 -9999 -9999 -9999 -9999 608 1072 145 315 462 353 403 47 72 511 785 473 397 301 264 439 1217 1298 935 15 0 165 382 1223 617 364 728 32767 77 21 74 389 330 315 345 317 229 320 991 285 37 32767 32767 32767 32767 32767 32767 40 597 1769 32767 32767 75 233 121 311 383 641 142 41 151 118 21 16 0 85 91 136 29 25 0 6 218 32767 44 4 7 7 10 10 6
-9999 -9999 -9999 -9999 -9999 -9999 -9999 1023 501 125 618 796 177 39 327 479 57 20 21 663 233 628 662 1307 221 0 0 204 165 243 922 174 220 80 63 167 216 372 342 323 207 196 442 523 229 576 39 32767 32767 32767 32767 32767 32767 80 225 456 550 32767 32767 518 141 228 234 566 127 275 28 137 72 16 93 84 0 48 180 46 0 0 14 344 153 44 5 7 0 10 10
-9999 -9999 -9999 -9999 -9999 -9999 -9999 105 18 470 807 753 1548 252 443 511 63 0 39 589 249 466 790 1022 788 168 0 84 415 110 274 284 32767 1038 391 182 148 177 379 1039 1201 605 633 787 573 196 166 32767 32767 32767 32767 32767 32767 32767 67 384 1646 461 32767 32 209 209 260 359 161 253 378 135 74 15 77 115 38 43 131 86 22 0 35 250 477 97 32 6 46 7 6
-9999 -9999 -9999 -9999 -9999 -9999 -9999 -9999 64 296 1087 1441 1652 1219 865 388 428 37 286 820 386 98 209 766 1063 1116 852 667 466 291 593 337 32767 412 873 449 77 98 170 115 477 1255 919 1442 430 1469 32767 32767 32767 32767 32767 32767 32767 32767 80 494 1215 1963 32767 32767 398 243 181 160 470 426 639 183 62 14 40 151 0 31 110 41 118 97 32 888 32767 698 97 5 43 7 6
-9999 -9999 -9999 -9999 -9999 -9999 -9999 -9999 -9999 21 461 820 882 1894 1315 2172 253 583 285 756 365 260 110 455 385 411 2437 846 746 255 606 355 183 890 397 559 532 45 72 188 1031 655 751 819 865 32767 32767 146 32767 32767 32767 32767 32767 32767 70 351 1021 1082 246 32767 0 2039 281 321 381 339 632 187 66 16 84 143 52 50 73 121 110 0 7 874 32767 757 46 29 0 0 0
-9999 -9999 -9999 -9999 -9999 -9999 -9999 -9999 -9999 -9999 24 518 2512 2865 2671 1296 1378 1300 1396 303 44 389 282 449 278 254 667 810 709 882 418 32767 325 393 506 106 117 49 40 62 945 385 952 325 401 32767 32767 13 0 32767 32767 32767 32767 32767 365 476 807 470 1730 32767 32767 479 444 282 446 308 853 371 112 5 0 37 101 141 15 0 5 0 18 427 32767 366 385 52 32 166 0
-9999 -9999 -9999 -9999 -9999 -9999 -9999 -9999 -9999 -9999 92 377 1823 2774 2162 2021 471 525 1990 464 337 226 397 233 471 253 780 1310 2055 492 32767 112 952 921 580 761 52 4 0 150 956 1281 473 525 492 504 32767 32767 32767 32767 32767 32767 32767 32767 32767 516 779 810 1101 397 32767 32767 590 142 493 273 642 265 0 18 22 114 163 0 0 0 13 13 12 403 832 793 443 249 20 380 85
-9999 -9999 -9999 -9999 -9999 -9999 -9999 -9999 379 430 1645 880 1420 2470 3113 2045 1566 509 1313 277 383 250 385 288 481 313 311 1163 604 563 195 934 223 714 319 159 22 20 51 183 184 1500 324 524 496 1216 32767 32767 32767 32767 32767 32767 32767 32767 32767 731 1327 1091 610 459 32767 32767 467 555 502 359 565 510 637 473 365 78 0 0 0 16 12 15 65 539 964 32767 705 614 21 0 106
-9999 -9999 -9999 -9999 -9999 -9999 -9999 -9999 681 1430 964 634 875 628 834 730 565 808 1383 322 252 264 194 219 324 333 255 786 293 32767 939 341 738 24 203 455 8 37 697 638 1178 1114 276 357 353 1045 406 32767 32767 32767 32767 32767 32767 32767 32767 265 672 401 923 1363 529 32767 32767 1518 266 757 1296 1521 1368 722 808 601 0 0 12 0 13 63 734 739 817 1232 32767 769 537 554 501
-9999 -9999 -9999 -9999 -9999 -9999 -9999 -9999 233 277 1013 313 181 996 49 461 1962 2219 1813 511 538 246 61 269 214 494 473 20 32767 68 237 111 597 4 19 81 60 221 315 339 959 669 86 236 410 837 1637 116 32767 32767 32767 32767 32767 32767 32767 32767 342 234 701 1129 2375 32 32767 0 832 617 1552 1432 904 1055 781 808 0 12 0 19 61 432 719 764 628 751 1242 32767 1170 898 411
-9999 -9999 -9999 -9999 -9999 -9999 -9999 -9999 68 53 14 98 100 32767 123 248 351 735 1092 555 588 93 492 638 607 76 40 32767 0 190 132 159 207 61 5 7 19 876 444 212 496 1024 491 99 666 495 1102 317 32767 32767 32767 32767 32767 32767 32767 32767 32767 54 162 430 357 1252 32767 32767 580 575 192 347 638 1007 805 278 21 6 0 0 240 565 792 635 712 684 455 1391 1612 847 359
-9999 -9999 -9999 -9999 -9999 -9999 -9999 -9999 1474 0 32767 32767 32767 32767 32767 32767 0 84 55 364 366 796 75 95 32767 32767 25 53 0 238 623 99 90 317 58 95 732 450 803 221 331 660 907 755 644 836 1002 671 1696 1167 32767 32767 32767 32767 32767 32767 32767 355 237 512 811 1367 1085 32767 84 114 472 488 0 151 381 496 20 40 6 16 73 568 902 710 901 998 628 1287 1321 32767 509
-9999 -9999 -9999 -9999 -9999 -9999 -9999 -9999 32767 1556 545 100 103 69 118 14 145 32767 32767 0 0 0 32767 32767 48 121 156 179 0 20 43 110 125 551 1519 66 1160 753 109 396 218 246 871 834 643 738 614 816 750 1982 2087 1784 1107 442 537 32767 32767 32767 1046 850 640 973 1663 32767 32767 114 203 0 3 0 174 426 13 25 20 0 65 924 748 1668 1668 1392 1471 1411 726 243 405
-9999 -9999 -9999 -9999 -9999 -9999 -9999 -9999 307 1552 1020 792 449 98 443 73 0 0 0 0 0 52 266 716 774 412 152 10 107 239 329 216 691 436 169 1017 1268 1779 236 644 121 251 626 601 514 724 465 232 862 933 1345 1312 849 377 843 767 1161 448 1152 2649 1941 1315 2415 188 32767 32767 52 180 35 62 0 105 467 19 20 182 535 949 1700 1677 1560 1805 1478 1604 678 137 529
-9999 -9999 -9999 -9999 -9999 -9999 -9999 -9999 -9999 -9999 2032 1948 1490 595 91 226 23 0 0 94 83 418 386 306 109 73 68 203 344 507 753 87 80 636 585 1103 2109 2096 1531 176 66 189 261 232 466 295 427 232 966 786 1097 525 202 262 260 331 1340 934 762 2191 2140 1285 3188 1497 547 32767 169 254 45 51 117 0 347 559 461 670 1215 1643 1797 1675 1669 1917 1689 1036 741 233 32767
-9999 -9999 -9999 -9999 -9999 -9999 -9999 -9999 -9999 -9999 2130 1931 1934 943 388 103 190 44 338 90 95 70 40 46 61 115 81 75 57 67 91 47 21 276 1113 1274 2650 3491 2749 1363 998 1085 923 218 482 352 489 419 703 982 939 715 280 659 318 265 375 294 516 628 2970 2183 2201 2570 2377 32767 32767 196 0 40 0 60 93 469 896 1387 1366 1620 1692 1685 1697 1757 1702 878 1084 1018 1118
-9999 -9999 -9999 -9999 -9999 -9999 -9999 -9999 980 1898 1555 1513 1764 1341 922 331 712 730 530 354 53 64 76 76 64 72 75 108 38 0 42 4 323 666 2513 2409 2729 2537 2642 3061 2462 1044 649 174 400 421 652 601 483 919 952 258 141 151 341 620 254 432 345 174 1234 2848 2586 2536 3044 19 32767 98 0 0 0 48 48 658 1370 1493 1900 1600 1607 1680 1181 1716 1532 1257 1121 1064 529
-9999 -9999 -9999 -9999 -9999 -9999 -9999 -9999 563 717 1034 1165 687 1034 632 432 640 477 33 44 34 0 68 0 0 3 3 21 29 52 49 353 464 1514 2548 3000 2456 2403 2424 2498 2417 1857 2351 835 209 529 229 167 276 1032 721 524 334 25 233 170 480 351 107 1352 252 984 2757 2521 2763 2184 32767 32767 253 152 6 5 8 164 327 1690 1778 1831 2009 2122 1766 773 1317 1132 1390 634 646
-9999 -9999 -9999 -9999 -9999 -9999 -9999 32767 533 765 682 838 824 568 562 510 697 39 89 54 50 0 0 0 0 0 0 0 121 11 62 222 383 985 2300 2198 1735 2220 2476 3217 2168 1410 1267 1271 167 162 237 185 1100 26 62 59 80 56 5 309 1363 1424 330 40 1382 275 2980 3053 1831 2234 844 32767 166 208 85 0 6 42 48 1716 769 1409 1502 2026 2110 1085 1496 1532 1273 107 208
-9999 -9999 -9999 -9999 -9999 -9999 -9999 32767 295 837 764 837 491 742 562 356 202 95 64 5 0 0 0 0 0 9 20 101 75 503 522 952 679 938 2027 2698 2201 2244 1717 1267 2116 1161 1346 1055 835 1777 651 297 573 594 241 298 123 121 120 90 562 37 50 27 1464 290 1869 2335 3135 1663 2438 32767 32767 193 92 0 3 0 1119 2041 1230 3529 2675 2691 2153 832 959 1426 1155 1345 274
-9999 -9999 -9999 -9999 -9999 -9999 326 32767 440 944 723 522 351 555 241 19 413 228 21 75 75 0 0 0 0 23 45 377 299 629 225 539 1421 2164 1404 1647 1888 1582 1557 1265 1503 1786 2839 1182 1815 2101 1738 979 597 2201 539 1226 218 115 107 83 128 333 49 90 1016 118 965 1195 2553 1720 2400 557 32767 0 426 0 134 60 2672 2808 2591 2199 2545 2705 3318 1459 1526 1828 2190 1486 1026
-9999 -9999 -9999 -9999 -9999 311 748 32767 489 1131 250 293 500 786 300 5 359 351 62 202 233 4 50 84 79 690 610 553 414 279 228 1351 958 1471 1862 2203 2062 1201 1189 1600 853 1028 785 716 1067 1345 1349 1093 2448 2565 2485 1740 893 585 218 395 124 303 98 3 20 1241 465 1424 2769 2303 1201 2416 32767 32767 258 57 173 219 2792 2644 2471 1892 1315 1608 2849 2039 1676 2065 1646 894 535
-9999 -9999 -9999 -9999 -9999 579 732 32767 400 675 262 268 424 806 31 6 0 920 755 883 417 39 20 512 332 702 836 278 434 770 857 455 1030 2148 1819 2498 2282 2854 1359 1725 931 703 482 902 922 1130 1094 1957 2195 1809 1912 1712 1836 978 156 296 440 342 93 54 6 1297 272 1779 3034 3393 2048 2193 32767 32767 122 267 469 1066 2240 1274 1936 1507 1602 1079 1415 1558 1954 1990 1851 1324 991
-9999 -9999 -9999 -9999 130 364 221 32767 283 479 984 246 1256 826 33 15 516 545 945 838 991 135 1132 338 250 316 611 581 623 577 1021 869 1410 2108 2211 2087 2887 1937 821 562 409 605 671 604 826 978 936 2307 3194 1823 2613 2432 2385 2116 1151 286 1007 64 670 321 68 245 394 2409 2736 3384 2999 1790 2480 32767 32767 175 161 120 991 1366 1497 1487 2021 1865 1320 -9999 -9999 -9999 1666 1806 1554
-9999 -9999 -9999 -9999 166 198 115 32767 388 839 681 755 1114 855 436 17 310 552 793 664 938 121 149 1073 1256 1260 334 665 674 244 540 449 1008 2981 1994 2135 1730 868 928 541 813 618 277 549 609 923 2443 2909 1780 2581 1916 1992 2392 2285 981 934 200 1132 531 730 671 324 141 1299 2525 3290 2920 2598 1358 32767 32767 131 147 -9999 -9999 -9999 -9999 -9999 -9999 -9999 -9999 -9999 -9999 -9999 -9999 -9999 -9999
