ValueNro_2398/ValueNro_2398_bm_lehtip_neulaset.asc
ncols        141
nrows        228
xllcorner    356256.000000000000
yllcorner    6857312.000000000000
cellsize     16.000000000000
NODATA_value -9999
[rows 123 to 163 of 228, columns 0 to 91 of 141]
-9999 -9999 -9999 -9999 -9999 -9999 -9999 -9999 -9999 -9999 -9999 -9999 -9999 -9999 -9999 -9999 -9999 -9999 -9999 125 0 32767 32767 0 66 0 12 119 129 63 37 0 32767 39 7 47 120 163 104 28 26 5 5 27 12 34 13 0 0 10 10 31 22 101 78 17 22 45 31 1 19 12 97 103 136 159 127 75 196 165 232 158 220 213 32767 32767 32767 32767 32767 32767 32767 32767 32767 32767 32767 32767 28 123 135 59 40 80
-9999 -9999 -9999 -9999 -9999 -9999 -9999 -9999 -9999 -9999 -9999 -9999 -9999 -9999 -9999 -9999 -9999 -9999 -9999 7 21 0 32767 32767 9 71 28 168 52 68 26 32767 32767 0 32767 32767 130 132 4 39 159 39 0 9 23 6 24 10 38 20 4 50 121 42 32767 34 15 2 0 17 23 96 93 90 148 144 178 151 151 161 162 172 195 237 32767 32767 32767 32767 32767 32767 32767 32767 32767 32767 32767 73 32767 95 121 81 63 70
-9999 -9999 -9999 -9999 -9999 -9999 -9999 -9999 -9999 -9999 -9999 -9999 -9999 -9999 -9999 -9999 -9999 -9999 -9999 4 2 2 0 32767 32767 0 2 40 20 21 26 32767 59 32767 32767 32767 32767 124 32767 32767 32767 21 29 5 35 27 24 12 28 0 15 94 95 74 32767 48 5 0 0 19 71 104 106 132 103 76 154 151 222 161 226 136 203 121 194 32767 32767 32767 32767 32767 32767 32767 32767 38 45 58 32767 90 129 43 82 89
-9999 -9999 -9999 -9999 -9999 -9999 -9999 -9999 -9999 -9999 -9999 -9999 -9999 -9999 -9999 -9999 -9999 -9999 238 49 67 26 55 21 32767 32767 8 61 10 12 32767 32767 32767 32767 32767 32767 32767 32767 32767 32767 32767 32767 44 130 57 97 30 30 32 58 144 140 63 88 32767 175 47 25 9 29 94 94 89 104 84 104 233 157 149 155 129 122 0 0 0 32767 32767 32767 32767 32767 32767 227 214 17 50 38 32767 19 118 89 56 85
-9999 -9999 -9999 -9999 -9999 -9999 -9999 -9999 -9999 -9999 -9999 -9999 -9999 -9999 -9999 -9999 -9999 -9999 36 41 113 28 26 58 49 32767 32767 16 49 15 32767 11 150 32767 32767 32767 171 111 32767 32767 32767 32767 32767 119 68 99 101 57 66 148 182 204 163 66 76 104 138 28 14 28 74 95 121 139 151 164 224 163 184 180 17 0 0 0 14 32767 32767 32767 32767 32767 32767 166 63 7 16 113 0 32767 69 63 84 92
-9999 -9999 -9999 -9999 -9999 -9999 -9999 -9999 -9999 -9999 -9999 -9999 -9999 -9999 -9999 -9999 68 3 14 27 33 62 51 46 51 19 32767 32767 15 32767 32767 32767 28 171 151 160 32767 32767 32767 32767 32767 32767 32767 6 145 118 46 69 184 220 119 220 183 37 126 70 118 107 44 40 77 142 150 157 132 133 189 111 114 32 0 0 0 0 7 8 32767 32767 32767 40 87 50 44 7 0 83 0 32767 39 194 129 174
-9999 -9999 -9999 -9999 -9999 -9999 -9999 -9999 -9999 -9999 -9999 -9999 -9999 -9999 -9999 48 8 0 40 106 13 6 42 45 71 28 131 32767 32767 32767 104 19 32767 7 26 82 32767 32767 32767 32767 32767 32767 32767 32767 42 106 40 179 219 114 118 124 209 206 186 190 86 205 129 63 61 131 116 176 174 145 205 42 16 0 0 0 0 0 58 7 32767 32767 32767 32767 154 70 30 4 120 0 0 0 32767 242 208 101
-9999 -9999 -9999 -9999 -9999 -9999 -9999 -9999 -9999 -9999 173 92 5 51 72 77 49 54 71 32 44 42 51 35 85 26 189 35 32767 32767 59 16 0 32767 35 126 32767 32767 32767 32767 32767 32767 32767 32767 24 66 78 126 138 151 174 117 187 157 149 125 130 135 78 35 114 111 112 163 127 137 36 0 0 0 0 0 0 0 65 0 0 32767 32767 95 146 53 121 7 0 0 208 225 32767 46 158 201
-9999 -9999 -9999 -9999 -9999 -9999 -9999 -9999 -9999 67 64 120 13 30 31 31 125 148 101 38 66 44 50 32767 32767 32767 32767 40 5 32767 32767 174 34 15 32767 129 32767 32767 32767 32767 32767 32767 32767 32767 93 46 86 135 207 248 83 134 182 158 109 114 113 63 89 92 182 129 142 165 162 107 15 10 0 0 0 0 0 0 0 32 0 32767 103 73 153 124 86 6 20 61 184 107 28 32767 35 190
-9999 -9999 -9999 -9999 -9999 -9999 -9999 -9999 64 82 107 147 98 201 192 186 141 89 20 47 49 53 50 32767 32767 32767 32767 156 110 32767 32767 5 38 40 34 136 32767 32767 32767 32767 32767 32767 32767 32767 131 58 84 84 73 63 34 118 157 150 98 90 21 21 65 124 169 106 107 151 174 118 14 11 0 0 0 0 0 0 0 51 0 1 60 193 157 110 111 81 94 128 75 96 209 32767 4 21
-9999 -9999 -9999 -9999 -9999 -9999 -9999 219 151 37 91 98 159 150 184 220 155 90 142 59 80 53 65 32767 32767 32767 32767 247 32767 199 32767 32767 9 116 26 32767 35 32767 32767 32767 32767 32767 32767 32767 158 123 60 89 78 13 0 115 98 85 88 21 40 7 19 80 72 64 121 100 154 147 16 0 0 0 0 0 14 0 0 0 0 0 0 93 128 106 62 48 43 77 124 152 97 112 32767 48
-9999 -9999 -9999 -9999 -9999 -9999 -9999 64 35 56 87 85 75 86 92 18 201 85 95 222 211 194 158 121 32767 125 263 259 32767 138 126 32767 32767 25 63 109 32767 32767 32767 32767 32767 32767 32767 32767 140 32767 27 140 81 0 0 18 79 118 1 29 37 36 7 45 103 123 139 111 127 144 24 15 0 0 16 203 114 174 4 0 0 0 144 115 91 89 38 33 60 68 98 135 118 91 34 32767
-9999 -9999 -9999 -9999 -9999 -9999 60 41 44 41 52 53 49 17 27 62 65 52 213 125 167 223 205 170 108 96 258 61 32767 124 203 67 32767 32767 24 108 241 294 32767 32767 32767 32767 32767 18 24 24 32767 113 107 94 0 32 0 1 10 34 33 49 24 46 78 48 55 131 109 135 74 21 40 50 65 113 123 200 0 0 0 0 171 97 146 54 21 47 55 54 75 106 146 111 127 32767
-9999 -9999 -9999 -9999 -9999 24 60 163 128 58 53 49 52 32 53 57 75 29 34 204 173 209 256 207 209 32767 242 213 32767 217 92 153 43 32767 32767 191 267 32767 264 32767 32767 32767 0 32767 32767 32767 17 55 101 62 0 81 0 0 0 28 9 38 18 37 53 12 11 96 97 94 117 128 124 125 113 113 100 0 0 0 0 0 92 101 142 46 21 57 44 65 124 54 105 120 121 66
-9999 -9999 -9999 -9999 28 62 52 54 85 71 67 69 73 25 25 69 3 3 32 43 47 128 161 141 96 153 255 80 188 214 202 202 115 32767 32767 2 272 212 160 32767 32767 3 32767 6 32767 32767 30 45 0 36 7 0 0 60 0 1 9 32 1 21 16 35 37 30 27 79 214 190 103 100 185 112 19 1 68 0 0 0 0 96 130 101 66 74 98 34 78 62 43 157 58 76
-9999 -9999 -9999 41 56 72 26 19 3 22 23 64 65 74 81 21 3 67 63 13 70 7 29 71 92 166 92 32767 165 104 227 330 22 32767 32767 32767 0 267 238 153 32767 32767 6 32767 32767 32767 22 18 99 98 110 0 0 27 0 0 9 36 1 1 16 46 59 58 25 95 123 242 186 194 186 79 18 45 67 77 18 0 0 105 120 103 74 85 97 75 28 51 47 33 42 50
-9999 -9999 98 59 27 0 0 3 0 43 43 46 25 64 75 0 0 23 61 70 3 3 96 54 87 145 32767 106 132 58 64 66 32767 32767 32767 32767 32767 128 256 32767 32767 32767 32767 32767 32767 32767 32767 80 218 87 103 5 0 86 47 0 11 36 24 12 26 32 62 56 7 28 103 99 136 184 137 128 9 12 0 0 18 2 0 104 76 105 98 94 70 26 22 42 48 61 60 89
89 36 61 58 38 13 59 55 12 12 23 23 0 0 78 3 0 0 3 3 0 0 5 32767 32767 37 57 59 84 112 64 32767 32767 32767 32767 32767 32767 32767 251 32767 32767 32767 32767 32767 32767 32767 32767 22 30 46 7 48 0 51 39 0 2 57 40 46 33 31 61 59 10 84 132 138 105 136 112 101 85 23 0 3 2 1 0 37 86 93 69 43 62 58 25 7 19 90 89 83
28 110 63 92 67 46 60 87 21 3 3 0 0 0 35 0 5 0 0 0 0 32767 32767 63 61 41 30 41 59 83 32767 32767 32767 32767 32767 32767 2 32767 32767 32767 32767 32767 32767 6 32767 32767 32767 15 12 49 47 9 7 52 38 50 0 0 39 33 52 63 36 10 19 36 87 100 115 135 103 70 73 181 22 2 30 140 47 33 90 62 69 51 51 41 42 89 48 69 69 55
-9999 93 92 64 101 103 54 2 5 18 47 66 56 34 50 29 44 2 0 49 32767 41 41 185 74 21 54 73 71 32767 32767 32767 32767 32767 32767 32767 32767 32767 32767 32767 32767 11 4 32767 32767 32767 18 17 30 47 8 35 53 0 33 2 5 3 10 31 9 9 10 8 18 12 71 115 121 112 43 79 61 46 101 137 268 237 173 85 90 99 76 32 17 18 27 44 103 68 48 58
-9999 -9999 -9999 121 81 90 15 2 8 3 3 47 31 1 0 0 0 51 0 2 42 131 93 55 33 25 106 142 32767 32767 32767 32767 32767 32767 32767 32767 32767 32767 32767 32767 11 52 75 32767 32767 6 23 10 24 21 31 18 11 0 27 2 6 4 0 4 3 10 12 12 12 18 38 103 111 107 52 32 66 72 125 184 145 114 74 44 44 60 24 67 18 30 23 37 36 26 62 86
-9999 -9999 -9999 4 60 23 9 9 3 6 66 4 68 23 2 33 39 32767 32767 0 63 101 106 39 28 18 30 32767 32767 32767 32767 32767 32767 32767 32767 32767 32767 32767 32767 32767 32767 32767 32767 32767 32767 32767 0 1 55 51 30 46 49 0 28 2 4 55 0 20 17 10 9 11 12 31 34 74 76 103 45 34 51 70 169 90 142 67 50 69 11 49 53 27 22 19 28 53 28 33 50 85
-9999 -9999 -9999 47 112 15 75 63 31 14 86 85 7 25 2 22 32767 49 2 40 47 37 73 24 17 52 32767 32767 32767 32767 32767 32767 32767 32767 32767 32767 32767 32767 32767 32767 32767 32767 32767 32767 32767 0 32767 0 37 21 17 27 33 0 43 2 4 4 8 15 9 9 0 9 9 11 21 11 62 92 79 44 30 76 76 59 39 31 29 57 17 25 89 30 26 29 13 30 31 33 15 27
-9999 -9999 -9999 3 76 101 84 88 57 1 102 56 35 47 63 32767 144 54 0 81 55 79 8 41 39 44 32767 32767 32767 32767 32767 32767 32767 32767 32767 32767 32767 32767 32767 32767 32767 32767 32767 32767 32767 32767 32767 2 23 23 20 31 32 3 14 2 4 34 9 9 0 0 9 10 9 9 34 19 34 75 109 42 26 26 35 22 20 9 4 19 12 6 85 34 28 36 11 39 0 8 22 33
-9999 -9999 -9999 7 4 21 67 47 82 2 101 8 17 4 43 0 56 51 4 95 70 60 9 57 37 29 40 32767 32767 32767 32767 32767 32767 32767 32767 32767 32767 32767 32767 32767 32767 32767 32767 32767 32767 8 5 10 11 16 14 34 107 78 0 3 4 29 8 8 7 8 9 9 8 7 7 37 18 40 97 44 3 30 37 10 9 0 12 24 23 72 90 41 24 36 10 35 28 18 17 23
-9999 -9999 -9999 5 19 55 50 97 106 48 43 189 54 62 32767 29 32 37 71 81 80 27 90 34 40 71 75 205 32767 32767 32767 32767 0 32767 32767 32767 32767 32767 32767 32767 32767 32767 32767 32767 32767 0 34 36 30 20 17 0 20 42 14 2 0 0 4 4 0 13 13 16 12 30 26 9 30 18 82 20 41 67 40 0 0 8 0 1 40 39 91 78 30 3 3 28 0 9 17 9
-9999 -9999 -9999 93 104 56 87 54 142 117 166 215 66 32767 124 128 41 28 2 4 59 50 50 62 104 51 37 44 150 32767 0 86 27 32767 32767 32767 32767 32767 32767 32767 32767 32767 32767 32767 32767 0 92 13 34 30 31 32 35 2 39 22 2 7 4 4 4 12 4 4 4 4 4 0 33 15 50 32 47 40 37 0 0 8 0 0 2 49 53 58 36 37 33 65 51 34 36 76
-9999 -9999 -9999 62 12 78 99 83 52 77 67 32767 99 132 89 51 83 58 88 15 8 52 49 59 56 88 157 47 55 0 55 46 45 50 32767 32767 32767 32767 32767 32767 32767 32767 32767 10 32767 32767 65 8 12 12 13 21 91 24 23 60 12 21 5 4 36 34 4 4 4 4 4 0 11 0 15 51 3 33 46 9 0 8 9 8 1 25 105 66 44 45 15 34 84 90 102 151
-9999 -9999 -9999 40 3 7 39 120 84 95 32767 127 114 133 124 53 84 112 135 52 6 5 53 39 70 107 166 51 7 12 8 10 8 70 32767 32767 32767 32767 32767 32767 32767 32767 32767 32767 11 32767 20 57 22 17 32 29 4 107 115 102 4 21 5 28 42 34 4 12 54 14 14 0 4 3 46 67 17 33 53 34 0 0 8 0 0 22 108 30 93 36 26 72 36 22 37 181
-9999 -9999 -9999 62 35 8 38 215 216 32767 125 186 148 151 161 154 52 54 139 85 88 43 82 29 49 126 66 54 80 13 46 65 80 101 0 32767 32767 32767 32767 32767 32767 32767 32767 32767 32767 32767 32767 9 52 18 9 32767 32767 22 51 70 110 25 4 22 33 45 16 45 48 20 16 14 11 4 27 78 39 34 50 21 4 4 4 9 8 8 33 88 101 49 16 19 28 29 63 226
-9999 -9999 -9999 59 38 41 229 30 32767 188 46 84 73 88 111 106 85 92 95 78 146 179 197 17 78 88 55 28 121 13 66 70 54 0 46 32767 32767 32767 32767 32767 32767 32767 32767 32767 32767 32767 32767 32767 9 131 2 32767 32767 45 41 118 108 61 28 5 4 18 17 15 14 13 12 0 0 11 14 81 24 12 25 31 0 12 8 9 8 12 20 100 89 49 17 0 22 0 9 87
-9999 -9999 -9999 38 215 202 255 32767 75 198 82 97 189 211 140 202 226 182 98 118 183 49 8 79 74 50 49 65 48 93 4 0 0 0 2 45 32767 32767 32767 32767 32767 32767 32767 32767 32767 32767 32767 32767 32767 67 32767 32767 32767 55 25 16 67 138 139 15 4 12 10 21 0 8 31 35 10 3 9 110 55 10 18 9 9 10 9 8 7 0 24 36 44 31 16 8 0 4 16 34
-9999 -9999 17 304 255 53 32767 69 27 78 54 113 174 213 148 150 223 219 218 150 164 128 8 4 57 21 59 75 101 77 1 4 0 0 0 0 0 32767 32767 32767 32767 32767 32767 32767 32767 32767 32767 5 32767 13 12 32767 32767 23 0 50 82 98 41 35 140 0 4 25 0 0 0 0 0 180 90 103 36 18 40 15 36 10 10 9 34 42 24 44 60 27 14 7 4 4 122 117
-9999 -9999 69 241 209 32767 32767 31 123 84 84 96 198 189 192 200 139 155 101 100 171 142 37 3 51 102 73 79 51 41 127 5 0 0 0 0 0 4 0 32767 32767 32767 32767 32767 32767 32767 32767 32767 32767 32767 15 32767 32767 1 29 33 68 89 80 133 136 0 0 0 0 0 0 0 0 105 110 104 68 28 12 34 38 0 0 21 54 24 54 34 73 33 23 0 0 0 10 28
-9999 -9999 36 168 103 12 42 72 64 69 67 87 123 79 189 161 184 148 210 211 198 240 83 7 41 83 54 8 50 52 6 95 3 0 0 0 0 32767 4 22 32767 32767 32767 32767 32767 32767 32767 32767 32767 32767 32767 10 23 12 28 37 105 38 53 66 67 15 0 0 0 0 0 0 0 72 97 115 95 39 30 52 2 0 0 0 4 13 85 24 48 33 19 0 9 0 4 37
-9999 -9999 43 254 68 11 12 43 70 89 43 43 133 103 111 93 172 196 227 225 205 248 28 48 30 1 26 83 56 69 36 54 21 0 0 3 4 32767 23 116 27 32767 32767 32767 32767 32767 32767 32767 32767 32767 32767 0 76 21 29 29 120 70 62 41 54 146 0 0 0 0 0 0 0 13 116 108 127 132 36 4 0 0 1 0 0 22 45 100 58 34 16 3 11 0 4 9
-9999 -9999 157 160 113 49 0 57 43 43 41 8 104 196 101 41 172 205 110 204 190 44 82 113 30 52 33 30 22 59 118 21 19 0 0 0 12 0 25 32 70 32767 32767 32767 32767 32767 32767 32767 32767 32767 32767 32767 17 28 17 42 48 143 56 77 92 101 96 0 0 0 0 0 0 0 8 108 196 136 66 0 0 0 0 1 1 8 79 108 62 33 31 9 17 6 4 0
-9999 -9999 46 109 78 59 53 52 173 40 12 8 76 173 198 183 192 145 64 166 189 38 104 87 6 58 46 32 89 96 63 85 19 0 11 4 32767 2 23 6 8 63 119 4 32767 32767 32767 32767 32767 32767 14 32767 6 46 71 63 74 49 38 46 84 4 99 93 0 0 0 0 0 0 36 104 132 141 87 3 0 0 0 1 1 0 4 148 37 27 38 17 2 16 29 15
-9999 -9999 -9999 50 71 53 67 57 39 41 41 41 41 61 60 59 65 40 57 57 171 42 115 71 44 47 20 47 28 68 79 83 70 22 0 0 32767 40 19 57 53 33 33 21 25 32767 32767 32767 32767 32767 32767 32767 32767 27 31 112 25 93 46 76 7 59 4 163 0 0 0 0 0 0 95 77 191 165 71 29 0 0 0 1 0 0 0 67 187 47 40 33 2 52 0 0
-9999 -9999 -9999 0 0 61 60 58 41 41 31 40 38 56 56 58 58 29 24 10 40 37 119 81 71 32 73 103 50 58 52 78 13 67 171 18 32767 43 30 47 29 34 29 23 3 5 32767 32767 32767 32767 32767 32767 32767 0 75 46 51 45 42 32 79 126 55 127 107 0 0 0 0 0 43 104 202 142 88 47 4 1 0 2 1 0 0 0 44 41 101 34 9 0 0 19
-9999 -9999 -9999 -9999 0 37 58 55 13 8 21 9 40 33 39 39 51 36 38 5 4 1 88 102 101 73 66 65 66 104 169 143 42 222 152 33 70 24 24 20 24 19 33 30 22 2 4 32767 32767 32767 32767 32767 32767 32767 56 38 25 32 32 35 123 6 115 40 22 0 0 0 0 0 14 136 213 224 214 82 34 0 1 2 2 1 0 0 51 28 77 55 10 0 0 20
