ValueNro_2398/ValueNro_2398_bm_lehtip_neulaset.asc
ncols        141
nrows        228
xllcorner    356256.000000000000
yllcorner    6857312.000000000000
cellsize     16.000000000000
NODATA_value -9999
[rows 164 to 204 of 228, columns 0 to 91 of 141]
-9999 -9999 -9999 -9999 -9999 12 57 43 13 9 9 47 43 38 11 33 42 41 23 5 104 128 111 105 67 2 98 71 106 109 261 207 184 251 90 32767 2 34 27 40 2 2 15 32 31 36 2 32767 32767 32767 32767 32767 32767 32767 32767 101 72 36 39 34 23 97 114 97 6 6 0 0 0 0 5 119 104 196 206 77 63 19 0 0 1 1 0 0 127 43 66 30 16 30 0 0
-9999 -9999 -9999 -9999 -9999 -9999 61 55 38 44 60 76 61 49 51 39 43 41 128 148 83 106 85 78 55 63 85 52 58 99 215 209 206 271 91 32767 34 45 2 2 4 2 21 25 33 25 36 32767 32767 32767 32767 32767 32767 32767 32767 21 152 122 9 31 64 78 2 122 112 8 0 0 0 0 0 18 101 180 173 221 45 2 5 0 0 1 0 0 0 27 27 36 5 34 0 0
-9999 -9999 -9999 -9999 -9999 -9999 215 65 14 76 75 13 31 43 37 40 143 134 202 191 43 70 124 126 51 30 113 57 15 36 143 162 145 293 41 2 39 24 2 23 4 32 30 24 38 50 18 32767 32767 32767 32767 32767 32767 154 32767 32767 3 76 126 48 24 106 107 93 99 22 5 0 0 0 0 0 96 106 184 152 105 71 16 2 0 0 0 0 0 47 23 13 4 0 0 41
-9999 -9999 -9999 -9999 -9999 -9999 73 57 50 27 12 4 62 219 276 216 213 161 212 143 60 5 89 91 6 126 124 72 16 16 42 141 149 36 32767 0 22 3 3 23 26 24 27 28 39 1 21 34 32767 32767 32767 32767 32767 70 75 32767 7 146 47 11 45 24 56 5 91 83 6 0 0 0 0 0 4 130 115 203 145 104 83 43 0 0 0 0 0 30 28 24 36 0 0 0
-9999 -9999 -9999 -9999 -9999 -9999 10 38 65 41 13 0 0 61 62 8 5 45 226 137 78 34 98 8 117 153 115 74 115 37 42 204 228 3 32767 0 33 2 4 2 33 32 29 32 34 2 47 32767 32767 32767 32767 32767 119 81 170 32767 32767 79 69 18 0 6 10 95 98 113 5 0 0 0 0 0 7 98 68 116 93 32767 32767 56 4 0 0 0 0 0 81 104 2 0 0 0
-9999 -9999 -9999 -9999 -9999 -9999 81 7 209 134 122 106 0 0 4 77 9 62 220 144 160 140 9 84 120 118 90 114 174 215 215 180 264 7 4 2 39 29 2 16 24 27 29 32 6 68 47 32767 32767 32767 32767 32767 32767 13 98 135 32767 32767 43 33 11 4 1 83 25 58 0 0 0 0 0 0 24 36 27 36 125 175 175 32767 19 0 0 0 0 0 1 28 0 0 0 0
-9999 -9999 -9999 -9999 -9999 -9999 58 56 131 183 142 129 61 5 0 27 4 88 7 225 210 202 121 141 85 13 0 31 117 96 186 271 145 32767 10 27 8 18 16 23 31 32 101 78 20 59 81 32767 32767 32767 32767 32767 32767 101 116 57 32767 32767 1 30 26 14 19 36 84 103 0 0 0 0 0 0 30 42 6 32 31 36 125 32767 54 0 0 0 0 0 0 2 30 0 0 0
-9999 -9999 -9999 -9999 -9999 -9999 -9999 53 83 97 156 129 8 86 119 91 116 79 107 37 221 188 101 147 61 0 0 38 137 62 79 182 22 0 21 52 89 33 13 33 17 126 71 77 50 76 92 32767 32767 32767 32767 32767 32767 4 146 126 119 32767 32767 118 9 20 7 39 138 66 57 4 0 0 4 4 0 10 61 32 30 33 46 177 73 28 0 0 0 0 0 0 30 0 0 0
-9999 -9999 -9999 -9999 -9999 -9999 -9999 37 73 59 141 150 110 4 83 31 108 10 37 54 212 212 119 104 111 17 0 36 14 10 42 125 32767 49 100 121 128 66 27 13 21 76 70 127 279 105 47 32767 32767 32767 32767 32767 32767 32767 79 91 33 28 32767 0 40 28 17 41 102 6 43 5 0 0 0 13 8 9 37 23 21 27 38 95 97 37 9 2 2 1 0 0 0 0 0 0
-9999 -9999 -9999 -9999 -9999 -9999 -9999 -9999 55 125 26 135 100 171 26 64 73 34 59 64 203 219 184 89 136 126 130 68 86 29 78 31 32767 111 122 139 108 122 82 75 50 60 76 100 22 28 32767 32767 32767 32767 32767 32767 32767 32767 104 92 29 65 32767 32767 27 0 7 22 70 117 132 127 0 0 8 13 0 0 31 17 35 21 35 68 32767 34 28 1 1 1 0 0 0 0 0 0
-9999 -9999 -9999 -9999 -9999 -9999 -9999 -9999 -9999 111 70 57 141 98 115 75 4 6 2 55 72 216 208 167 109 170 86 71 75 39 52 22 46 140 173 116 194 59 85 117 101 35 65 43 24 32767 32767 85 32767 32767 32767 32767 32767 32767 134 24 88 42 50 32767 0 69 8 6 90 85 131 21 0 0 0 12 0 2 23 35 31 0 14 65 32767 68 44 8 0 0 0 0 0 0 0 0
-9999 -9999 -9999 -9999 -9999 -9999 -9999 -9999 -9999 -9999 37 21 93 63 63 113 121 146 144 56 68 168 221 175 216 119 68 134 60 65 14 32767 58 167 130 30 0 4 52 86 80 30 70 36 48 32767 32767 3 53 32767 32767 32767 32767 32767 133 41 50 34 66 32767 32767 19 33 16 87 94 128 23 0 0 4 0 19 33 9 0 10 0 18 47 32767 93 54 12 9 57 0 8 0 0 0 0
-9999 -9999 -9999 -9999 -9999 -9999 -9999 -9999 -9999 -9999 31 45 154 54 98 136 123 129 122 220 77 78 180 207 190 189 55 150 108 50 32767 85 142 49 40 46 43 43 0 119 94 56 57 11 57 25 32767 32767 32767 32767 32767 32767 32767 32767 32767 149 144 45 38 27 32767 32767 74 0 49 72 153 64 17 27 28 35 40 0 0 0 6 6 5 44 85 111 167 47 22 56 23 16 32 0 0 0
-9999 -9999 -9999 -9999 -9999 -9999 -9999 -9999 120 64 23 70 87 69 84 138 134 128 151 198 186 177 178 219 119 196 93 85 113 53 62 85 111 4 21 17 52 87 82 100 25 101 28 11 46 34 32767 32767 32767 32767 32767 32767 32767 32767 32767 21 120 72 39 31 32767 32767 9 70 52 54 62 83 84 77 58 27 0 0 0 10 6 7 15 28 80 32767 140 79 38 4 25 41 10 0 0 0
-9999 -9999 -9999 -9999 -9999 -9999 -9999 -9999 75 115 57 54 115 77 58 67 91 156 156 92 232 207 194 160 198 195 260 92 56 32767 85 128 11 57 5 25 27 84 83 61 68 70 3 17 20 26 21 32767 32767 32767 32767 32767 32767 32767 32767 3 108 16 44 23 11 32767 32767 107 26 50 78 121 113 129 122 74 0 0 8 0 6 16 32 56 134 157 32767 143 62 28 43 18 22 0 0 0
-9999 -9999 -9999 -9999 -9999 -9999 -9999 -9999 125 111 114 22 80 35 51 148 128 94 107 163 210 191 167 222 229 239 271 43 32767 26 104 130 51 42 4 5 0 73 88 34 67 56 17 17 18 70 38 123 32767 32767 32767 32767 32767 32767 32767 32767 19 21 32 20 57 0 32767 0 66 173 166 112 237 206 130 43 0 7 0 8 16 30 28 101 115 81 160 32767 112 72 34 1 29 0 0 0
-9999 -9999 -9999 -9999 -9999 -9999 -9999 -9999 87 77 1 49 3 32767 0 50 149 121 132 199 209 211 235 157 170 19 7 32767 0 36 227 134 59 0 0 0 68 4 50 10 28 35 77 12 21 24 40 41 32767 32767 32767 32767 32767 32767 32767 32767 32767 94 9 3 27 50 32767 32767 20 159 135 132 169 103 106 66 9 3 1 0 31 30 46 83 114 119 151 131 153 76 39 15 0 0 0 0
-9999 -9999 -9999 -9999 -9999 -9999 -9999 -9999 99 26 32767 32767 32767 32767 32767 32767 0 2 21 168 173 195 18 0 32767 32767 0 64 56 99 247 43 48 0 34 1 46 71 70 70 9 32 34 23 39 58 83 30 142 33 32767 32767 32767 32767 32767 32767 32767 108 36 26 114 34 17 32767 0 12 7 43 27 119 101 67 9 3 3 15 28 41 75 106 57 99 138 111 128 32767 71 13 0 1 0 0
-9999 -9999 -9999 -9999 -9999 -9999 -9999 -9999 32767 40 44 31 38 5 0 0 6 32767 32767 6 4 8 32767 32767 52 53 210 111 0 0 53 13 8 55 28 79 119 74 32 83 11 20 13 27 38 35 58 80 62 74 48 29 54 22 53 32767 32767 32767 32 31 28 17 20 32767 32767 10 36 0 0 0 98 61 6 19 8 0 31 71 98 79 78 63 61 159 181 154 130 34 11 0 2 2
-9999 -9999 -9999 -9999 -9999 -9999 -9999 -9999 9 100 38 66 92 60 20 0 4 9 7 4 8 55 89 127 280 137 41 116 45 66 68 101 42 135 66 96 26 73 12 31 4 32 42 33 34 46 89 66 77 38 72 12 23 31 30 26 139 24 99 54 17 11 12 38 32767 32767 69 36 0 5 0 106 48 19 19 28 34 102 76 79 60 84 62 129 173 85 178 159 67 11 30 21
-9999 -9999 -9999 -9999 -9999 -9999 -9999 -9999 -9999 -9999 106 102 61 39 34 124 4 0 67 13 0 55 61 0 0 4 4 59 0 61 56 3 0 4 75 55 105 109 80 16 21 13 42 44 46 46 36 31 84 45 75 49 25 11 18 30 32 83 53 53 1 45 5 42 11 32767 11 124 56 8 0 0 84 74 32 50 63 61 70 78 78 105 83 151 189 122 32767 158 109 64 3 58
-9999 -9999 -9999 -9999 -9999 -9999 -9999 -9999 -9999 -9999 108 98 66 49 49 101 36 46 22 0 3 0 3 7 6 0 0 3 12 9 35 5 99 129 92 44 32 20 26 40 33 92 67 45 23 89 22 78 54 87 65 31 5 16 26 29 27 25 47 75 60 34 53 21 43 32767 32767 94 60 7 56 0 106 73 47 59 65 68 76 77 77 82 77 115 82 124 181 141 32767 96 35 18
-9999 -9999 -9999 -9999 -9999 -9999 -9999 -9999 107 106 40 54 73 76 52 39 64 3 37 48 6 5 0 3 6 5 0 0 48 8 47 41 6 240 21 45 11 38 34 18 47 56 46 28 49 47 46 68 33 47 50 75 88 63 51 96 22 25 23 47 71 18 48 36 21 1 32767 11 65 71 0 0 4 28 37 57 69 94 61 78 103 77 67 97 148 79 189 221 131 126 75 30
-9999 -9999 -9999 -9999 -9999 -9999 -9999 -9999 39 61 71 66 60 25 36 75 54 73 119 45 13 11 0 0 10 0 0 0 0 0 8 128 51 150 6 32 39 41 40 41 42 58 32 80 77 92 31 18 126 46 3 99 117 48 25 104 43 97 82 49 29 32 39 43 38 48 32767 32767 7 0 0 0 0 7 23 76 95 96 106 109 82 131 125 127 122 89 80 133 124 157 130 108
-9999 -9999 -9999 -9999 -9999 -9999 -9999 32767 89 34 76 64 50 32 31 82 62 98 56 35 43 10 5 0 10 0 0 0 79 22 0 61 166 37 58 37 44 43 38 30 36 24 46 73 9 9 15 57 123 34 0 4 4 5 50 23 28 80 24 98 23 41 61 46 37 34 4 32767 0 78 5 0 0 4 28 61 57 55 82 74 107 167 154 125 141 145 190 153 168 32767 164 98
-9999 -9999 -9999 -9999 -9999 -9999 -9999 32767 40 25 40 36 22 50 31 37 80 47 49 50 11 9 14 8 52 56 0 0 43 51 46 87 66 88 59 39 33 43 43 42 34 10 71 30 92 52 71 45 43 77 7 56 0 0 0 34 51 114 57 44 25 24 68 34 52 12 42 32767 32767 3 3 0 30 0 115 37 69 15 19 35 100 117 121 104 139 122 198 109 99 115 32767 32767
-9999 -9999 -9999 -9999 -9999 -9999 46 32767 24 30 48 22 7 58 43 15 102 53 67 60 5 10 9 13 0 0 4 0 55 33 260 98 83 72 45 52 28 39 37 8 56 10 37 40 42 40 61 72 110 98 102 78 9 14 12 3 0 87 78 50 50 18 93 45 50 90 14 39 32767 5 5 0 0 82 104 8 37 50 41 33 17 105 65 70 51 155 131 57 99 124 161 86
-9999 -9999 -9999 -9999 -9999 32 27 32767 44 138 30 6 34 69 33 28 35 38 77 110 2 48 7 0 3 35 50 37 145 123 252 182 34 126 69 45 34 10 7 69 53 84 94 46 22 43 72 20 24 35 47 90 84 37 6 59 0 0 0 42 81 35 29 78 57 50 10 31 32767 32767 7 51 20 145 21 33 42 20 31 38 1 74 50 48 56 161 161 114 55 74 93 60
-9999 -9999 -9999 -9999 -9999 35 33 32767 15 30 14 19 66 60 32 29 16 53 86 64 95 107 81 79 1 4 4 72 85 6 80 142 32 81 40 48 37 36 12 85 78 33 0 31 45 24 53 32 39 47 50 29 59 38 17 4 69 0 0 39 60 94 40 81 19 25 48 47 32767 32767 2 56 18 77 37 41 31 33 34 5 5 80 105 60 69 80 95 104 33 40 40 32
-9999 -9999 -9999 -9999 5 95 90 32767 15 32 86 19 66 66 35 12 33 28 68 39 53 106 28 25 4 5 7 7 7 43 23 59 63 74 102 100 64 84 51 87 25 33 38 10 51 32 45 50 16 58 61 15 16 58 52 47 116 108 90 57 99 82 83 27 21 21 61 27 36 32767 32767 98 13 109 36 47 7 28 27 53 13 -9999 -9999 -9999 55 63 80 73 27 24 32 25
-9999 -9999 -9999 -9999 119 129 36 32767 18 27 36 74 110 80 32 15 13 32 84 81 60 89 7 28 28 29 6 7 61 14 6 45 63 42 93 101 91 47 82 5 4 32 26 21 64 44 43 67 58 59 40 39 22 55 36 96 42 127 91 95 93 1 102 37 50 18 60 74 25 32767 32767 4 4 -9999 -9999 -9999 -9999 -9999 -9999 -9999 -9999 -9999 -9999 -9999 -9999 -9999 -9999 -9999 39 -9999 -9999 -9999
-9999 -9999 -9999 121 99 32 32767 103 57 73 75 27 40 41 32 41 70 77 6 23 69 13 24 30 32 27 28 75 80 16 6 73 100 39 28 95 60 64 38 35 6 18 27 5 8 86 52 62 50 72 65 36 55 44 51 27 31 52 125 122 55 77 7 53 41 29 63 19 26 53 32767 0 -9999 -9999 -9999 -9999 -9999 -9999 -9999 -9999 -9999 -9999 -9999 -9999 -9999 -9999 -9999 -9999 -9999 -9999 -9999 -9999
-9999 -9999 -9999 24 21 32767 82 105 72 37 84 37 19 0 38 42 48 46 20 24 9 22 33 47 31 37 27 27 6 14 71 72 68 30 61 62 62 135 40 53 23 52 0 7 28 23 61 36 68 82 65 59 54 47 59 66 50 50 94 79 73 115 25 66 65 54 54 61 9 55 32767 -9999 -9999 -9999 -9999 -9999 -9999 -9999 -9999 -9999 -9999 -9999 -9999 -9999 -9999 -9999 -9999 -9999 -9999 -9999 -9999 -9999
-9999 -9999 -9999 -9999 35 62 50 73 115 28 113 11 12 14 14 34 19 70 23 23 5 41 27 25 11 32 21 117 119 18 27 61 34 53 50 34 99 127 90 61 104 82 46 15 27 5 57 37 44 61 55 44 52 54 75 38 59 36 86 24 123 125 50 49 32 71 45 54 51 30 -9999 -9999 -9999 -9999 -9999 -9999 -9999 -9999 -9999 -9999 -9999 -9999 -9999 -9999 -9999 -9999 -9999 -9999 -9999 -9999 -9999 -9999
-9999 -9999 -9999 -9999 83 64 78 50 91 50 84 46 4 15 47 31 29 11 34 126 37 0 30 31 24 36 14 13 46 74 90 81 37 54 14 46 70 133 41 97 41 49 92 35 91 93 26 62 58 38 35 59 64 46 73 56 52 32 28 10 26 45 23 9 33 54 27 91 49 -9999 -9999 -9999 -9999 -9999 -9999 -9999 -9999 -9999 -9999 -9999 -9999 -9999 -9999 -9999 -9999 -9999 -9999 -9999 -9999 -9999 -9999 -9999
-9999 -9999 -9999 -9999 48 44 44 64 86 115 53 56 22 23 40 37 -9999 -9999 -9999 17 4 2 23 26 23 14 16 54 169 191 74 26 94 18 34 54 40 86 46 72 20 42 83 99 34 102 31 43 41 32 47 47 46 46 42 28 34 33 28 110 39 87 51 82 105 30 50 26 30 -9999 -9999 -9999 -9999 -9999 -9999 -9999 -9999 -9999 -9999 -9999 -9999 -9999 -9999 -9999 -9999 -9999 -9999 -9999 -9999 -9999 -9999 -9999
-9999 -9999 -9999 -9999 77 54 42 82 72 127 97 55 26 55 76 87 -9999 -9999 -9999 -9999 5 3 0 0 57 102 231 41 82 39 63 39 72 40 45 62 44 44 37 37 26 43 42 42 33 98 67 39 59 80 43 28 22 40 39 26 21 28 42 114 67 162 243 73 56 22 32767 32767 32767 23 -9999 -9999 -9999 -9999 -9999 -9999 -9999 -9999 -9999 -9999 -9999 -9999 -9999 -9999 -9999 -9999 -9999 -9999 -9999 -9999 -9999 -9999
-9999 -9999 -9999 -9999 -9999 -9999 -9999 37 78 107 78 61 85 46 -9999 -9999 -9999 -9999 -9999 -9999 2 3 0 0 4 127 80 23 59 40 6 75 65 50 40 55 60 50 29 32 29 29 42 63 95 30 36 54 87 26 65 47 21 94 94 35 99 63 59 50 58 36 1 32767 32767 88 62 42 51 32767 -9999 -9999 -9999 -9999 -9999 -9999 -9999 -9999 -9999 -9999 -9999 -9999 -9999 -9999 -9999 -9999 -9999 -9999 -9999 -9999 -9999 -9999
-9999 -9999 -9999 -9999 -9999 -9999 -9999 -9999 95 87 85 86 47 -9999 -9999 -9999 -9999 -9999 -9999 -9999 2 3 0 0 31 56 62 4 4 6 110 60 86 30 44 54 44 42 69 66 62 32 20 46 42 36 92 88 27 38 29 50 10 52 86 96 107 104 100 33 49 32767 32767 34 41 52 79 27 37 32767 39 130 -9999 -9999 -9999 -9999 -9999 -9999 -9999 -9999 -9999 -9999 -9999 -9999 -9999 -9999 -9999 -9999 -9999 -9999 -9999 -9999
-9999 -9999 -9999 -9999 -9999 -9999 -9999 -9999 -9999 49 72 53 -9999 -9999 -9999 -9999 -9999 -9999 -9999 -9999 5 4 2 33 5 11 5 0 3 0 50 55 54 75 52 41 39 32 50 65 79 83 27 28 37 48 83 26 17 21 55 44 18 41 55 74 100 78 66 20 32767 55 31 45 69 142 30 52 25 28 7 154 32767 -9999 -9999 -9999 -9999 -9999 -9999 -9999 -9999 -9999 -9999 -9999 -9999 -9999 -9999 -9999 -9999 -9999 -9999 -9999
-9999 -9999 -9999 -9999 -9999 -9999 -9999 -9999 -9999 -9999 -9999 -9999 -9999 -9999 -9999 -9999 -9999 -9999 -9999 -9999 17 4 2 2 0 0 0 0 5 3 9 4 114 89 66 62 83 40 95 29 40 47 32 33 39 24 10 0 14 22 31 30 54 46 22 50 71 63 32767 39 42 47 44 16 53 119 53 66 51 15 32767 95 32767 -9999 -9999 -9999 -9999 -9999 -9999 -9999 -9999 -9999 -9999 -9999 -9999 -9999 -9999 -9999 -9999 -9999 -9999 -9999
