ValueNro_2398/ValueNro_2398_kuusi.asc
ncols        141
nrows        228
xllcorner    356256.000000000000
yllcorner    6857312.000000000000
cellsize     16.000000000000
NODATA_value -9999
[rows 84 to 125 of 228, columns 0 to 93 of 141]
-9999 -9999 -9999 -9999 -9999 -9999 -9999 -9999 -9999 -9999 -9999 -9999 -9999 -9999 -9999 -9999 -9999 -9999 -9999 -9999 -9999 -9999 -9999 -9999 -9999 -9999 -9999 -9999 -9999 -9999 -9999 -9999 -9999 -9999 -9999 -9999 -9999 -9999 -9999 -9999 -9999 -9999 -9999 -9999 -9999 -9999 -9999 -9999 -9999 -9999 -9999 -9999 -9999 -9999 -9999 -9999 -9999 -9999 -9999 -9999 -9999 -9999 -9999 -9999 -9999 -9999 -9999 -9999 -9999 -9999 -9999 39 216 253 123 71 86 128 70 147 60 140 32 3 3 3 23 17 27 82 87 72 44 33
-9999 -9999 -9999 -9999 -9999 -9999 -9999 -9999 -9999 -9999 -9999 -9999 -9999 -9999 -9999 -9999 -9999 -9999 -9999 -9999 -9999 -9999 -9999 -9999 -9999 -9999 -9999 -9999 -9999 -9999 -9999 -9999 -9999 -9999 -9999 -9999 -9999 -9999 -9999 -9999 -9999 -9999 -9999 -9999 -9999 -9999 -9999 -9999 -9999 -9999 -9999 -9999 -9999 -9999 -9999 -9999 -9999 -9999 -9999 -9999 -9999 -9999 -9999 -9999 -9999 -9999 -9999 -9999 -9999 -9999 -9999 -9999 169 276 150 88 69 90 91 85 21 13 34 3 34 35 135 46 63 100 92 32767 32767 296
-9999 -9999 -9999 -9999 -9999 -9999 -9999 -9999 -9999 -9999 -9999 -9999 -9999 -9999 -9999 -9999 -9999 -9999 -9999 -9999 -9999 -9999 -9999 -9999 -9999 -9999 -9999 -9999 -9999 -9999 -9999 -9999 -9999 -9999 -9999 -9999 -9999 -9999 -9999 -9999 -9999 -9999 -9999 -9999 -9999 -9999 -9999 -9999 -9999 -9999 -9999 -9999 -9999 -9999 -9999 -9999 -9999 -9999 -9999 -9999 -9999 -9999 -9999 -9999 -9999 -9999 -9999 -9999 -9999 -9999 -9999 -9999 -9999 141 178 157 159 182 213 181 99 71 26 20 80 145 123 148 32767 32767 190 149 108 61
-9999 -9999 -9999 -9999 -9999 -9999 -9999 -9999 -9999 -9999 -9999 -9999 -9999 -9999 -9999 -9999 -9999 -9999 -9999 -9999 -9999 -9999 -9999 -9999 -9999 -9999 -9999 -9999 -9999 -9999 -9999 -9999 -9999 -9999 -9999 -9999 -9999 -9999 -9999 -9999 -9999 -9999 -9999 -9999 -9999 -9999 -9999 -9999 -9999 -9999 -9999 -9999 -9999 -9999 -9999 -9999 -9999 -9999 -9999 -9999 -9999 -9999 -9999 -9999 -9999 -9999 -9999 -9999 -9999 -9999 -9999 -9999 -9999 104 109 303 287 270 261 212 152 143 133 61 71 225 32767 32767 268 245 227 168 51 60
-9999 -9999 -9999 -9999 -9999 -9999 -9999 -9999 -9999 -9999 -9999 -9999 -9999 -9999 -9999 -9999 -9999 -9999 -9999 -9999 -9999 -9999 -9999 -9999 -9999 -9999 -9999 -9999 -9999 -9999 -9999 -9999 -9999 -9999 -9999 -9999 -9999 -9999 -9999 -9999 -9999 -9999 -9999 -9999 -9999 -9999 -9999 -9999 -9999 -9999 -9999 -9999 -9999 -9999 -9999 -9999 -9999 -9999 -9999 -9999 -9999 -9999 -9999 -9999 -9999 -9999 -9999 -9999 -9999 -9999 -9999 -9999 -9999 -9999 -9999 295 265 244 153 113 157 60 8 32767 32767 223 222 261 274 175 187 182 29 100
-9999 -9999 -9999 -9999 -9999 -9999 -9999 -9999 -9999 -9999 -9999 -9999 -9999 -9999 -9999 -9999 -9999 -9999 -9999 -9999 -9999 -9999 -9999 -9999 -9999 -9999 -9999 -9999 -9999 -9999 -9999 -9999 -9999 -9999 -9999 -9999 -9999 -9999 -9999 -9999 -9999 -9999 -9999 -9999 -9999 -9999 -9999 -9999 -9999 -9999 -9999 -9999 -9999 -9999 -9999 -9999 -9999 -9999 -9999 -9999 -9999 -9999 -9999 -9999 -9999 -9999 -9999 -9999 -9999 -9999 -9999 -9999 -9999 -9999 -9999 -9999 213 272 158 261 32767 32767 25 15 49 171 174 249 306 210 185 183 111 74
-9999 -9999 -9999 -9999 -9999 -9999 -9999 -9999 -9999 -9999 -9999 -9999 -9999 -9999 -9999 -9999 -9999 -9999 -9999 -9999 -9999 -9999 -9999 -9999 -9999 -9999 -9999 -9999 -9999 -9999 -9999 -9999 -9999 -9999 -9999 -9999 -9999 -9999 -9999 -9999 -9999 -9999 -9999 -9999 -9999 -9999 -9999 -9999 -9999 -9999 -9999 -9999 -9999 -9999 -9999 -9999 -9999 -9999 -9999 -9999 -9999 -9999 -9999 -9999 -9999 -9999 -9999 -9999 -9999 -9999 -9999 -9999 -9999 -9999 -9999 -9999 -9999 112 32767 281 273 248 276 10 65 9 95 305 316 166 130 145 119 165
-9999 -9999 -9999 -9999 -9999 -9999 -9999 -9999 -9999 -9999 -9999 -9999 -9999 -9999 -9999 -9999 -9999 -9999 -9999 -9999 -9999 -9999 -9999 -9999 -9999 -9999 -9999 -9999 -9999 -9999 -9999 -9999 -9999 -9999 -9999 -9999 -9999 -9999 -9999 -9999 -9999 -9999 -9999 -9999 -9999 -9999 -9999 -9999 -9999 -9999 -9999 -9999 -9999 -9999 -9999 -9999 -9999 -9999 -9999 -9999 -9999 -9999 -9999 -9999 -9999 -9999 -9999 -9999 -9999 -9999 -9999 -9999 -9999 -9999 -9999 -9999 -9999 32767 153 249 267 151 144 26 27 41 12 110 132 103 102 52 20 11
-9999 -9999 -9999 -9999 -9999 -9999 -9999 -9999 -9999 -9999 -9999 -9999 -9999 -9999 -9999 -9999 -9999 -9999 -9999 -9999 -9999 -9999 -9999 -9999 -9999 -9999 -9999 -9999 -9999 -9999 -9999 -9999 -9999 -9999 -9999 -9999 -9999 -9999 -9999 -9999 -9999 -9999 -9999 -9999 -9999 -9999 -9999 -9999 -9999 -9999 -9999 -9999 -9999 -9999 -9999 -9999 -9999 -9999 -9999 -9999 -9999 -9999 -9999 -9999 -9999 -9999 -9999 -9999 -9999 -9999 -9999 -9999 -9999 -9999 -9999 -9999 -9999 110 177 156 137 149 26 8 4 10 3 9 36 154 30 10 3 28
-9999 -9999 -9999 -9999 -9999 -9999 -9999 -9999 -9999 -9999 -9999 -9999 -9999 -9999 -9999 -9999 -9999 -9999 -9999 -9999 -9999 -9999 -9999 -9999 -9999 -9999 -9999 -9999 -9999 -9999 -9999 -9999 -9999 -9999 -9999 -9999 -9999 -9999 -9999 -9999 -9999 -9999 -9999 -9999 -9999 -9999 -9999 -9999 -9999 -9999 -9999 -9999 -9999 -9999 -9999 -9999 -9999 -9999 -9999 -9999 -9999 -9999 -9999 -9999 -9999 -9999 -9999 -9999 -9999 -9999 -9999 -9999 -9999 -9999 -9999 -9999 -9999 -9999 5 25 41 24 25 4 1 1 13 26 9 18 12 14 14 13
-9999 -9999 -9999 -9999 -9999 -9999 -9999 -9999 -9999 -9999 -9999 -9999 -9999 -9999 -9999 -9999 -9999 -9999 -9999 -9999 -9999 -9999 -9999 -9999 -9999 -9999 -9999 -9999 -9999 -9999 -9999 -9999 -9999 -9999 -9999 -9999 -9999 -9999 -9999 -9999 -9999 -9999 -9999 -9999 -9999 -9999 -9999 -9999 -9999 -9999 -9999 -9999 -9999 -9999 -9999 -9999 -9999 -9999 -9999 -9999 -9999 -9999 -9999 -9999 -9999 -9999 -9999 -9999 -9999 -9999 -9999 -9999 -9999 -9999 -9999 -9999 -9999 -9999 -9999 -9999 11 32767 32767 1 1 1 2 9 14 5 0 0 1 32767
-9999 -9999 -9999 -9999 -9999 -9999 -9999 -9999 -9999 -9999 -9999 -9999 -9999 -9999 -9999 -9999 -9999 -9999 -9999 -9999 -9999 -9999 -9999 -9999 -9999 -9999 -9999 -9999 -9999 -9999 -9999 -9999 -9999 -9999 -9999 -9999 -9999 -9999 -9999 -9999 -9999 -9999 -9999 -9999 -9999 -9999 -9999 -9999 -9999 -9999 -9999 -9999 -9999 -9999 -9999 -9999 -9999 -9999 -9999 -9999 -9999 -9999 -9999 -9999 -9999 -9999 -9999 -9999 -9999 -9999 -9999 -9999 -9999 -9999 -9999 -9999 -9999 -9999 -9999 32767 32767 32767 13 9 6 7 12 12 12 7 0 0 0 32767
-9999 -9999 -9999 -9999 -9999 -9999 -9999 -9999 -9999 -9999 -9999 -9999 -9999 -9999 -9999 -9999 -9999 -9999 -9999 -9999 -9999 -9999 -9999 -9999 -9999 -9999 -9999 -9999 -9999 -9999 -9999 -9999 -9999 -9999 -9999 -9999 -9999 -9999 -9999 -9999 -9999 -9999 -9999 -9999 -9999 -9999 -9999 -9999 -9999 -9999 -9999 -9999 -9999 -9999 -9999 -9999 -9999 -9999 -9999 -9999 -9999 -9999 -9999 -9999 -9999 -9999 -9999 -9999 -9999 -9999 -9999 -9999 -9999 -9999 -9999 -9999 -9999 -9999 32767 32767 32767 32767 8 9 7 2 7 23 26 11 13 4 1 32767
-9999 -9999 -9999 -9999 -9999 -9999 -9999 -9999 -9999 -9999 -9999 -9999 -9999 -9999 -9999 -9999 -9999 -9999 -9999 -9999 -9999 -9999 -9999 -9999 -9999 -9999 -9999 -9999 -9999 -9999 -9999 -9999 -9999 -9999 -9999 5 32 25 -9999 -9999 -9999 -9999 -9999 -9999 -9999 -9999 -9999 -9999 -9999 -9999 -9999 -9999 -9999 -9999 -9999 -9999 -9999 -9999 -9999 -9999 -9999 -9999 -9999 -9999 -9999 -9999 -9999 -9999 -9999 -9999 -9999 -9999 -9999 -9999 -9999 -9999 -9999 32767 32767 32767 32767 8 4 4 1 6 12 17 21 36 32767 32767 32767 34
-9999 -9999 -9999 -9999 -9999 -9999 -9999 -9999 -9999 -9999 -9999 -9999 -9999 -9999 -9999 -9999 -9999 -9999 -9999 -9999 -9999 -9999 -9999 -9999 -9999 -9999 -9999 -9999 -9999 -9999 -9999 -9999 -9999 -9999 6 28 23 32767 19 -9999 -9999 -9999 -9999 -9999 -9999 -9999 -9999 -9999 -9999 -9999 -9999 -9999 -9999 -9999 32767 32767 32767 32767 32767 -9999 -9999 -9999 -9999 -9999 -9999 -9999 -9999 -9999 -9999 -9999 -9999 -9999 -9999 -9999 -9999 -9999 32767 32767 32767 9 1 32767 0 1 1 9 20 32767 32767 32767 32767 32767 32767 32767
-9999 -9999 -9999 -9999 -9999 -9999 -9999 -9999 -9999 -9999 -9999 -9999 -9999 -9999 -9999 -9999 -9999 -9999 -9999 -9999 -9999 -9999 -9999 -9999 -9999 -9999 -9999 -9999 -9999 -9999 -9999 -9999 -9999 32767 20 26 42 32767 32767 9 74 32767 -9999 -9999 -9999 -9999 -9999 -9999 -9999 -9999 -9999 -9999 -9999 32767 32767 32767 32767 32767 32767 2 -9999 -9999 -9999 -9999 -9999 -9999 -9999 -9999 -9999 -9999 -9999 -9999 -9999 -9999 -9999 32767 32767 32767 10 5 4 1 32767 32767 18 14 32767 32767 32767 32767 32767 32767 32767 32767
-9999 -9999 -9999 -9999 -9999 -9999 -9999 -9999 -9999 -9999 -9999 -9999 -9999 -9999 -9999 -9999 -9999 -9999 -9999 -9999 -9999 -9999 -9999 -9999 -9999 -9999 -9999 -9999 -9999 -9999 -9999 -9999 32767 43 40 27 32767 32767 32767 32767 32767 32767 32767 -9999 -9999 -9999 -9999 -9999 -9999 -9999 20 30 32767 32767 32767 32767 32767 32767 32767 1 1 -9999 -9999 -9999 -9999 -9999 -9999 -9999 -9999 -9999 -9999 -9999 -9999 -9999 32767 10 27 39 25 9 5 32767 32767 32767 32767 32767 32767 32767 32767 32767 32767 32767 32767 26
-9999 -9999 -9999 -9999 -9999 -9999 -9999 -9999 -9999 -9999 -9999 -9999 -9999 -9999 -9999 -9999 -9999 -9999 -9999 -9999 -9999 -9999 -9999 -9999 -9999 -9999 -9999 -9999 -9999 -9999 -9999 -9999 26 175 62 32767 32767 32767 32767 32767 32767 32767 32767 32767 8 32767 32767 32767 -9999 -9999 32767 32767 32767 32767 32767 32767 32767 32767 32767 32767 32767 -9999 -9999 -9999 -9999 -9999 -9999 -9999 -9999 -9999 -9999 -9999 -9999 1 32767 12 14 32767 32767 32767 32767 32767 32767 32767 32767 32767 32767 32767 32767 32767 32767 32767 19 68
-9999 -9999 -9999 -9999 -9999 -9999 -9999 -9999 -9999 -9999 -9999 -9999 -9999 -9999 -9999 -9999 -9999 -9999 -9999 -9999 -9999 -9999 -9999 -9999 -9999 -9999 -9999 -9999 -9999 -9999 -9999 0 13 61 23 24 41 32767 32767 32767 32767 32767 32767 32767 32767 18 36 14 8 44 4 32767 32767 32767 32767 32767 32767 32767 32767 0 0 1 0 5 1 0 30 3 32767 32767 32767 32767 32767 32767 32767 32767 32767 32767 32767 0 32767 32767 80 44 32767 32767 32767 32767 32767 32767 32767 32767 32767 5
-9999 -9999 -9999 -9999 -9999 -9999 -9999 -9999 -9999 -9999 -9999 -9999 -9999 -9999 -9999 -9999 -9999 -9999 -9999 -9999 -9999 -9999 -9999 -9999 -9999 -9999 -9999 -9999 -9999 -9999 12 14 19 14 69 80 101 187 25 19 21 32767 32767 32767 0 19 29 9 2 82 11 32767 6 23 1 32767 1 0 0 0 0 1 1 0 0 6 6 8 32767 32767 32767 32767 32767 32767 32767 32767 32767 32767 8 32767 32767 9 41 86 48 7 32767 32767 32767 32767 32767 32767 32767 32767
-9999 -9999 -9999 -9999 -9999 -9999 -9999 -9999 -9999 -9999 -9999 -9999 -9999 -9999 -9999 -9999 -9999 -9999 -9999 -9999 -9999 -9999 -9999 -9999 -9999 -9999 -9999 -9999 -9999 -9999 107 46 67 78 215 146 123 63 28 32767 32767 32767 32767 32767 32767 32767 1 2 2 21 6 32767 5 6 2 0 0 0 0 0 0 3 0 1 0 0 1 9 10 32767 32767 32767 32767 32767 32767 32767 32767 32767 21 15 32767 56 14 15 20 10 32767 32767 32767 32767 32767 32767 32767 32767
-9999 -9999 -9999 -9999 -9999 -9999 -9999 -9999 -9999 -9999 -9999 -9999 -9999 -9999 -9999 -9999 -9999 -9999 -9999 -9999 -9999 -9999 -9999 -9999 -9999 -9999 -9999 -9999 25 55 49 60 78 154 111 160 227 26 32767 32767 32767 32767 32767 32767 32767 32767 21 2 1 2 0 32767 8 5 0 0 0 0 0 0 3 0 4 3 3 1 0 2 24 32767 32767 32767 32767 32767 32767 32767 32767 32767 48 186 166 49 14 26 23 10 73 32767 32767 32767 32767 32767 32767 32767
-9999 -9999 -9999 -9999 -9999 -9999 -9999 -9999 -9999 -9999 -9999 -9999 -9999 -9999 -9999 -9999 -9999 -9999 -9999 -9999 -9999 -9999 -9999 -9999 -9999 -9999 -9999 32 5 61 120 89 13 33 55 178 32767 32767 32767 32767 32767 32767 32767 32767 32767 32767 32767 32767 3 16 5 5 5 4 2 0 0 0 0 3 1 2 2 4 3 1 3 4 23 57 32767 32767 32767 32767 32767 32767 32767 32767 0 84 222 71 17 11 24 10 17 32767 32767 32767 32767 32767 32767 32767
-9999 -9999 -9999 -9999 -9999 -9999 -9999 -9999 -9999 -9999 -9999 -9999 -9999 -9999 -9999 -9999 -9999 -9999 -9999 -9999 -9999 -9999 -9999 -9999 -9999 45 5 18 53 136 70 33 77 10 144 32767 32767 32767 32767 32767 32767 32767 32767 32767 32767 32767 43 24 32767 32767 32767 6 1 3 1 0 0 0 0 3 1 0 3 5 3 1 0 2 11 54 6 32767 32767 32767 32767 32767 32767 32767 0 88 117 102 61 35 2 5 14 89 32767 32767 32767 32767 32767 32767
-9999 -9999 -9999 -9999 -9999 -9999 -9999 -9999 -9999 -9999 -9999 -9999 -9999 -9999 -9999 -9999 -9999 -9999 -9999 -9999 -9999 -9999 -9999 -9999 56 7 36 55 133 61 25 37 28 64 12 32767 32767 32767 32767 32767 32767 32767 32767 32767 32767 5 32767 32767 32767 32767 32767 3 0 0 0 0 0 0 0 1 3 2 4 3 1 1 3 1 14 29 20 65 32767 32767 32767 32767 11 17 67 45 97 121 76 60 18 5 12 21 32767 32767 32767 32767 32767 32767
-9999 -9999 -9999 -9999 -9999 -9999 -9999 -9999 -9999 -9999 -9999 -9999 -9999 -9999 -9999 -9999 -9999 -9999 -9999 -9999 -9999 -9999 -9999 68 7 72 206 69 9 22 24 37 27 29 38 25 32767 32767 32767 7 32767 32767 32767 32767 32767 32767 11 44 32767 85 37 32767 0 0 0 0 0 0 0 1 1 3 3 3 1 3 0 7 24 12 90 22 12 32767 32767 2 12 20 26 1 15 120 83 19 44 32 13 79 141 32767 123 179 131 156
-9999 -9999 -9999 -9999 -9999 -9999 -9999 -9999 -9999 -9999 -9999 -9999 -9999 -9999 -9999 -9999 -9999 -9999 -9999 -9999 29 16 17 44 78 232 305 41 61 26 20 22 4 21 0 32767 32767 32767 36 32767 32767 32767 32767 108 108 20 67 64 22 59 86 26 4 2 0 0 0 1 1 1 3 4 3 3 4 4 8 9 49 12 70 8 29 25 34 32767 32767 9 32767 32767 2 81 39 82 57 12 31 54 91 206 216 181 213 135
-9999 -9999 -9999 -9999 -9999 -9999 -9999 -9999 -9999 -9999 -9999 -9999 -9999 -9999 -9999 -9999 -9999 -9999 -9999 18 41 43 21 91 113 287 186 14 10 24 68 9 36 32767 32767 32767 32767 32767 0 32767 32767 32767 32767 142 94 79 51 32 17 18 20 20 4 6 0 0 1 1 1 3 3 4 1 1 3 3 9 4 5 22 18 13 37 38 21 32767 32767 32767 32767 32767 32767 38 58 108 42 26 32 53 268 186 245 154 103 65
-9999 -9999 -9999 -9999 -9999 -9999 -9999 -9999 -9999 -9999 -9999 -9999 -9999 -9999 -9999 -9999 -9999 -9999 19 18 35 38 58 313 274 294 123 49 61 30 12 12 52 0 32767 32767 32767 32767 32767 32767 32767 32767 32767 108 76 139 54 70 25 20 60 32767 21 5 0 0 0 1 1 3 0 3 3 1 0 1 8 1 1 34 14 19 38 23 28 35 32767 32767 32767 32767 32767 32767 36 37 2 32767 53 48 203 266 102 44 87 39
-9999 -9999 -9999 -9999 -9999 -9999 -9999 -9999 -9999 -9999 -9999 -9999 -9999 -9999 -9999 -9999 -9999 -9999 26 19 49 65 304 294 272 317 153 108 54 33 12 12 35 5 32767 32767 32767 32767 32767 32767 32767 32767 32767 34 43 77 70 39 12 26 24 32767 25 5 0 0 0 0 4 6 0 3 4 4 2 14 0 1 3 42 35 10 35 29 1 32767 32767 32767 32767 32767 32767 32767 32767 32767 32767 32767 30 55 114 195 82 21 30 30
-9999 -9999 -9999 -9999 -9999 -9999 -9999 -9999 -9999 -9999 -9999 -9999 -9999 -9999 -9999 -9999 -9999 -9999 26 8 35 151 283 241 184 227 109 197 70 33 24 21 9 32767 32767 32767 70 32767 34 136 32767 32767 25 32 40 54 60 33 32 21 19 32767 10 7 1 0 0 0 0 0 3 2 0 2 13 5 0 3 25 38 79 20 31 10 32767 32767 32767 32767 32767 32767 32767 32767 32767 32767 32767 35 21 191 19 115 85 17 6 0
-9999 -9999 -9999 -9999 -9999 -9999 -9999 -9999 -9999 -9999 -9999 -9999 -9999 -9999 -9999 -9999 -9999 -9999 20 18 74 302 304 214 190 205 151 78 44 57 84 27 32767 32767 32767 32767 32767 32767 32767 10 28 33 42 81 68 42 36 33 36 19 21 32767 3 0 0 0 0 0 0 3 3 1 3 5 8 0 1 1 41 35 12 28 30 11 32767 32767 32767 32767 32767 32767 32767 32767 32767 32767 30 32767 32767 9 32 36 59 20 1 0
-9999 -9999 -9999 -9999 -9999 -9999 -9999 -9999 -9999 -9999 -9999 -9999 -9999 -9999 -9999 -9999 -9999 -9999 30 93 182 285 239 59 71 79 83 54 13 67 141 210 32767 32767 32767 32767 32767 32767 32767 32767 21 25 23 18 42 48 42 31 27 13 18 32767 5 0 0 0 0 0 3 5 3 1 10 10 8 0 1 1 1 29 12 15 27 28 32767 32767 32767 32767 32767 32767 32767 32767 32767 13 32767 32767 22 3 33 16 3 48 20 0
-9999 -9999 -9999 -9999 -9999 -9999 -9999 -9999 -9999 -9999 -9999 -9999 -9999 -9999 -9999 -9999 -9999 -9999 52 85 211 261 56 31 38 63 95 65 96 92 92 74 57 32767 32767 32767 32767 32767 32767 32767 20 41 18 6 56 61 46 53 19 24 20 32767 4 1 2 2 2 1 8 5 11 1 1 11 11 0 0 1 1 28 27 14 17 28 32767 32767 32767 32767 32767 32767 32767 32767 32767 32767 73 26 16 12 26 46 50 32 14 4
-9999 -9999 -9999 -9999 -9999 -9999 -9999 -9999 -9999 -9999 -9999 -9999 -9999 -9999 -9999 -9999 -9999 14 59 109 203 27 24 19 68 190 49 113 157 93 35 51 111 102 23 32767 0 32767 32767 32767 16 47 21 12 52 30 39 43 76 35 31 11 2 3 3 2 2 3 5 6 11 1 2 8 10 9 0 19 46 29 1 11 25 39 32767 32767 32767 32767 32767 32767 32767 32767 32767 32767 32767 12 27 12 23 88 37 39 25 6
-9999 -9999 -9999 -9999 -9999 -9999 -9999 -9999 -9999 -9999 -9999 -9999 -9999 -9999 -9999 -9999 -9999 32767 4 130 101 15 15 21 66 67 61 97 141 99 34 31 43 85 32767 32767 32767 0 18 61 20 46 10 45 50 107 41 45 51 64 43 39 32767 6 2 0 3 4 6 6 10 8 9 9 10 8 0 21 56 37 5 10 49 42 42 32767 32767 32767 32767 32767 32767 32767 32767 32767 32767 5 29 12 5 11 14 16 29 61
-9999 -9999 -9999 -9999 -9999 -9999 -9999 -9999 -9999 -9999 -9999 -9999 -9999 -9999 -9999 -9999 -9999 -9999 32767 0 39 16 29 21 63 18 58 48 92 103 12 22 58 30 32767 32767 32767 32767 25 27 50 49 46 51 45 31 38 52 43 53 28 44 32767 6 6 5 6 7 7 6 10 8 1 0 1 1 0 39 36 85 26 54 7 13 9 32767 32767 32767 32767 32767 32767 32767 32767 32767 32767 32767 13 14 9 28 21 104 71 28
-9999 -9999 -9999 -9999 -9999 -9999 -9999 -9999 -9999 -9999 -9999 -9999 -9999 -9999 -9999 -9999 -9999 -9999 32767 32767 32767 22 22 16 17 16 33 63 69 199 182 108 20 32767 32767 32767 32767 32767 47 15 14 22 18 28 6 14 21 22 47 75 35 46 5 3 5 5 9 9 8 5 1 1 1 0 0 6 0 30 31 13 32 26 28 18 32767 32767 32767 32767 32767 32767 32767 32767 32767 32767 32767 32767 2 11 7 10 14 68 40 36
-9999 -9999 -9999 -9999 -9999 -9999 -9999 -9999 -9999 -9999 -9999 -9999 -9999 -9999 -9999 -9999 -9999 -9999 -9999 32767 32767 32767 0 36 28 20 13 13 24 29 70 34 11 32767 32767 32767 32767 39 57 39 24 16 54 29 46 37 24 15 53 43 26 37 1 32767 12 0 3 6 6 2 2 0 2 4 7 22 36 16 57 11 39 38 16 1 32767 32767 32767 32767 32767 32767 32767 32767 32767 32767 32767 32767 0 22 12 37 59 60 56 30
-9999 -9999 -9999 -9999 -9999 -9999 -9999 -9999 -9999 -9999 -9999 -9999 -9999 -9999 -9999 -9999 -9999 -9999 -9999 36 3 32767 32767 2 139 15 13 16 18 13 11 8 32767 43 2 59 112 20 12 51 84 8 14 35 49 60 37 12 12 13 23 24 0 7 24 0 2 4 3 1 1 0 4 11 23 65 93 67 21 9 40 33 17 41 32767 32767 32767 32767 32767 32767 32767 32767 32767 32767 32767 32767 0 9 89 61 14 8 30 25
-9999 -9999 -9999 -9999 -9999 -9999 -9999 -9999 -9999 -9999 -9999 -9999 -9999 -9999 -9999 -9999 -9999 -9999 -9999 44 18 5 32767 32767 41 48 12 12 27 19 15 32767 32767 27 32767 32767 123 15 11 2 10 7 5 28 20 41 48 17 51 13 14 25 28 29 32767 27 0 1 0 0 0 4 4 10 68 83 112 79 10 30 30 3 18 13 32767 32767 32767 32767 32767 32767 32767 32767 32767 32767 32767 0 32767 58 11 34 39 40 28 16
-9999 -9999 -9999 -9999 -9999 -9999 -9999 -9999 -9999 -9999 -9999 -9999 -9999 -9999 -9999 -9999 -9999 -9999 -9999 8 0 7 0 32767 32767 2 4 25 101 6 71 32767 61 32767 32767 32767 32767 95 32767 32767 32767 15 2 14 26 22 20 14 66 18 12 92 24 20 32767 38 0 0 0 0 6 11 24 79 68 67 77 23 9 9 16 6 5 27 29 32767 32767 32767 32767 32767 32767 32767 32767 8 16 1 32767 82 14 26 56 34 47 15
