ValueNro_2398/ValueNro_2398_latvuspeitto.asc
ncols        141
nrows        228
xllcorner    356256.000000000000
yllcorner    6857312.000000000000
cellsize     16.000000000000
NODATA_value -9999
[rows 164 to 204 of 228, columns 0 to 92 of 141]
-9999 -9999 -9999 -9999 -9999 44 43 64 50 46 60 59 66 49 49 61 65 68 65 54 47 49 40 41 34 44 49 63 75 87 83 62 64 82 56 32767 23 34 41 41 28 30 40 43 45 36 27 32767 32767 32767 32767 32767 32767 32767 32767 58 70 61 60 64 79 66 44 45 27 22 15 15 13 14 29 59 65 73 74 63 62 46 31 26 28 21 23 20 60 66 73 69 55 39 5 3 3
-9999 -9999 -9999 -9999 -9999 -9999 54 53 63 64 68 63 70 60 64 50 62 67 72 73 47 46 45 46 42 53 64 75 73 84 79 63 52 81 59 32767 33 44 35 30 19 30 44 53 57 32 28 32767 32767 32767 32767 32767 32767 32767 32767 44 77 71 65 72 77 66 53 50 40 19 27 15 13 14 14 43 66 69 76 77 60 56 46 31 25 21 30 22 37 62 67 68 52 56 22 10 5
-9999 -9999 -9999 -9999 -9999 -9999 68 53 43 63 57 41 61 70 64 67 74 70 77 46 64 42 51 48 46 42 76 76 74 67 74 61 31 85 29 9 39 35 30 35 27 42 52 53 60 46 46 32767 32767 32767 32767 32767 32767 70 32767 32767 11 80 69 64 59 78 68 52 48 19 25 23 13 13 13 18 64 62 69 69 65 69 57 41 32 25 22 30 37 62 62 74 47 16 16 33 5
-9999 -9999 -9999 -9999 -9999 -9999 53 43 49 39 41 34 50 69 82 87 87 69 53 54 39 41 48 52 57 67 69 84 71 51 62 60 60 63 32767 10 32 26 24 35 43 37 46 47 52 43 26 33 32767 32767 32767 32767 32767 82 58 32767 14 79 67 55 63 68 74 54 45 45 22 22 11 13 14 13 29 66 63 70 67 70 66 46 32 24 20 31 41 47 74 65 64 5 5 5 5
-9999 -9999 -9999 -9999 -9999 -9999 46 62 60 63 41 30 30 69 69 44 46 70 67 71 55 67 50 54 79 69 64 71 82 59 66 62 85 36 32767 25 33 24 15 30 45 43 46 50 51 43 33 32767 32767 32767 32767 32767 42 69 77 32767 32767 56 82 45 48 52 83 74 53 43 23 31 14 14 14 14 31 64 63 62 61 32767 32767 60 35 22 20 34 30 26 74 50 16 5 4 4 4
-9999 -9999 -9999 -9999 -9999 -9999 64 47 74 75 70 71 33 29 35 54 52 48 84 72 68 74 41 70 70 58 47 54 79 83 86 67 84 23 8 14 29 33 31 42 45 46 46 57 55 36 31 32767 32767 32767 32767 32767 32767 61 75 72 32767 32767 65 54 58 50 57 44 49 36 25 30 13 13 8 15 40 46 53 54 71 70 66 32767 47 21 20 22 34 25 28 38 19 5 4 4 4
-9999 -9999 -9999 -9999 -9999 -9999 68 72 48 63 86 70 46 29 27 49 63 51 57 83 85 84 75 68 64 43 1 44 63 79 85 82 66 32767 34 23 22 42 40 45 51 58 66 68 59 59 34 32767 32767 32767 32767 32767 32767 38 77 69 32767 32767 33 61 52 39 63 69 61 39 22 27 14 17 13 38 56 50 55 49 55 53 69 32767 42 25 21 24 34 30 29 30 47 6 5 4 5
-9999 -9999 -9999 -9999 -9999 -9999 -9999 45 55 48 85 82 41 42 49 48 44 39 43 52 78 86 63 72 51 1 1 45 61 62 71 65 42 14 32 45 50 56 49 61 55 69 74 75 52 67 37 32767 32767 32767 32767 32767 32767 19 59 74 70 32767 32767 66 59 37 48 71 68 59 29 16 15 19 47 53 45 53 51 48 48 50 59 69 61 42 25 26 39 33 36 45 54 12 5 5 5
-9999 -9999 -9999 -9999 -9999 -9999 -9999 39 41 53 82 74 77 52 51 54 47 42 30 65 67 87 87 63 80 46 0 39 79 64 49 68 32767 46 54 49 53 42 55 52 56 81 72 79 88 66 33 32767 32767 32767 32767 32767 32767 32767 56 68 69 56 32767 33 64 45 38 69 58 58 36 14 12 19 50 52 52 53 48 49 54 55 59 66 57 59 39 28 29 27 29 41 49 30 14 10 5
-9999 -9999 -9999 -9999 -9999 -9999 -9999 -9999 38 48 67 80 71 82 73 45 42 32 40 69 70 66 72 75 65 79 73 79 72 60 66 58 32767 56 69 70 42 54 47 55 55 71 73 74 72 56 32767 32767 32767 32767 32767 32767 32767 32767 53 73 66 75 32767 32767 59 64 47 77 75 75 64 38 12 13 44 52 53 51 51 57 62 61 54 65 32767 75 54 25 28 24 29 30 20 31 23 12 6
-9999 -9999 -9999 -9999 -9999 -9999 -9999 -9999 -9999 40 50 77 68 66 57 83 51 61 51 60 41 49 67 85 77 77 83 66 73 64 68 39 45 67 65 52 64 26 30 56 72 68 63 59 62 32767 32767 35 32767 32767 32767 32767 32767 32767 54 79 78 65 52 32767 27 75 56 53 75 60 63 14 14 13 45 47 52 56 57 60 61 59 56 65 32767 64 57 35 30 32 34 38 22 22 18 20 23
-9999 -9999 -9999 -9999 -9999 -9999 -9999 -9999 -9999 -9999 32 73 74 80 72 57 84 74 81 57 34 56 64 85 81 71 74 63 63 70 40 32767 53 76 53 43 31 29 23 39 56 59 81 64 67 32767 32767 30 20 32767 32767 32767 32767 32767 57 82 75 77 70 32767 32767 60 67 46 75 63 72 25 18 14 39 51 55 59 59 65 59 65 59 65 32767 66 63 56 38 45 40 46 26 19 18 18 30
-9999 -9999 -9999 -9999 -9999 -9999 -9999 -9999 -9999 -9999 38 63 79 79 79 87 67 61 80 84 40 28 58 72 88 79 70 81 79 59 32767 41 85 67 54 53 36 35 13 58 71 61 75 66 65 62 32767 32767 32767 32767 32767 32767 32767 32767 32767 74 72 76 66 59 32767 32767 60 60 71 70 86 56 44 49 54 62 62 64 65 61 62 62 65 65 72 66 68 65 55 59 52 55 51 24 21 20 22
-9999 -9999 -9999 -9999 -9999 -9999 -9999 -9999 60 70 62 65 76 71 76 86 76 61 81 85 59 44 58 81 88 82 74 76 74 71 62 64 53 61 32 23 33 42 38 56 44 63 69 62 68 72 32767 32767 32767 32767 32767 32767 32767 32767 32767 60 75 74 67 72 32767 32767 44 68 78 60 74 69 56 61 63 58 63 63 59 60 62 66 74 66 70 32767 68 67 61 64 67 63 53 29 25 17 28
-9999 -9999 -9999 -9999 -9999 -9999 -9999 -9999 57 76 68 68 60 51 68 71 68 75 81 74 85 62 73 69 81 81 83 72 38 32767 64 69 59 34 25 37 35 35 64 63 84 73 57 65 58 68 57 32767 32767 32767 32767 32767 32767 32767 32767 27 76 69 64 71 57 32767 32767 71 75 72 79 75 64 73 71 69 59 60 60 58 68 74 66 63 75 75 32767 70 66 66 71 56 50 33 25 17 30
-9999 -9999 -9999 -9999 -9999 -9999 -9999 -9999 63 65 81 81 80 45 43 79 80 81 85 80 90 69 61 73 59 87 69 31 32767 32 53 53 60 44 11 17 28 41 61 67 76 74 62 68 64 71 65 65 32767 32767 32767 32767 32767 32767 32767 32767 36 62 65 65 73 33 32767 12 77 79 83 75 73 71 69 70 65 60 60 60 74 69 62 72 72 70 75 32767 71 68 63 56 51 25 17 17 29
-9999 -9999 -9999 -9999 -9999 -9999 -9999 -9999 45 48 62 51 14 32767 7 55 74 76 80 82 88 67 86 67 67 33 31 32767 11 44 58 46 56 24 23 26 43 67 49 60 58 61 74 63 60 77 61 67 32767 32767 32767 32767 32767 32767 32767 32767 32767 51 62 67 65 70 32767 32767 50 54 46 68 76 60 64 64 57 51 59 60 69 66 65 68 70 71 72 72 70 67 65 54 31 22 16 18 20
-9999 -9999 -9999 -9999 -9999 -9999 -9999 -9999 64 54 32767 32767 32767 32767 32767 32767 2 13 31 61 57 71 33 41 32767 32767 23 21 16 64 67 44 44 37 35 23 63 64 62 60 53 69 65 65 62 73 75 64 74 75 32767 32767 32767 32767 32767 32767 32767 43 68 77 82 72 57 32767 24 35 24 34 19 49 55 65 63 53 57 62 57 64 68 72 65 68 70 75 72 32767 70 64 30 21 18 18 20
-9999 -9999 -9999 -9999 -9999 -9999 -9999 -9999 32767 65 70 60 57 13 24 7 27 32767 32767 5 13 27 32767 32767 36 56 73 63 15 40 36 41 43 56 48 48 77 75 60 69 33 36 68 66 65 65 66 69 71 71 78 81 71 74 62 32767 32767 32767 63 52 70 63 64 32767 32767 22 35 15 15 13 56 66 66 57 59 58 58 68 68 75 74 76 71 75 73 71 59 54 55 21 30 29 26
-9999 -9999 -9999 -9999 -9999 -9999 -9999 -9999 65 63 72 75 67 61 37 5 11 12 5 12 30 32 63 66 81 59 55 48 41 62 67 67 52 56 57 65 72 80 66 72 53 37 68 70 70 73 73 62 72 53 67 61 67 66 66 61 72 77 66 75 66 60 81 53 32767 32767 25 45 13 31 16 64 71 59 60 66 65 72 74 75 78 80 69 73 72 66 72 67 69 57 39 39 26
-9999 -9999 -9999 -9999 -9999 -9999 -9999 -9999 -9999 -9999 76 80 75 63 57 49 23 13 31 32 30 40 42 39 32 37 35 55 37 57 55 33 24 60 70 79 72 77 73 60 64 47 61 63 70 64 69 57 77 69 80 70 59 52 37 60 62 74 71 67 70 73 78 77 46 32767 23 38 19 27 28 17 58 72 67 69 78 74 77 75 75 76 78 74 73 67 32767 76 73 71 60 45 28
-9999 -9999 -9999 -9999 -9999 -9999 -9999 -9999 -9999 -9999 80 81 75 72 65 59 33 33 36 30 33 25 28 34 30 33 29 34 41 35 30 31 40 67 76 73 73 74 71 66 52 83 77 62 68 76 67 74 78 80 77 71 51 58 45 36 42 41 71 73 71 70 73 81 67 32767 32767 38 23 30 33 28 53 64 75 81 76 77 74 74 74 68 74 74 73 71 70 70 32767 81 69 57 61
-9999 -9999 -9999 -9999 -9999 -9999 -9999 -9999 82 88 63 82 77 70 66 68 65 59 51 41 33 31 34 36 17 17 21 26 38 33 38 41 54 83 78 74 74 76 78 72 70 60 69 61 70 69 67 74 69 70 67 64 45 40 39 67 58 61 83 52 69 74 71 76 82 51 32767 32 25 33 21 26 33 56 74 72 74 78 78 75 77 74 72 73 74 73 76 75 71 69 69 66 71
-9999 -9999 -9999 -9999 -9999 -9999 -9999 -9999 71 67 80 72 53 45 68 69 65 50 44 41 44 48 27 23 23 13 14 30 32 15 35 51 48 76 78 78 76 76 76 76 74 72 68 78 74 70 45 44 69 66 59 49 49 31 32 55 81 60 61 54 43 49 75 73 76 76 32767 32767 26 16 19 7 21 57 71 75 76 76 76 66 69 68 65 69 71 65 61 70 71 75 71 75 64
-9999 -9999 -9999 -9999 -9999 -9999 -9999 32767 66 65 76 68 77 78 66 72 66 39 44 30 44 34 18 13 16 16 15 32 54 34 28 48 77 59 71 70 75 77 76 76 76 66 66 71 71 72 45 61 66 43 24 29 28 29 38 32 46 48 33 37 63 60 71 73 73 79 55 32767 21 39 16 3 21 35 50 69 74 70 73 65 66 74 74 73 77 69 68 64 70 32767 74 69 75
-9999 -9999 -9999 -9999 -9999 -9999 -9999 32767 68 63 68 75 59 74 67 68 62 40 37 45 36 28 35 13 23 36 31 27 42 64 64 77 74 75 72 74 70 77 75 73 76 66 68 52 73 70 71 62 81 81 54 41 29 28 28 35 54 43 36 30 49 36 67 71 71 76 68 32767 32767 26 12 4 35 17 72 74 75 76 73 76 73 74 70 77 77 72 74 64 65 79 32767 32767 32767
-9999 -9999 -9999 -9999 -9999 -9999 59 32767 61 63 74 59 49 71 57 54 60 46 37 38 33 25 31 33 15 32 39 37 41 65 82 78 70 88 63 66 63 71 71 69 71 80 72 55 66 70 67 74 66 84 67 71 46 41 41 37 31 44 43 42 46 53 63 65 64 72 79 53 32767 6 23 22 21 40 89 74 73 73 76 75 75 77 72 78 81 75 70 71 80 73 76 67 67
-9999 -9999 -9999 -9999 -9999 55 65 32767 62 72 62 48 70 64 61 53 63 63 52 64 44 45 34 26 37 47 59 49 54 78 82 84 68 71 78 65 72 66 61 70 69 72 85 55 50 65 81 50 71 70 75 80 71 54 50 46 37 36 24 47 41 52 70 68 70 74 67 68 32767 32767 24 29 13 68 68 73 70 63 69 67 70 67 74 83 75 76 76 70 69 69 65 74 59
-9999 -9999 -9999 -9999 -9999 63 72 32767 43 64 55 42 71 69 54 56 54 68 67 59 56 41 40 58 51 62 64 59 54 55 82 74 68 77 83 74 71 72 61 72 80 73 69 49 65 48 68 58 73 73 65 60 74 55 64 48 42 39 32 40 36 54 61 72 72 75 66 77 32767 32767 16 44 22 74 70 68 63 62 68 68 65 77 77 75 79 73 69 69 67 65 74 66 67
-9999 -9999 -9999 -9999 52 60 68 32767 46 70 78 60 66 66 59 56 66 66 68 65 65 60 44 29 46 56 60 60 63 65 63 66 80 83 80 79 73 73 75 82 69 71 60 68 68 49 58 63 73 74 69 69 67 71 61 52 56 46 52 40 45 50 66 68 74 75 71 82 71 32767 32767 31 13 61 59 71 62 67 71 72 61 -9999 -9999 -9999 81 80 72 69 74 73 67 60 54
-9999 -9999 -9999 -9999 66 67 60 32767 78 68 66 72 69 71 67 59 63 66 76 68 69 54 51 53 46 45 55 64 65 60 63 70 73 74 78 79 79 57 76 70 68 70 55 65 74 56 73 74 73 76 67 68 70 75 60 80 52 63 54 55 54 51 61 62 71 75 70 78 80 32767 32767 18 14 -9999 -9999 -9999 -9999 -9999 -9999 -9999 -9999 -9999 -9999 -9999 -9999 -9999 -9999 -9999 71 -9999 -9999 -9999 60
-9999 -9999 -9999 62 45 58 32767 43 67 64 73 50 50 70 66 57 69 75 64 64 71 39 53 54 55 53 47 63 62 61 57 66 76 74 72 82 75 75 67 65 64 68 75 65 55 85 72 71 63 76 69 74 70 67 64 53 65 55 56 51 44 54 71 67 75 76 69 74 84 51 32767 21 -9999 -9999 -9999 -9999 -9999 -9999 -9999 -9999 -9999 -9999 -9999 -9999 -9999 -9999 -9999 -9999 -9999 -9999 -9999 -9999 59
-9999 -9999 -9999 40 62 32767 66 75 61 55 74 36 59 64 68 62 72 74 59 59 52 45 48 62 49 58 46 44 45 61 53 67 83 72 72 83 74 77 70 60 50 69 72 59 52 74 66 60 72 70 73 71 65 63 71 73 74 76 61 58 43 49 63 68 73 73 66 75 72 71 32767 -9999 -9999 -9999 -9999 -9999 -9999 -9999 -9999 -9999 -9999 -9999 -9999 -9999 -9999 -9999 -9999 -9999 -9999 -9999 -9999 -9999 -9999
-9999 -9999 -9999 -9999 51 83 70 67 65 58 76 41 47 49 49 63 63 74 62 56 30 29 40 53 49 51 47 46 53 54 46 68 75 70 73 77 79 78 76 66 70 74 74 62 56 69 63 61 64 71 65 65 73 78 72 75 72 60 79 53 48 51 55 68 69 72 64 71 75 73 -9999 -9999 -9999 -9999 -9999 -9999 -9999 -9999 -9999 -9999 -9999 -9999 -9999 -9999 -9999 -9999 -9999 -9999 -9999 -9999 -9999 -9999 -9999
-9999 -9999 -9999 -9999 66 63 83 69 60 59 74 73 63 56 58 68 58 65 73 49 39 26 26 37 47 59 60 60 60 55 60 75 56 77 71 73 83 79 71 72 56 54 77 57 76 83 53 77 77 65 66 70 71 67 73 73 70 76 50 65 63 51 62 55 55 68 53 82 51 -9999 -9999 -9999 -9999 -9999 -9999 -9999 -9999 -9999 -9999 -9999 -9999 -9999 -9999 -9999 -9999 -9999 -9999 -9999 -9999 -9999 -9999 -9999 -9999
-9999 -9999 -9999 -9999 50 65 71 62 63 66 69 71 69 58 62 59 -9999 -9999 -9999 41 26 27 34 29 33 60 45 68 74 77 71 67 74 78 72 72 69 73 63 70 73 77 71 76 56 84 62 66 68 56 59 72 65 74 69 75 69 71 75 79 52 73 64 68 91 54 69 77 58 -9999 -9999 -9999 -9999 -9999 -9999 -9999 -9999 -9999 -9999 -9999 -9999 -9999 -9999 -9999 -9999 -9999 -9999 -9999 -9999 -9999 -9999 -9999 -9999
-9999 -9999 -9999 -9999 75 59 67 62 61 69 79 76 63 74 79 69 -9999 -9999 -9999 -9999 13 21 25 25 40 66 75 76 60 57 67 66 75 62 65 68 66 61 76 78 83 69 67 60 54 73 72 62 67 78 52 70 72 62 67 72 76 73 77 72 71 76 81 78 68 44 32767 32767 32767 43 -9999 -9999 -9999 -9999 -9999 -9999 -9999 -9999 -9999 -9999 -9999 -9999 -9999 -9999 -9999 -9999 -9999 -9999 -9999 -9999 -9999 -9999 -9999
-9999 -9999 -9999 -9999 -9999 -9999 -9999 67 70 75 73 69 76 61 -9999 -9999 -9999 -9999 -9999 -9999 7 11 21 24 26 68 73 58 35 44 56 77 75 65 64 66 70 73 69 72 71 71 68 73 71 50 50 65 74 66 76 59 51 79 74 54 77 75 75 64 63 65 49 32767 32767 53 70 70 70 32767 -9999 -9999 -9999 -9999 -9999 -9999 -9999 -9999 -9999 -9999 -9999 -9999 -9999 -9999 -9999 -9999 -9999 -9999 -9999 -9999 -9999 -9999 -9999
-9999 -9999 -9999 -9999 -9999 -9999 -9999 -9999 73 76 73 74 70 -9999 -9999 -9999 -9999 -9999 -9999 -9999 8 20 21 27 34 32 35 31 22 35 53 55 79 52 74 73 64 64 72 72 79 72 83 65 59 51 76 79 58 73 46 60 69 68 79 74 76 76 78 52 58 32767 32767 59 63 75 78 68 68 32767 73 67 -9999 -9999 -9999 -9999 -9999 -9999 -9999 -9999 -9999 -9999 -9999 -9999 -9999 -9999 -9999 -9999 -9999 -9999 -9999 -9999 -9999
-9999 -9999 -9999 -9999 -9999 -9999 -9999 -9999 -9999 61 71 70 -9999 -9999 -9999 -9999 -9999 -9999 -9999 -9999 13 23 27 36 35 35 21 12 7 18 32 53 77 76 68 60 58 57 66 71 73 78 77 72 74 62 79 55 54 70 62 57 77 64 70 71 78 86 71 51 32767 60 50 74 72 72 48 75 68 63 73 70 32767 -9999 -9999 -9999 -9999 -9999 -9999 -9999 -9999 -9999 -9999 -9999 -9999 -9999 -9999 -9999 -9999 -9999 -9999 -9999 -9999
-9999 -9999 -9999 -9999 -9999 -9999 -9999 -9999 -9999 -9999 -9999 -9999 -9999 -9999 -9999 -9999 -9999 -9999 -9999 -9999 61 29 26 27 27 22 20 12 5 5 33 60 74 76 70 69 78 67 81 56 71 84 79 78 73 77 52 48 55 70 50 50 72 76 71 64 67 78 32767 73 68 68 62 61 69 74 60 71 80 53 32767 72 32767 -9999 -9999 -9999 -9999 -9999 -9999 -9999 -9999 -9999 -9999 -9999 -9999 -9999 -9999 -9999 -9999 -9999 -9999 -9999 -9999
