ValueNro_2398/ValueNro_2398_lehtip_latvuspeitto.asc
ncols        141
nrows        228
xllcorner    356256.000000000000
yllcorner    6857312.000000000000
cellsize     16.000000000000
NODATA_value -9999
[rows 86 to 128 of 228, columns 0 to 95 of 141]
-9999 -9999 -9999 -9999 -9999 -9999 -9999 -9999 -9999 -9999 -9999 -9999 -9999 -9999 -9999 -9999 -9999 -9999 -9999 -9999 -9999 -9999 -9999 -9999 -9999 -9999 -9999 -9999 -9999 -9999 -9999 -9999 -9999 -9999 -9999 -9999 -9999 -9999 -9999 -9999 -9999 -9999 -9999 -9999 -9999 -9999 -9999 -9999 -9999 -9999 -9999 -9999 -9999 -9999 -9999 -9999 -9999 -9999 -9999 -9999 -9999 -9999 -9999 -9999 -9999 -9999 -9999 -9999 -9999 -9999 -9999 -9999 -9999 18 12 12 7 11 5 9 6 11 13 11 10 23 14 16 32767 32767 11 13 33 34 6 6
-9999 -9999 -9999 -9999 -9999 -9999 -9999 -9999 -9999 -9999 -9999 -9999 -9999 -9999 -9999 -9999 -9999 -9999 -9999 -9999 -9999 -9999 -9999 -9999 -9999 -9999 -9999 -9999 -9999 -9999 -9999 -9999 -9999 -9999 -9999 -9999 -9999 -9999 -9999 -9999 -9999 -9999 -9999 -9999 -9999 -9999 -9999 -9999 -9999 -9999 -9999 -9999 -9999 -9999 -9999 -9999 -9999 -9999 -9999 -9999 -9999 -9999 -9999 -9999 -9999 -9999 -9999 -9999 -9999 -9999 -9999 -9999 -9999 9 6 2 2 0 0 6 15 11 8 6 7 10 32767 32767 0 6 11 14 29 41 11 16
-9999 -9999 -9999 -9999 -9999 -9999 -9999 -9999 -9999 -9999 -9999 -9999 -9999 -9999 -9999 -9999 -9999 -9999 -9999 -9999 -9999 -9999 -9999 -9999 -9999 -9999 -9999 -9999 -9999 -9999 -9999 -9999 -9999 -9999 -9999 -9999 -9999 -9999 -9999 -9999 -9999 -9999 -9999 -9999 -9999 -9999 -9999 -9999 -9999 -9999 -9999 -9999 -9999 -9999 -9999 -9999 -9999 -9999 -9999 -9999 -9999 -9999 -9999 -9999 -9999 -9999 -9999 -9999 -9999 -9999 -9999 -9999 -9999 -9999 -9999 7 1 3 13 17 13 13 8 32767 32767 4 7 3 0 17 10 10 23 17 17 18
-9999 -9999 -9999 -9999 -9999 -9999 -9999 -9999 -9999 -9999 -9999 -9999 -9999 -9999 -9999 -9999 -9999 -9999 -9999 -9999 -9999 -9999 -9999 -9999 -9999 -9999 -9999 -9999 -9999 -9999 -9999 -9999 -9999 -9999 -9999 -9999 -9999 -9999 -9999 -9999 -9999 -9999 -9999 -9999 -9999 -9999 -9999 -9999 -9999 -9999 -9999 -9999 -9999 -9999 -9999 -9999 -9999 -9999 -9999 -9999 -9999 -9999 -9999 -9999 -9999 -9999 -9999 -9999 -9999 -9999 -9999 -9999 -9999 -9999 -9999 -9999 4 10 7 9 32767 32767 12 10 18 6 1 8 2 5 9 5 15 27 26 33
-9999 -9999 -9999 -9999 -9999 -9999 -9999 -9999 -9999 -9999 -9999 -9999 -9999 -9999 -9999 -9999 -9999 -9999 -9999 -9999 -9999 -9999 -9999 -9999 -9999 -9999 -9999 -9999 -9999 -9999 -9999 -9999 -9999 -9999 -9999 -9999 -9999 -9999 -9999 -9999 -9999 -9999 -9999 -9999 -9999 -9999 -9999 -9999 -9999 -9999 -9999 -9999 -9999 -9999 -9999 -9999 -9999 -9999 -9999 -9999 -9999 -9999 -9999 -9999 -9999 -9999 -9999 -9999 -9999 -9999 -9999 -9999 -9999 -9999 -9999 -9999 -9999 7 32767 0 0 6 11 37 12 12 14 6 3 8 7 14 15 12 26 25
-9999 -9999 -9999 -9999 -9999 -9999 -9999 -9999 -9999 -9999 -9999 -9999 -9999 -9999 -9999 -9999 -9999 -9999 -9999 -9999 -9999 -9999 -9999 -9999 -9999 -9999 -9999 -9999 -9999 -9999 -9999 -9999 -9999 -9999 -9999 -9999 -9999 -9999 -9999 -9999 -9999 -9999 -9999 -9999 -9999 -9999 -9999 -9999 -9999 -9999 -9999 -9999 -9999 -9999 -9999 -9999 -9999 -9999 -9999 -9999 -9999 -9999 -9999 -9999 -9999 -9999 -9999 -9999 -9999 -9999 -9999 -9999 -9999 -9999 -9999 -9999 -9999 32767 7 1 0 8 30 25 26 7 9 8 18 1 17 12 24 39 32 46
-9999 -9999 -9999 -9999 -9999 -9999 -9999 -9999 -9999 -9999 -9999 -9999 -9999 -9999 -9999 -9999 -9999 -9999 -9999 -9999 -9999 -9999 -9999 -9999 -9999 -9999 -9999 -9999 -9999 -9999 -9999 -9999 -9999 -9999 -9999 -9999 -9999 -9999 -9999 -9999 -9999 -9999 -9999 -9999 -9999 -9999 -9999 -9999 -9999 -9999 -9999 -9999 -9999 -9999 -9999 -9999 -9999 -9999 -9999 -9999 -9999 -9999 -9999 -9999 -9999 -9999 -9999 -9999 -9999 -9999 -9999 -9999 -9999 -9999 -9999 -9999 -9999 12 12 27 15 25 41 41 29 17 17 6 16 34 51 15 23 25 48 32767
-9999 -9999 -9999 -9999 -9999 -9999 -9999 -9999 -9999 -9999 -9999 -9999 -9999 -9999 -9999 -9999 -9999 -9999 -9999 -9999 -9999 -9999 -9999 -9999 -9999 -9999 -9999 -9999 -9999 -9999 -9999 -9999 -9999 -9999 -9999 -9999 -9999 -9999 -9999 -9999 -9999 -9999 -9999 -9999 -9999 -9999 -9999 -9999 -9999 -9999 -9999 -9999 -9999 -9999 -9999 -9999 -9999 -9999 -9999 -9999 -9999 -9999 -9999 -9999 -9999 -9999 -9999 -9999 -9999 -9999 -9999 -9999 -9999 -9999 -9999 -9999 -9999 -9999 1 39 40 40 30 29 25 18 29 27 32 38 32 32 36 43 41 32767
-9999 -9999 -9999 -9999 -9999 -9999 -9999 -9999 -9999 -9999 -9999 -9999 -9999 -9999 -9999 -9999 -9999 -9999 -9999 -9999 -9999 -9999 -9999 -9999 -9999 -9999 -9999 -9999 -9999 -9999 -9999 -9999 -9999 -9999 -9999 -9999 -9999 -9999 -9999 -9999 -9999 -9999 -9999 -9999 -9999 -9999 -9999 -9999 -9999 -9999 -9999 -9999 -9999 -9999 -9999 -9999 -9999 -9999 -9999 -9999 -9999 -9999 -9999 -9999 -9999 -9999 -9999 -9999 -9999 -9999 -9999 -9999 -9999 -9999 -9999 -9999 -9999 -9999 -9999 -9999 42 32767 32767 22 18 17 24 34 50 57 19 20 31 32767 32767 32767
-9999 -9999 -9999 -9999 -9999 -9999 -9999 -9999 -9999 -9999 -9999 -9999 -9999 -9999 -9999 -9999 -9999 -9999 -9999 -9999 -9999 -9999 -9999 -9999 -9999 -9999 -9999 -9999 -9999 -9999 -9999 -9999 -9999 -9999 -9999 -9999 -9999 -9999 -9999 -9999 -9999 -9999 -9999 -9999 -9999 -9999 -9999 -9999 -9999 -9999 -9999 -9999 -9999 -9999 -9999 -9999 -9999 -9999 -9999 -9999 -9999 -9999 -9999 -9999 -9999 -9999 -9999 -9999 -9999 -9999 -9999 -9999 -9999 -9999 -9999 -9999 -9999 -9999 -9999 32767 32767 32767 30 23 30 40 30 28 36 27 20 5 22 32767 22 32767
-9999 -9999 -9999 -9999 -9999 -9999 -9999 -9999 -9999 -9999 -9999 -9999 -9999 -9999 -9999 -9999 -9999 -9999 -9999 -9999 -9999 -9999 -9999 -9999 -9999 -9999 -9999 -9999 -9999 -9999 -9999 -9999 -9999 -9999 -9999 -9999 -9999 -9999 -9999 -9999 -9999 -9999 -9999 -9999 -9999 -9999 -9999 -9999 -9999 -9999 -9999 -9999 -9999 -9999 -9999 -9999 -9999 -9999 -9999 -9999 -9999 -9999 -9999 -9999 -9999 -9999 -9999 -9999 -9999 -9999 -9999 -9999 -9999 -9999 -9999 -9999 -9999 -9999 32767 32767 32767 32767 34 48 25 26 24 36 47 47 37 50 11 32767 3 32767
-9999 -9999 -9999 -9999 -9999 -9999 -9999 -9999 -9999 -9999 -9999 -9999 -9999 -9999 -9999 -9999 -9999 -9999 -9999 -9999 -9999 -9999 -9999 -9999 -9999 -9999 -9999 -9999 -9999 -9999 -9999 -9999 -9999 -9999 -9999 1 1 8 -9999 -9999 -9999 -9999 -9999 -9999 -9999 -9999 -9999 -9999 -9999 -9999 -9999 -9999 -9999 -9999 -9999 -9999 -9999 -9999 -9999 -9999 -9999 -9999 -9999 -9999 -9999 -9999 -9999 -9999 -9999 -9999 -9999 -9999 -9999 -9999 -9999 -9999 -9999 32767 32767 32767 32767 10 32 28 24 32 45 49 53 64 32767 32767 32767 4 32767 32767
-9999 -9999 -9999 -9999 -9999 -9999 -9999 -9999 -9999 -9999 -9999 -9999 -9999 -9999 -9999 -9999 -9999 -9999 -9999 -9999 -9999 -9999 -9999 -9999 -9999 -9999 -9999 -9999 -9999 -9999 -9999 -9999 -9999 -9999 2 10 7 32767 13 -9999 -9999 -9999 -9999 -9999 -9999 -9999 -9999 -9999 -9999 -9999 -9999 -9999 -9999 -9999 32767 32767 32767 32767 32767 -9999 -9999 -9999 -9999 -9999 -9999 -9999 -9999 -9999 -9999 -9999 -9999 -9999 -9999 -9999 -9999 -9999 32767 32767 32767 27 17 32767 12 18 17 27 33 32767 32767 32767 32767 32767 32767 32767 38 2
-9999 -9999 -9999 -9999 -9999 -9999 -9999 -9999 -9999 -9999 -9999 -9999 -9999 -9999 -9999 -9999 -9999 -9999 -9999 -9999 -9999 -9999 -9999 -9999 -9999 -9999 -9999 -9999 -9999 -9999 -9999 -9999 -9999 32767 12 7 4 32767 32767 2 9 32767 -9999 -9999 -9999 -9999 -9999 -9999 -9999 -9999 -9999 -9999 -9999 32767 32767 32767 32767 32767 32767 7 -9999 -9999 -9999 -9999 -9999 -9999 -9999 -9999 -9999 -9999 -9999 -9999 -9999 -9999 -9999 32767 32767 32767 52 39 21 16 32767 32767 44 24 32767 32767 32767 32767 32767 32767 32767 32767 69 26
-9999 -9999 -9999 -9999 -9999 -9999 -9999 -9999 -9999 -9999 -9999 -9999 -9999 -9999 -9999 -9999 -9999 -9999 -9999 -9999 -9999 -9999 -9999 -9999 -9999 -9999 -9999 -9999 -9999 -9999 -9999 -9999 32767 3 2 12 32767 32767 32767 32767 32767 32767 32767 -9999 -9999 -9999 -9999 -9999 -9999 -9999 48 47 32767 32767 32767 32767 32767 32767 32767 4 4 -9999 -9999 -9999 -9999 -9999 -9999 -9999 -9999 -9999 -9999 -9999 -9999 -9999 32767 3 69 61 40 43 44 32767 32767 32767 32767 32767 32767 32767 32767 32767 32767 32767 32767 40 56 33
-9999 -9999 -9999 -9999 -9999 -9999 -9999 -9999 -9999 -9999 -9999 -9999 -9999 -9999 -9999 -9999 -9999 -9999 -9999 -9999 -9999 -9999 -9999 -9999 -9999 -9999 -9999 -9999 -9999 -9999 -9999 -9999 0 8 8 32767 32767 32767 32767 32767 32767 32767 32767 32767 8 32767 32767 32767 -9999 -9999 32767 32767 32767 32767 32767 32767 32767 32767 32767 32767 32767 -9999 -9999 -9999 -9999 -9999 -9999 -9999 -9999 -9999 -9999 -9999 -9999 12 32767 34 27 32767 32767 32767 32767 32767 32767 32767 32767 32767 32767 32767 32767 32767 32767 32767 9 31 34 32767
-9999 -9999 -9999 -9999 -9999 -9999 -9999 -9999 -9999 -9999 -9999 -9999 -9999 -9999 -9999 -9999 -9999 -9999 -9999 -9999 -9999 -9999 -9999 -9999 -9999 -9999 -9999 -9999 -9999 -9999 -9999 1 0 8 0 6 10 32767 32767 32767 32767 32767 32767 32767 32767 8 7 0 1 4 4 32767 32767 32767 32767 32767 32767 32767 32767 0 0 0 0 5 1 1 36 5 32767 32767 32767 32767 32767 32767 32767 32767 32767 32767 32767 4 32767 32767 10 9 32767 32767 32767 32767 32767 32767 32767 32767 32767 5 30 32767
-9999 -9999 -9999 -9999 -9999 -9999 -9999 -9999 -9999 -9999 -9999 -9999 -9999 -9999 -9999 -9999 -9999 -9999 -9999 -9999 -9999 -9999 -9999 -9999 -9999 -9999 -9999 -9999 -9999 -9999 4 4 5 1 15 2 20 27 20 30 48 32767 32767 32767 2 11 14 1 1 14 37 32767 52 22 4 32767 0 0 0 0 3 0 0 0 8 5 6 52 32767 32767 32767 32767 32767 32767 32767 32767 32767 32767 5 32767 32767 10 3 4 4 6 32767 32767 32767 32767 32767 32767 32767 32767 1 44
-9999 -9999 -9999 -9999 -9999 -9999 -9999 -9999 -9999 -9999 -9999 -9999 -9999 -9999 -9999 -9999 -9999 -9999 -9999 -9999 -9999 -9999 -9999 -9999 -9999 -9999 -9999 -9999 -9999 -9999 6 6 4 12 3 7 27 5 36 32767 32767 32767 32767 32767 32767 32767 6 1 2 10 30 32767 42 55 2 0 0 0 0 4 5 0 0 0 0 8 6 32 32 32767 32767 32767 32767 32767 32767 32767 32767 32767 7 8 32767 4 10 9 12 39 32767 32767 32767 32767 32767 32767 32767 32767 32767 15
-9999 -9999 -9999 -9999 -9999 -9999 -9999 -9999 -9999 -9999 -9999 -9999 -9999 -9999 -9999 -9999 -9999 -9999 -9999 -9999 -9999 -9999 -9999 -9999 -9999 -9999 -9999 -9999 5 4 3 4 11 19 13 12 29 42 32767 32767 32767 32767 32767 32767 32767 32767 6 1 3 3 12 32767 44 52 5 0 0 0 0 5 4 8 2 1 1 1 6 2 49 32767 32767 32767 32767 32767 32767 32767 32767 32767 2 6 7 6 15 17 19 35 23 32767 32767 32767 32767 32767 32767 32767 32767 3
-9999 -9999 -9999 -9999 -9999 -9999 -9999 -9999 -9999 -9999 -9999 -9999 -9999 -9999 -9999 -9999 -9999 -9999 -9999 -9999 -9999 -9999 -9999 -9999 -9999 -9999 -9999 1 0 10 25 10 6 17 40 30 32767 32767 32767 32767 32767 32767 32767 32767 32767 32767 32767 32767 6 10 10 39 41 41 2 0 0 0 0 0 3 7 5 5 2 0 5 0 21 18 32767 32767 32767 32767 32767 32767 32767 32767 0 6 4 6 16 14 13 45 45 32767 32767 32767 32767 32767 32767 32767 32767 3
-9999 -9999 -9999 -9999 -9999 -9999 -9999 -9999 -9999 -9999 -9999 -9999 -9999 -9999 -9999 -9999 -9999 -9999 -9999 -9999 -9999 -9999 -9999 -9999 -9999 4 1 0 13 18 7 4 16 50 60 32767 32767 32767 32767 32767 32767 32767 32767 32767 32767 32767 14 6 32767 32767 32767 34 8 6 8 0 0 0 0 0 3 7 6 3 0 1 1 0 17 10 24 32767 32767 32767 32767 32767 32767 32767 1 6 9 8 14 11 24 22 27 7 32767 32767 32767 32767 32767 32767 32767 6
-9999 -9999 -9999 -9999 -9999 -9999 -9999 -9999 -9999 -9999 -9999 -9999 -9999 -9999 -9999 -9999 -9999 -9999 -9999 -9999 -9999 -9999 -9999 -9999 3 0 4 9 25 20 9 4 41 32 34 32767 32767 32767 32767 32767 32767 32767 32767 32767 32767 4 32767 32767 32767 32767 32767 6 5 3 0 0 0 0 0 4 5 5 5 1 0 0 1 0 5 14 43 33 32767 32767 32767 32767 2 10 18 36 29 26 10 28 41 21 39 41 32767 32767 32767 32767 32767 32767 32767 18
-9999 -9999 -9999 -9999 -9999 -9999 -9999 -9999 -9999 -9999 -9999 -9999 -9999 -9999 -9999 -9999 -9999 -9999 -9999 -9999 -9999 -9999 -9999 4 0 15 9 2 10 18 28 25 19 3 8 7 32767 32767 32767 7 32767 32767 32767 32767 32767 32767 12 8 32767 16 11 32767 6 0 0 0 0 4 0 0 0 1 1 0 0 0 1 0 2 18 17 55 48 32767 32767 6 43 54 39 23 29 31 7 2 37 8 11 15 6 32767 8 12 8 6 33 25
-9999 -9999 -9999 -9999 -9999 -9999 -9999 -9999 -9999 -9999 -9999 -9999 -9999 -9999 -9999 -9999 -9999 -9999 -9999 -9999 4 2 2 3 4 5 7 4 8 76 30 16 24 11 7 32767 32767 32767 8 32767 32767 32767 32767 11 5 25 34 22 12 8 17 2 5 2 4 0 0 0 0 0 1 4 0 0 0 4 0 0 3 7 10 37 35 43 5 32767 32767 39 32767 32767 25 33 35 10 7 41 28 26 11 6 8 10 4 23 15 13
-9999 -9999 -9999 -9999 -9999 -9999 -9999 -9999 -9999 -9999 -9999 -9999 -9999 -9999 -9999 -9999 -9999 -9999 -9999 2 6 4 0 13 5 3 3 3 16 40 17 4 1 32767 32767 32767 32767 32767 4 32767 32767 32767 32767 10 17 15 12 17 16 18 17 7 0 2 3 3 0 0 0 7 3 3 0 1 1 2 0 1 1 3 15 37 18 26 64 32767 32767 32767 32767 32767 32767 34 32 35 40 46 52 14 13 9 6 12 3 5 8 26
-9999 -9999 -9999 -9999 -9999 -9999 -9999 -9999 -9999 -9999 -9999 -9999 -9999 -9999 -9999 -9999 -9999 -9999 2 3 6 4 14 3 0 0 18 9 11 21 5 4 11 0 32767 32767 32767 32767 32767 32767 32767 32767 32767 5 12 23 12 22 12 17 15 32767 0 1 0 0 4 4 3 1 7 5 0 0 1 0 0 0 0 6 7 40 27 42 48 48 32767 32767 32767 32767 32767 32767 8 18 20 32767 9 17 13 7 10 0 5 3 3 29
-9999 -9999 -9999 -9999 -9999 -9999 -9999 -9999 -9999 -9999 -9999 -9999 -9999 -9999 -9999 -9999 -9999 -9999 2 4 5 14 3 3 6 3 9 23 14 14 4 24 7 0 32767 32767 32767 32767 32767 32767 32767 32767 32767 0 8 10 7 19 9 15 14 32767 2 5 3 0 0 5 1 2 8 4 3 1 1 0 0 0 0 5 16 41 26 38 35 32767 32767 32767 32767 32767 32767 32767 32767 32767 32767 32767 30 14 15 2 4 6 14 12 24 38
-9999 -9999 -9999 -9999 -9999 -9999 -9999 -9999 -9999 -9999 -9999 -9999 -9999 -9999 -9999 -9999 -9999 -9999 4 0 2 13 1 3 13 5 9 13 9 14 24 27 8 32767 32767 32767 4 32767 5 6 32767 32767 0 3 4 4 12 17 4 9 12 32767 12 6 5 0 0 7 8 8 1 4 4 1 2 1 0 0 2 17 16 34 30 52 32767 32767 32767 32767 32767 32767 32767 32767 32767 32767 32767 27 36 13 3 25 9 6 10 16 9 6
-9999 -9999 -9999 -9999 -9999 -9999 -9999 -9999 -9999 -9999 -9999 -9999 -9999 -9999 -9999 -9999 -9999 -9999 4 4 12 4 1 7 3 7 5 5 10 22 41 11 32767 32767 32767 32767 32767 32767 32767 0 1 1 1 2 5 6 6 14 3 5 10 32767 0 4 3 3 4 5 8 5 1 0 1 2 0 0 0 0 2 8 16 33 33 49 32767 32767 32767 32767 32767 32767 32767 32767 32767 32767 26 32767 32767 15 19 14 0 6 22 21 23 27
-9999 -9999 -9999 -9999 -9999 -9999 -9999 -9999 -9999 -9999 -9999 -9999 -9999 -9999 -9999 -9999 -9999 -9999 3 17 7 0 2 4 9 2 13 4 6 23 34 14 32767 32767 32767 32767 32767 32767 32767 32767 1 1 5 0 3 1 6 9 2 4 5 32767 1 5 4 6 5 5 1 2 1 0 1 1 0 0 0 0 0 1 16 23 25 45 32767 32767 32767 32767 32767 32767 32767 32767 32767 38 32767 32767 8 15 15 16 2 8 20 30 26 24
-9999 -9999 -9999 -9999 -9999 -9999 -9999 -9999 -9999 -9999 -9999 -9999 -9999 -9999 -9999 -9999 -9999 -9999 7 11 8 5 7 2 2 12 9 13 23 30 30 24 13 32767 32767 32767 32767 32767 32767 32767 1 4 6 2 1 3 4 7 15 2 5 32767 1 5 4 5 5 5 2 2 1 0 0 0 0 0 0 0 0 1 20 31 7 35 32767 32767 32767 32767 32767 32767 32767 32767 32767 32767 18 28 43 26 21 14 3 8 13 7 23 21
-9999 -9999 -9999 -9999 -9999 -9999 -9999 -9999 -9999 -9999 -9999 -9999 -9999 -9999 -9999 -9999 -9999 3 2 5 5 12 4 2 13 13 12 35 25 30 17 15 33 33 3 32767 3 32767 32767 32767 3 3 4 3 3 3 1 7 15 4 1 2 0 1 2 4 4 2 5 2 1 0 0 0 0 0 0 0 2 2 10 30 15 26 32767 32767 32767 32767 32767 32767 32767 32767 32767 32767 32767 44 68 32 8 6 7 6 12 22 16 4
-9999 -9999 -9999 -9999 -9999 -9999 -9999 -9999 -9999 -9999 -9999 -9999 -9999 -9999 -9999 -9999 -9999 32767 1 5 4 3 1 1 7 9 12 29 25 39 18 14 7 44 32767 32767 32767 0 0 8 4 3 6 2 4 4 3 6 13 13 5 10 32767 1 1 6 3 2 4 2 0 0 0 0 0 0 0 0 6 12 14 36 49 55 54 32767 32767 32767 32767 32767 32767 32767 32767 32767 32767 5 36 33 19 42 7 12 18 17 24 13
-9999 -9999 -9999 -9999 -9999 -9999 -9999 -9999 -9999 -9999 -9999 -9999 -9999 -9999 -9999 -9999 -9999 -9999 32767 1 3 2 2 1 7 4 14 20 31 35 7 10 10 10 32767 32767 32767 32767 3 4 4 4 3 2 4 3 0 7 7 4 4 9 32767 0 1 2 3 4 4 2 0 1 1 0 0 0 0 0 12 14 48 39 45 49 27 32767 32767 32767 32767 32767 32767 32767 32767 32767 32767 32767 9 40 23 24 29 21 24 32 41 28
-9999 -9999 -9999 -9999 -9999 -9999 -9999 -9999 -9999 -9999 -9999 -9999 -9999 -9999 -9999 -9999 -9999 -9999 32767 32767 32767 4 5 2 1 15 21 15 11 23 19 14 5 32767 32767 32767 32767 32767 2 2 2 1 3 5 2 2 1 0 5 1 9 8 1 1 3 0 4 4 2 0 1 1 1 1 1 0 3 3 11 16 32 35 30 21 32767 32767 32767 32767 32767 32767 32767 32767 32767 32767 32767 32767 23 30 21 10 33 12 5 11 25 33
-9999 -9999 -9999 -9999 -9999 -9999 -9999 -9999 -9999 -9999 -9999 -9999 -9999 -9999 -9999 -9999 -9999 -9999 -9999 32767 32767 32767 1 7 4 1 10 14 13 10 15 6 1 32767 32767 32767 32767 2 3 1 1 1 4 4 3 1 1 1 3 3 3 2 2 32767 1 0 0 4 2 0 0 0 1 0 1 5 11 8 20 36 40 63 47 28 32767 32767 32767 32767 32767 32767 32767 32767 32767 32767 32767 32767 20 65 42 18 14 8 9 16 31 39
-9999 -9999 -9999 -9999 -9999 -9999 -9999 -9999 -9999 -9999 -9999 -9999 -9999 -9999 -9999 -9999 -9999 -9999 -9999 8 1 32767 32767 0 8 1 5 14 17 8 2 1 32767 6 1 7 21 25 4 13 3 1 1 2 0 3 3 1 1 2 4 3 4 1 2 1 0 3 0 0 1 2 0 1 14 22 16 10 39 44 62 49 36 61 32767 32767 32767 32767 32767 32767 32767 32767 32767 32767 32767 32767 25 31 29 13 9 14 15 29 24 34
-9999 -9999 -9999 -9999 -9999 -9999 -9999 -9999 -9999 -9999 -9999 -9999 -9999 -9999 -9999 -9999 -9999 -9999 -9999 6 12 2 32767 32767 1 3 2 13 13 18 4 32767 32767 0 32767 32767 25 16 12 15 25 1 1 1 0 0 6 1 4 1 2 7 14 19 32767 1 0 0 0 1 1 0 1 2 18 26 45 39 33 49 49 44 32 44 32767 32767 32767 32767 32767 32767 32767 32767 32767 32767 32767 28 32767 25 9 11 5 7 26 33 28 23
-9999 -9999 -9999 -9999 -9999 -9999 -9999 -9999 -9999 -9999 -9999 -9999 -9999 -9999 -9999 -9999 -9999 -9999 -9999 5 7 2 0 32767 32767 0 2 4 6 2 3 32767 8 32767 32767 32767 32767 28 32767 32767 32767 6 4 2 1 0 0 2 4 1 4 24 15 16 32767 4 0 0 0 1 0 1 6 20 13 20 40 38 39 42 63 35 50 28 37 32767 32767 32767 32767 32767 32767 32767 32767 14 10 25 32767 17 6 12 9 15 13 19 40 36
-9999 -9999 -9999 -9999 -9999 -9999 -9999 -9999 -9999 -9999 -9999 -9999 -9999 -9999 -9999 -9999 -9999 -9999 40 5 18 2 5 6 32767 32767 0 7 4 2 32767 32767 32767 32767 32767 32767 32767 32767 32767 32767 32767 32767 17 23 7 5 2 7 8 15 22 32 14 11 32767 12 4 0 0 1 1 1 9 11 10 29 51 41 38 41 37 34 2 20 12 32767 32767 32767 32767 32767 32767 34 38 12 15 10 32767 6 22 14 28 11 17 15 16 13
-9999 -9999 -9999 -9999 -9999 -9999 -9999 -9999 -9999 -9999 -9999 -9999 -9999 -9999 -9999 -9999 -9999 -9999 18 16 30 8 1 8 5 32767 32767 5 6 1 32767 5 26 32767 32767 32767 34 28 32767 32767 32767 32767 32767 10 12 16 21 11 14 27 49 50 34 15 19 13 15 4 0 0 1 1 8 16 14 35 43 43 49 47 15 3 11 5 21 32767 32767 32767 32767 32767 32767 30 15 16 15 31 4 32767 28 13 11 11 13 14 22 37
-9999 -9999 -9999 -9999 -9999 -9999 -9999 -9999 -9999 -9999 -9999 -9999 -9999 -9999 -9999 -9999 33 23 16 3 9 7 13 13 7 3 32767 32767 5 32767 32767 32767 3 26 26 27 32767 32767 32767 32767 32767 32767 32767 2 33 24 11 6 24 42 28 40 29 14 35 14 8 13 2 2 1 10 18 23 26 29 51 25 27 13 12 15 13 12 12 15 32767 32767 32767 11 8 4 6 15 3 24 7 32767 28 46 40 25 16 17 32 30
