ValueNro_2398/ValueNro_2398_slope_16m.asc
ncols        141
nrows        228
xllcorner    356256.000000000000
yllcorner    6857312.000000000000
cellsize     16.000000000000
NODATA_value  -9999
[rows 19 to 37 of 228, columns 44 to 87 of 141]
-9999 -9999 -9999 -9999 -9999 -9999 -9999 -9999 -9999 -9999 -9999 -9999 -9999 -9999 9.1721677780151367188 5.81781005859375 5.8428430557250976562 5.7647190093994140625 4.534000396728515625 3.1495375633239746094 3.6752972602844238281 4.1588134765625 7.9412016868591308594 6.42775726318359375 3.6073746681213378906 6.059261322021484375 10.026549339294433594 10.440019607543945312 8.8090925216674804688 10.222453117370605469 10.911299705505371094 6.665569305419921875 3.0622410774230957031 2.0057799816131591797 1.2943451404571533203 0.53832024335861206055 0.28179091215133666992 1.7899602651596069336 0.95944511890411376953 2.2443156242370605469 1.3122439384460449219 0.2850042879581451416 0.41248935461044311523 0.72573941946029663086
-9999 -9999 -9999 -9999 -9999 -9999 -9999 -9999 -9999 -9999 -9999 -9999 -9999 -9999 9.8388881683349609375 9.2807397842407226562 5.9857907295227050781 4.0175042152404785156 2.4658336639404296875 2.3534159660339355469 5.592090606689453125 3.4323906898498535156 4.8983354568481445312 7.3714451789855957031 6.5712337493896484375 9.4953927993774414062 13.050225257873535156 11.683718681335449219 7.8092761039733886719 7.7433338165283203125 8.6136598587036132812 5.1198916435241699219 1.6002545356750488281 0.60094344615936279297 0.35702079534530639648 0.16958296298980712891 0.10982414335012435913 1.4053552150726318359 1.60929107666015625 2.3353998661041259766 0.73084300756454467773 1.0526113510131835938 2.5943121910095214844 4.1376328468322753906
-9999 -9999 -9999 -9999 -9999 -9999 -9999 -9999 -9999 -9999 -9999 -9999 -9999 -9999 -9999 -9999 6.8644156455993652344 3.8263378143310546875 1.7437613010406494141 4.8015036582946777344 6.1671199798583984375 4.1643166542053222656 3.0394883155822753906 6.0660386085510253906 8.8160686492919921875 12.801898956298828125 13.054796218872070312 7.4404759407043457031 2.7028996944427490234 5.9442601203918457031 8.339710235595703125 5.2554984092712402344 1.3222532272338867188 0.21346610784530639648 0.33771541714668273926 0.39603620767593383789 0.22342900931835174561 0.70838946104049682617 1.1893652677536010742 1.0585799217224121094 0.22082541882991790771 2.4207129478454589844 4.5511236190795898438 4.4395818710327148438
-9999 -9999 -9999 -9999 -9999 -9999 -9999 -9999 -9999 -9999 -9999 -9999 -9999 -9999 -9999 -9999 9.0632905960083007812 5.8554592132568359375 3.2103714942932128906 6.0054821968078613281 4.8270287513732910156 3.9879736900329589844 4.9954924583435058594 6.9079256057739257812 10.0769500732421875 11.730893135070800781 8.1321582794189453125 1.9729218482971191406 1.239687800407409668 5.7978057861328125 9.0698223114013671875 6.4517683982849121094 1.9305382966995239258 0.35992673039436340332 0.17061494290828704834 0.49496233463287353516 0.4386704564094543457 0.54079544544219970703 0.41005846858024597168 0.0038382746279239654541 0.64328283071517944336 2.8939888477325439453 4.2937006950378417969 2.0124530792236328125
-9999 -9999 -9999 -9999 -9999 -9999 -9999 -9999 -9999 -9999 -9999 -9999 -9999 -9999 -9999 -9999 -9999 9.1517047882080078125 6.6729307174682617188 7.5168681144714355469 5.7609877586364746094 6.1254181861877441406 6.8261089324951171875 7.6364884376525878906 9.3275117874145507812 7.1409640312194824219 2.2097785472869873047 2.7117583751678466797 2.3988378047943115234 5.1626572608947753906 9.7342023849487304688 8.210346221923828125 2.7850477695465087891 0.44168487191200256348 0.32200828194618225098 0.32562053203582763672 0.48230317234992980957 0.50214952230453491211 0.28748357295989990234 0.28648254275321960449 0.64463907480239868164 2.3262758255004882812 3.5701632499694824219 3.0069580078125
-9999 -9999 -9999 -9999 -9999 -9999 -9999 -9999 -9999 -9999 -9999 -9999 -9999 -9999 -9999 -9999 -9999 -9999 9.6911764144897460938 9.2734088897705078125 8.2553730010986328125 8.1556653976440429688 7.8706350326538085938 7.8099961280822753906 6.0049452781677246094 1.9681417942047119141 2.0538530349731445312 4.4534244537353515625 2.9719390869140625 4.159984588623046875 9.8006238937377929688 10.133835792541503906 3.7892656326293945312 0.5560277104377746582 0.50369274616241455078 0.1674601435661315918 0.30191564559936523438 0.21795913577079772949 0.42074182629585266113 0.33056277036666870117 0.60648840665817260742 1.9247506856918334961 1.9782698154449462891 0.99141240119934082031
-9999 -9999 -9999 -9999 -9999 -9999 -9999 -9999 -9999 -9999 -9999 -9999 -9999 -9999 -9999 -9999 -9999 8.5915164947509765625 7.4623136520385742188 7.3527431488037109375 7.0711660385131835938 7.3625326156616210938 7.1109933853149414062 5.09233856201171875 1.5697435140609741211 2.9861254692077636719 6.29822540283203125 7.2570047378540039062 4.8115000724792480469 4.522319793701171875 8.9723968505859375 10.834604263305664062 5.4818773269653320312 1.4995982646942138672 0.55654174089431762695 0.56792235374450683594 0.2486636042594909668 0.22740282118320465088 0.30702072381973266602 0.57527375221252441406 0.63790553808212280273 2.4037258625030517578 2.5793449878692626953 1.3272234201431274414
-9999 -9999 -9999 -9999 -9999 -9999 -9999 -9999 -9999 -9999 -9999 -9999 -9999 -9999 -9999 -9999 -9999 4.0144600868225097656 3.8784410953521728516 5.8346085548400878906 6.3965525627136230469 5.3133592605590820312 2.692905426025390625 0.63619643449783325195 0.75400012731552124023 5.7750592231750488281 9.5291032791137695312 8.7375249862670898438 6.8627557754516601562 7.3242564201354980469 8.1520109176635742188 9.6669588088989257812 7.236751556396484375 3.0139975547790527344 0.5503266453742980957 0.77077764272689819336 0.43730112910270690918 0.33175104856491088867 0.3569253087043762207 0.88607084751129150391 0.42832133173942565918 2.5341281890869140625 2.8625111579895019531 0.85344475507736206055
-9999 -9999 -9999 -9999 -9999 -9999 -9999 -9999 -9999 -9999 -9999 -9999 -9999 -9999 -9999 -9999 -9999 4.1308450698852539062 5.4315328598022460938 6.5636563301086425781 4.6409006118774414062 2.5017323493957519531 3.1274931430816650391 3.0281870365142822266 1.2638930082321166992 7.8649525642395019531 11.3990020751953125 5.9090676307678222656 5.4813356399536132812 9.2400369644165039062 7.791187286376953125 7.9002728462219238281 8.1186170578002929688 4.0579056739807128906 0.61777526140213012695 0.72640460729598999023 0.73414403200149536133 0.34020853042602539062 1.2423429489135742188 1.183020472526550293 0.29412069916725158691 2.0199959278106689453 3.4239525794982910156 1.1509411334991455078
-9999 -9999 -9999 -9999 -9999 -9999 -9999 -9999 -9999 -9999 -9999 -9999 -9999 -9999 -9999 -9999 8.2584018707275390625 8.0209627151489257812 6.7919211387634277344 4.548511505126953125 2.1330847740173339844 7.3606839179992675781 5.3303556442260742188 4.7119846343994140625 1.9567022323608398438 9.4315509796142578125 11.483187675476074219 2.3512330055236816406 6.1348605155944824219 9.60942840576171875 7.4779729843139648438 7.267795562744140625 8.5186367034912109375 4.2987890243530273438 0.59273695945739746094 0.42251259088516235352 0.97889930009841918945 1.0779633522033691406 2.9312219619750976562 2.2378551959991455078 1.969235539436340332 0.80482262372970581055 3.1390750408172607422 1.9388060569763183594
-9999 -9999 -9999 -9999 -9999 -9999 -9999 -9999 -9999 -9999 -9999 -9999 -9999 -9999 -9999 -9999 -9999 7.850006103515625 6.515472412109375 2.6208078861236572266 5.8491840362548828125 9.2355804443359375 3.7195060253143310547 6.1022171974182128906 1.6275011301040649414 10.465476036071777344 8.915676116943359375 2.8612418174743652344 8.3007783889770507812 8.289398193359375 6.7896342277526855469 7.8232583999633789062 7.9924054145812988281 3.7795331478118896484 0.37484180927276611328 0.061809085309505462646 0.80226588249206542969 0.9491335749626159668 3.5574548244476318359 0.93994861841201782227 3.3300926685333251953 0.89121717214584350586 2.3609066009521484375 2.4847064018249511719
-9999 -9999 -9999 -9999 -9999 -9999 -9999 -9999 -9999 -9999 -9999 -9999 -9999 -9999 -9999 -9999 -9999 -9999 9.1597900390625 7.1593999862670898438 7.4614157676696777344 8.6831331253051757812 0.30989095568656921387 7.1487622261047363281 1.0526742935180664062 10.483064651489257812 6.0544276237487792969 5.500469207763671875 8.41588592529296875 6.1023497581481933594 6.0472812652587890625 7.8733983039855957031 6.9012904167175292969 3.2699697017669677734 0.2826786339282989502 0.14599284529685974121 0.48113435506820678711 0.53298610448837280273 3.7121562957763671875 1.8867658376693725586 3.5274801254272460938 1.2053734064102172852 1.6426045894622802734 2.3892126083374023438
-9999 -9999 -9999 -9999 -9999 -9999 -9999 -9999 -9999 -9999 -9999 -9999 -9999 -9999 -9999 -9999 -9999 -9999 -9999 -9999 -9999 6.6961679458618164062 2.5455946922302246094 6.3286309242248535156 1.0909878015518188477 9.0302248001098632812 7.08942413330078125 7.0442256927490234375 7.6334729194641113281 5.1638936996459960938 5.0086569786071777344 5.9664816856384277344 6.4902396202087402344 3.9930644035339355469 0.60833984613418579102 0.11072428524494171143 0.22012621164321899414 0.67249006032943725586 1.6139403581619262695 2.3668291568756103516 2.4207637310028076172 1.3260691165924072266 0.97040396928787231445 1.880923151969909668
-9999 -9999 -9999 -9999 -9999 -9999 -9999 -9999 -9999 -9999 -9999 -9999 -9999 -9999 -9999 -9999 -9999 -9999 -9999 -9999 -9999 -9999 3.3081233501434326172 3.1441423892974853516 0.84618043899536132812 4.85343170166015625 7.1040205955505371094 4.8490285873413085938 5.6078906059265136719 3.9591379165649414062 2.7587492465972900391 3.5562715530395507812 6.5972208976745605469 5.1051316261291503906 0.76130390167236328125 1.112633824348449707 1.3182284832000732422 1.5225775241851806641 1.202692866325378418 0.57332789897918701172 0.78390932083129882812 1.0595326423645019531 0.64522099494934082031 0.21480491757392883301
-9999 -9999 -9999 -9999 -9999 -9999 -9999 -9999 -9999 -9999 -9999 -9999 -9999 -9999 -9999 -9999 -9999 -9999 -9999 -9999 -9999 -9999 -9999 -9999 2.0409178733825683594 1.6753611564636230469 4.3216142654418945312 1.7285027503967285156 5.4201769828796386719 4.9777235984802246094 2.1668312549591064453 2.3501155376434326172 6.5475554466247558594 5.3131198883056640625 1.5602096319198608398 2.3791487216949462891 1.8033424615859985352 0.49206006526947021484 1.3671443462371826172 0.8021945953369140625 0.5617344975471496582 1.1046057939529418945 1.9021706581115722656 1.999583125114440918
-9999 -9999 -9999 -9999 -9999 -9999 -9999 -9999 -9999 -9999 -9999 -9999 -9999 -9999 -9999 -9999 -9999 -9999 -9999 -9999 -9999 -9999 -9999 -9999 -9999 -9999 6.6035161018371582031 3.7419495582580566406 5.9680604934692382812 6.3026127815246582031 3.1956226825714111328 2.656341552734375 5.7568545341491699219 4.2422108650207519531 2.7405712604522705078 1.6456123590469360352 2.4676785469055175781 1.2789981365203857422 1.0282309055328369141 1.5691232681274414062 1.3486738204956054688 1.3266485929489135742 1.1316207647323608398 2.1219811439514160156
-9999 -9999 -9999 -9999 -9999 -9999 -9999 -9999 -9999 -9999 -9999 -9999 -9999 -9999 -9999 -9999 -9999 -9999 -9999 -9999 -9999 -9999 -9999 -9999 -9999 -9999 -9999 1.6261370182037353516 5.6665401458740234375 7.33879852294921875 4.1863369941711425781 3.0451200008392333984 4.8194413185119628906 2.9998683929443359375 2.6765685081481933594 2.5925142765045166016 4.1066756248474121094 1.0949525833129882812 0.28062957525253295898 1.7605570554733276367 0.73754322528839111328 2.1762790679931640625 2.0286350250244140625 2.1155707836151123047
-9999 -9999 -9999 -9999 -9999 -9999 -9999 -9999 -9999 -9999 -9999 -9999 -9999 -9999 -9999 -9999 -9999 -9999 -9999 -9999 -9999 -9999 -9999 -9999 -9999 -9999 -9999 -9999 4.5068440437316894531 7.8264002799987792969 4.888515472412109375 2.7715985774993896484 4.09127044677734375 2.1129469871520996094 0.35706317424774169922 3.1865847110748291016 4.8764271736145019531 0.5563748478889465332 1.0401501655578613281 1.4448240995407104492 0.53345268964767456055 1.1846148967742919922 1.3673671483993530273 0.76182878017425537109
-9999 -9999 -9999 -9999 -9999 -9999 -9999 -9999 -9999 -9999 -9999 -9999 -9999 -9999 -9999 -9999 -9999 -9999 -9999 -9999 -9999 -9999 -9999 -9999 -9999 -9999 -9999 -9999 -9999 7.2658967971801757812 6.1439790725708007812 3.53668212890625 4.0490350723266601562 3.1213660240173339844 2.3025314807891845703 3.1031770706176757812 4.4445772171020507812 1.4391386508941650391 1.6541179418563842773 1.0622477531433105469 0.60718947649002075195 1.4373691082000732422 1.1078500747680664062 0.73609232902526855469
