ValueNro_2398/ValueNro_2398_keskipituus.asc
ncols        141
nrows        228
xllcorner    356256.000000000000
yllcorner    6857312.000000000000
cellsize     16.000000000000
NODATA_value -9999
[rows 156 to 194 of 228, columns 0 to 87 of 141]
-9999 -9999 35 94 88 32767 32767 94 144 127 119 112 113 111 107 96 79 98 98 97 100 120 85 58 124 95 110 81 95 151 127 9 98 95 44 3 3 17 68 32767 32767 32767 32767 32767 32767 32767 32767 32767 32767 32767 64 32767 32767 171 163 117 119 132 169 168 137 1 1 1 1 1 1 1 1 56 179 168 156 149 149 152 153 90 91 103 151 139 179 197 216 195 169 147
-9999 -9999 34 141 111 114 25 76 151 120 119 120 90 89 125 97 104 83 108 109 109 114 135 82 179 147 118 90 91 182 144 105 72 95 73 52 39 32767 74 53 32767 32767 32767 32767 32767 32767 32767 32767 32767 32767 32767 144 183 146 175 104 147 78 88 144 84 3 2 4 5 5 5 5 5 39 87 160 158 154 116 150 53 57 42 37 42 149 187 201 200 202 174 150
-9999 -9999 40 172 59 131 60 80 135 126 81 91 127 129 118 87 106 94 91 121 97 116 84 129 102 81 95 97 165 193 192 136 47 135 73 57 20 32767 89 75 89 32767 32767 32767 32767 32767 32767 32767 32767 32767 32767 136 197 188 174 146 165 153 174 89 68 59 2 4 4 5 5 5 5 3 106 178 182 151 124 43 21 38 23 18 39 95 133 194 171 197 169 148
-9999 -9999 79 83 74 41 30 108 83 81 79 61 135 132 83 84 107 136 79 104 118 84 65 103 143 112 109 74 138 193 179 121 45 83 17 3 6 11 97 99 118 32767 32767 32767 32767 32767 32767 32767 32767 32767 32767 32767 188 200 184 166 148 158 183 148 126 59 27 2 4 5 5 5 5 1 9 178 226 176 149 49 21 38 36 25 28 43 113 186 193 194 206 151
-9999 -9999 11 49 15 31 42 69 111 91 64 60 117 101 114 110 115 88 49 121 120 101 62 141 85 103 79 71 134 189 151 93 57 21 6 1 32767 64 119 100 90 99 99 50 32767 32767 32767 32767 32767 32767 49 32767 139 190 205 164 156 175 169 72 69 68 58 26 1 3 1 3 5 1 35 201 212 188 124 41 38 38 18 28 27 11 70 156 172 210 209 170
-9999 -9999 -9999 11 14 40 82 68 101 91 81 80 91 83 60 53 77 110 99 53 109 73 65 104 93 127 80 87 68 144 135 80 106 106 16 12 32767 143 77 102 99 106 83 145 79 32767 32767 32767 32767 32767 32767 32767 32767 147 221 183 156 156 183 151 87 55 57 72 1 1 1 2 2 2 160 171 202 214 163 135 41 17 17 22 18 18 16 79 169 198 180 176
-9999 -9999 -9999 5 9 40 49 96 87 91 79 78 101 79 53 68 101 104 74 72 89 85 80 70 100 166 151 136 149 168 154 129 86 113 102 45 32767 108 140 120 100 108 75 140 100 48 32767 32767 32767 32767 32767 32767 32767 50 220 200 189 153 196 142 154 68 74 44 70 4 1 3 3 13 126 170 219 190 184 151 61 23 15 29 24 18 27 43 156 184 228 177
-9999 -9999 -9999 -9999 10 24 66 79 73 52 60 52 107 77 90 98 79 82 89 52 51 60 71 93 91 67 110 128 150 137 101 116 86 113 214 75 99 142 101 94 60 98 114 76 138 105 15 32767 32767 32767 32767 32767 32767 32767 179 204 185 201 201 167 113 96 66 112 73 7 2 4 4 5 94 187 194 216 207 163 124 37 27 33 29 22 40 21 169 187 229 208
-9999 -9999 -9999 -9999 -9999 30 69 70 67 65 52 127 82 122 64 76 87 88 82 52 62 65 92 91 99 48 88 141 140 103 121 127 96 127 185 32767 74 83 106 96 48 51 80 94 106 125 53 32767 32767 32767 32767 32767 32767 32767 32767 175 197 167 171 168 160 161 53 50 97 64 4 3 4 8 71 111 185 204 217 173 172 88 52 34 26 23 38 18 117 184 213 198
-9999 -9999 -9999 -9999 -9999 -9999 77 62 101 76 151 101 143 125 129 116 78 88 117 122 83 50 72 75 114 121 130 151 129 135 122 128 104 120 134 32767 33 106 62 53 52 53 80 105 130 68 78 32767 32767 32767 32767 32767 32767 32767 32767 86 233 133 178 145 141 104 61 67 92 75 15 6 4 8 10 99 189 200 216 200 123 144 90 62 39 23 49 29 84 173 183 181
-9999 -9999 -9999 -9999 -9999 -9999 101 104 65 98 85 28 93 87 101 90 122 115 119 120 107 61 68 64 88 93 147 166 76 83 125 97 99 131 75 7 134 99 60 65 54 115 110 105 152 90 56 32767 32767 32767 32767 32767 32767 218 32767 32767 27 210 127 135 177 148 177 70 74 87 55 11 4 4 5 16 160 186 215 214 184 167 159 103 67 55 27 47 77 150 205 162
-9999 -9999 -9999 -9999 -9999 -9999 94 68 61 38 28 27 82 103 125 117 117 109 110 126 33 75 84 69 105 136 176 187 73 64 80 106 136 69 32767 13 109 21 18 67 110 68 103 109 143 46 58 70 32767 32767 32767 32767 32767 212 149 32767 9 182 187 192 166 186 150 84 65 66 61 13 1 4 5 6 76 162 192 207 213 206 185 149 69 40 11 48 86 92 154 145
-9999 -9999 -9999 -9999 -9999 -9999 65 102 84 67 28 23 25 146 148 65 50 92 87 112 58 101 78 88 136 146 182 136 143 86 89 130 133 26 32767 16 77 59 52 59 113 104 105 128 162 48 105 32767 32767 32767 32767 32767 92 128 201 32767 32767 127 160 93 171 188 150 128 76 91 56 22 3 5 5 6 42 159 156 193 199 32767 32767 185 59 25 11 42 59 37 182 135
-9999 -9999 -9999 -9999 -9999 -9999 122 67 133 88 87 148 30 23 31 77 89 95 115 77 70 122 77 132 123 109 107 104 126 114 110 79 131 12 3 64 83 32 65 91 90 104 108 166 97 100 78 32767 32767 32767 32767 32767 32767 83 157 200 32767 32767 159 133 169 179 177 92 120 91 19 16 4 4 4 14 83 123 147 142 169 195 202 32767 108 18 11 26 59 57 26 75
-9999 -9999 -9999 -9999 -9999 -9999 159 130 103 103 106 97 79 18 23 91 66 75 51 120 110 108 145 161 130 102 0 95 171 174 125 137 87 32767 94 82 76 88 76 78 109 137 164 148 160 104 92 32767 32767 32767 32767 32767 32767 91 180 192 32767 32767 118 167 157 127 155 104 128 92 28 15 3 6 11 68 152 145 116 126 119 144 150 32767 101 27 22 40 60 48 60 51
-9999 -9999 -9999 -9999 -9999 -9999 -9999 84 73 84 112 122 57 42 62 75 58 47 47 122 123 123 161 148 74 0 0 96 149 98 120 181 93 87 79 88 106 123 76 116 82 127 134 153 79 142 92 32767 32767 32767 32767 32767 32767 52 191 140 185 32767 32767 169 155 109 158 103 152 106 40 42 3 10 101 126 123 143 145 118 115 118 130 195 152 128 26 40 78 49 76 91
-9999 -9999 -9999 -9999 -9999 -9999 -9999 122 42 70 115 107 165 91 66 77 52 75 29 122 128 105 128 141 133 88 0 79 134 183 67 144 32767 83 121 93 109 111 109 85 118 160 155 185 172 125 110 32767 32767 32767 32767 32767 32767 32767 140 163 209 145 32767 129 140 133 114 128 104 102 42 44 1 10 125 145 149 143 148 144 135 131 144 187 164 158 65 42 29 48 55 64
-9999 -9999 -9999 -9999 -9999 -9999 -9999 -9999 73 64 99 153 153 160 104 51 61 31 43 151 150 102 110 133 153 173 169 184 161 169 114 133 32767 140 116 126 82 103 117 120 117 156 191 186 175 121 32767 32767 32767 32767 32767 32767 32767 32767 128 144 179 226 32767 32767 154 155 182 145 148 163 90 38 1 5 119 147 145 146 146 159 150 145 173 204 32767 161 158 27 26 27 60 55
-9999 -9999 -9999 -9999 -9999 -9999 -9999 -9999 -9999 49 65 165 188 211 239 181 85 86 62 154 82 126 102 101 97 123 183 146 155 177 106 74 107 133 119 69 85 74 46 106 148 178 224 171 189 32767 32767 42 32767 32767 32767 32767 32767 32767 91 151 178 189 164 32767 113 227 151 188 126 85 89 45 1 5 97 129 145 144 164 173 151 147 156 204 32767 183 141 64 49 65 78 79
-9999 -9999 -9999 -9999 -9999 -9999 -9999 -9999 -9999 -9999 29 125 205 212 205 238 148 182 172 67 34 121 135 102 115 108 114 183 159 189 95 32767 76 151 78 34 31 19 67 105 154 199 218 187 194 32767 32767 13 29 32767 32767 32767 32767 32767 123 168 165 162 222 32767 32767 173 154 182 127 110 99 57 8 10 89 148 175 172 157 144 151 144 155 195 32767 185 158 121 64 144 99 131
-9999 -9999 -9999 -9999 -9999 -9999 -9999 -9999 -9999 -9999 112 106 211 192 199 200 181 169 171 111 78 74 129 101 115 112 125 169 176 107 32767 96 191 116 86 122 40 26 15 112 215 209 207 183 186 188 32767 32767 32767 32767 32767 32767 32767 32767 32767 173 161 176 205 154 32767 32767 185 154 103 126 118 73 127 104 151 172 179 149 144 144 143 142 149 184 200 204 195 124 139 187 153 175
-9999 -9999 -9999 -9999 -9999 -9999 -9999 -9999 85 167 192 136 181 210 205 201 200 167 162 107 129 114 125 116 93 108 97 134 177 123 161 132 105 67 74 101 84 80 58 139 159 206 206 197 205 193 32767 32767 32767 32767 32767 32767 32767 32767 32767 95 217 207 191 160 32767 32767 142 177 140 111 136 139 162 198 193 171 141 146 153 157 152 144 162 179 203 32767 213 186 173 157 170 185
-9999 -9999 -9999 -9999 -9999 -9999 -9999 -9999 148 179 169 150 179 141 163 144 154 170 172 98 117 126 113 108 109 108 120 138 104 32767 132 96 53 79 42 73 28 93 126 151 171 212 219 174 216 206 151 32767 32767 32767 32767 32767 32767 32767 32767 110 190 183 211 232 185 32767 32767 226 153 138 165 177 223 205 205 187 141 146 151 156 155 162 180 217 210 215 32767 212 203 176 186 164
-9999 -9999 -9999 -9999 -9999 -9999 -9999 -9999 182 173 162 146 143 110 85 185 211 174 174 136 111 92 77 148 133 133 146 89 32767 66 79 107 92 28 7 14 53 62 87 189 198 217 209 170 175 208 194 125 32767 32767 32767 32767 32767 32767 32767 32767 58 156 206 191 232 163 32767 53 201 133 177 183 222 217 205 180 140 151 145 148 162 177 191 214 214 213 216 32767 217 203 180 147
-9999 -9999 -9999 -9999 -9999 -9999 -9999 -9999 116 113 103 150 75 32767 64 112 170 185 188 170 127 98 132 122 127 34 13 32767 6 55 92 71 44 17 12 17 74 60 80 186 201 196 210 185 175 157 196 110 32767 32767 32767 32767 32767 32767 32767 32767 32767 75 151 180 210 210 32767 32767 109 126 95 95 134 152 205 178 147 145 133 146 171 177 203 199 202 197 220 207 221 205 148 121
-9999 -9999 -9999 -9999 -9999 -9999 -9999 -9999 124 134 32767 32767 32767 32767 32767 32767 2 61 73 181 184 106 34 26 32767 32767 12 37 28 66 133 34 41 33 64 74 94 153 164 207 189 176 189 182 198 191 184 203 205 171 32767 32767 32767 32767 32767 32767 32767 71 126 157 221 233 200 32767 30 99 63 22 24 100 171 189 151 145 141 156 170 184 204 212 219 223 210 206 207 32767 153 148
-9999 -9999 -9999 -9999 -9999 -9999 -9999 -9999 32767 201 172 164 151 8 29 39 32 32767 32767 3 5 29 32767 32767 28 33 112 27 6 14 27 28 58 98 112 143 162 184 193 160 74 106 173 183 196 206 179 188 192 225 242 235 207 176 147 32767 32767 32767 214 143 205 213 215 32767 32767 8 22 7 5 15 142 167 149 156 150 156 175 203 214 228 228 233 212 218 206 196 176 148
-9999 -9999 -9999 -9999 -9999 -9999 -9999 -9999 171 207 208 169 188 161 72 53 4 4 2 5 30 37 75 85 156 100 31 39 12 31 40 72 115 82 138 169 202 186 179 157 106 116 183 167 179 184 159 206 186 163 205 219 193 201 179 169 189 167 203 236 214 219 234 164 32767 32767 42 15 6 19 55 158 166 158 157 181 189 214 220 227 217 202 210 220 186 160 201 194
-9999 -9999 -9999 -9999 -9999 -9999 -9999 -9999 -9999 -9999 208 191 211 171 177 98 12 7 39 33 24 58 55 37 30 28 29 44 34 97 103 26 23 59 169 218 199 212 214 176 162 166 170 175 172 161 147 172 180 159 222 217 185 198 113 158 207 191 197 216 235 226 249 226 146 32767 24 59 33 14 16 59 160 189 181 215 231 223 205 227 228 207 219 205 215 170 32767 218
-9999 -9999 -9999 -9999 -9999 -9999 -9999 -9999 -9999 -9999 197 190 206 209 185 141 107 105 50 25 28 22 18 18 19 28 22 24 111 79 32 18 43 175 241 225 248 262 244 148 187 173 181 159 179 126 183 153 179 176 171 173 190 147 117 113 121 133 187 176 228 225 228 254 236 32767 32767 39 31 13 33 21 126 193 227 237 234 222 226 222 220 227 220 211 204 179 173 203
-9999 -9999 -9999 -9999 -9999 -9999 -9999 -9999 159 190 159 183 214 226 208 134 116 58 87 52 18 19 26 26 12 13 17 25 31 11 33 27 102 163 236 220 260 254 246 266 255 206 188 177 102 103 115 135 174 191 190 105 84 98 79 127 178 176 133 141 199 240 221 255 262 166 32767 24 35 36 12 15 44 127 209 236 210 202 205 227 205 220 214 212 207 176 183 201
-9999 -9999 -9999 -9999 -9999 -9999 -9999 -9999 101 199 197 225 196 168 178 177 132 74 55 32 63 71 18 7 4 4 4 13 15 10 18 68 82 194 242 248 252 251 251 251 229 208 210 166 145 146 109 93 169 110 59 78 66 78 67 125 150 115 157 131 81 155 239 240 241 233 32767 32767 28 59 12 7 22 113 133 226 201 202 207 219 227 204 225 221 210 166 171 180
-9999 -9999 -9999 -9999 -9999 -9999 -9999 32767 130 217 214 236 181 155 164 175 113 90 53 81 29 34 4 7 5 6 3 8 12 13 22 92 154 160 227 225 231 248 253 254 220 215 201 196 158 155 107 160 156 62 21 19 20 19 32 118 107 154 121 91 140 170 228 241 209 224 188 32767 73 35 14 3 12 45 81 212 168 185 193 200 220 211 218 220 218 180 192 188
-9999 -9999 -9999 -9999 -9999 -9999 -9999 32767 142 176 161 180 204 177 164 133 158 113 71 31 33 32 7 5 9 10 13 18 43 65 105 117 147 149 226 253 226 248 231 226 218 227 205 146 204 199 184 112 109 122 87 43 24 20 24 36 103 90 90 76 106 105 214 247 246 216 237 32767 32767 37 12 3 24 57 153 189 169 275 271 259 198 212 200 186 190 208 196 154
-9999 -9999 -9999 -9999 -9999 -9999 163 32767 155 176 176 205 183 164 178 147 149 93 76 77 65 31 30 5 6 14 26 42 43 94 120 129 166 172 194 218 230 228 229 232 223 216 242 159 189 198 193 155 175 210 168 197 69 28 28 29 32 60 93 51 82 102 185 202 239 183 231 186 32767 15 43 9 8 111 207 252 245 230 252 261 250 214 212 202 178 218 203 164
-9999 -9999 -9999 -9999 -9999 125 194 32767 149 196 175 177 180 183 160 132 156 163 125 167 48 31 18 23 29 113 94 83 75 122 118 138 145 185 201 227 216 228 223 216 216 220 225 198 175 197 194 176 213 229 220 190 161 89 69 81 36 35 24 44 76 132 177 207 237 219 230 230 32767 32767 59 65 39 170 263 247 220 214 218 213 256 230 182 173 194 205 225 214
-9999 -9999 -9999 -9999 -9999 140 143 32767 114 203 191 134 162 177 169 144 121 180 150 167 145 91 75 80 60 54 69 104 106 66 129 116 160 186 164 220 247 233 219 216 208 193 177 160 216 179 217 233 218 214 236 231 207 169 150 54 61 45 28 30 38 138 171 210 247 269 230 232 32767 32767 72 40 7 196 226 210 231 211 230 221 224 203 205 191 204 199 217 211
-9999 -9999 -9999 -9999 106 113 143 32767 181 178 179 177 202 190 170 159 161 176 202 199 161 136 101 80 54 89 86 87 84 107 100 122 172 188 197 195 229 212 170 209 173 164 200 159 216 153 179 235 243 207 236 235 232 222 213 65 100 51 120 47 49 105 160 217 246 252 245 232 235 32767 32767 46 3 165 165 211 226 226 235 218 217 -9999 -9999 -9999 203 206 204 202
-9999 -9999 -9999 -9999 112 130 108 32767 175 192 201 192 214 202 180 154 153 187 221 198 183 136 138 111 105 105 97 81 121 128 82 99 127 228 183 196 199 174 235 172 178 164 188 189 212 165 217 229 208 245 211 217 237 234 163 177 113 119 76 102 120 59 166 140 224 250 240 238 232 32767 32767 56 40 -9999 -9999 -9999 -9999 -9999 -9999 -9999 -9999 -9999 -9999 -9999 -9999 -9999 -9999 -9999
