ValueNro_2398/ValueNro_2398_latvuspeitto.asc
ncols        141
nrows        228
xllcorner    356256.000000000000
yllcorner    6857312.000000000000
cellsize     16.000000000000
NODATA_value -9999
[rows 123 to 163 of 228, columns 0 to 92 of 141]
-9999 -9999 -9999 -9999 -9999 -9999 -9999 -9999 -9999 -9999 -9999 -9999 -9999 -9999 -9999 -9999 -9999 -9999 -9999 66 3 32767 32767 29 70 56 39 64 68 61 48 52 32767 62 55 65 71 83 50 69 63 53 61 67 63 69 66 61 61 58 65 67 52 49 56 54 51 53 48 55 53 46 52 57 67 75 65 62 83 69 87 71 65 85 32767 32767 32767 32767 32767 32767 32767 32767 32767 32767 32767 32767 35 58 80 77 62 64 75
-9999 -9999 -9999 -9999 -9999 -9999 -9999 -9999 -9999 -9999 -9999 -9999 -9999 -9999 -9999 -9999 -9999 -9999 -9999 35 41 18 32767 32767 45 66 58 69 63 62 58 32767 32767 46 32767 32767 79 66 31 29 53 56 52 60 53 58 74 58 63 58 50 69 74 60 32767 67 54 59 60 61 53 51 51 55 68 69 77 78 65 70 70 63 81 64 32767 32767 32767 32767 32767 32767 32767 32767 32767 32767 32767 32 32767 77 69 79 66 74 86
-9999 -9999 -9999 -9999 -9999 -9999 -9999 -9999 -9999 -9999 -9999 -9999 -9999 -9999 -9999 -9999 -9999 -9999 -9999 26 9 25 13 32767 32767 34 45 67 56 53 61 32767 75 32767 32767 32767 32767 55 32767 32767 32767 36 53 53 50 56 53 53 59 48 55 72 72 64 32767 70 62 65 61 60 59 57 54 64 63 62 80 76 66 68 71 55 54 50 59 32767 32767 32767 32767 32767 32767 32767 32767 50 57 28 32767 84 62 62 68 74 79
-9999 -9999 -9999 -9999 -9999 -9999 -9999 -9999 -9999 -9999 -9999 -9999 -9999 -9999 -9999 -9999 -9999 -9999 79 53 59 57 72 68 32767 32767 41 56 73 60 32767 32767 32767 32767 32767 32767 32767 32767 32767 32767 32767 32767 36 71 78 78 51 61 69 66 68 69 80 69 32767 77 72 73 61 58 55 55 55 59 64 65 83 66 74 63 53 40 6 24 14 32767 32767 32767 32767 32767 32767 83 77 39 40 44 32767 40 69 78 69 77 71
-9999 -9999 -9999 -9999 -9999 -9999 -9999 -9999 -9999 -9999 -9999 -9999 -9999 -9999 -9999 -9999 -9999 -9999 59 66 70 70 63 65 51 32767 32767 34 69 49 32767 62 74 32767 32767 32767 62 72 32767 32767 32767 32767 32767 68 71 76 74 72 84 77 83 82 81 68 70 61 61 68 59 59 58 55 61 67 61 71 85 69 61 51 20 6 14 9 27 32767 32767 32767 32767 32767 32767 70 77 35 19 33 27 32767 64 68 77 78 77
-9999 -9999 -9999 -9999 -9999 -9999 -9999 -9999 -9999 -9999 -9999 -9999 -9999 -9999 -9999 -9999 42 38 45 70 77 72 79 79 67 57 32767 32767 38 32767 32767 32767 71 78 71 84 32767 32767 32767 32767 32767 32767 32767 57 84 72 70 76 85 83 88 86 84 59 77 76 61 63 66 66 55 60 70 75 68 72 75 46 38 19 15 18 17 15 15 18 32767 32767 32767 66 65 67 69 44 7 29 27 32767 35 82 82 80 75
-9999 -9999 -9999 -9999 -9999 -9999 -9999 -9999 -9999 -9999 -9999 -9999 -9999 -9999 -9999 35 49 32 66 78 74 76 69 62 70 71 72 32767 32767 32767 72 58 32767 48 59 72 32767 32767 32767 32767 32767 32767 32767 32767 68 68 70 83 86 54 54 56 62 68 84 84 78 73 68 70 61 58 72 78 79 64 55 19 10 15 19 18 16 11 16 15 32767 32767 32767 32767 71 69 73 56 31 9 25 29 32767 60 61 89 89
-9999 -9999 -9999 -9999 -9999 -9999 -9999 -9999 -9999 -9999 68 62 40 36 40 41 38 44 73 71 73 70 75 61 74 59 77 56 32767 32767 55 60 47 32767 50 69 32767 32767 32767 32767 32767 32767 32767 32767 77 73 73 78 72 56 61 56 74 70 55 67 68 59 63 66 69 66 59 70 68 53 17 14 21 20 18 18 12 14 18 11 19 32767 32767 69 73 67 68 55 5 8 53 64 32767 25 63 87 88
-9999 -9999 -9999 -9999 -9999 -9999 -9999 -9999 -9999 69 76 78 43 41 43 39 70 73 82 75 68 56 62 32767 32767 32767 32767 75 7 32767 32767 79 68 54 32767 66 32767 32767 32767 32767 32767 32767 32767 32767 51 63 72 71 82 56 51 53 65 57 57 61 60 61 70 67 70 60 61 74 57 35 20 28 22 19 18 17 12 12 13 14 19 32767 52 61 70 75 75 55 13 32 55 58 39 32767 47 61 81
-9999 -9999 -9999 -9999 -9999 -9999 -9999 -9999 84 70 73 72 77 73 76 78 76 79 70 70 70 69 66 32767 32767 32767 32767 68 65 32767 32767 7 68 62 63 68 32767 32767 32767 32767 32767 32767 32767 32767 70 75 85 65 83 38 19 42 69 58 57 49 57 54 70 67 61 64 57 75 62 48 21 26 21 18 15 9 10 9 12 24 22 25 31 69 74 71 75 79 58 59 56 70 67 32767 4 25 32767
-9999 -9999 -9999 -9999 -9999 -9999 -9999 85 66 65 76 68 73 81 81 81 81 60 87 79 68 73 77 32767 32767 32767 32767 69 32767 78 32767 32767 24 71 68 32767 53 32767 32767 32767 32767 32767 32767 32767 84 63 67 83 83 40 6 36 52 49 57 58 49 59 59 69 59 64 65 71 68 47 14 17 21 18 15 6 9 13 19 15 16 13 17 53 75 78 69 65 65 65 62 64 46 50 32767 36 76
-9999 -9999 -9999 -9999 -9999 -9999 -9999 40 75 77 78 76 76 69 76 49 82 75 76 82 82 89 81 78 32767 75 82 68 32767 50 79 32767 32767 49 79 69 32767 32767 32767 32767 32767 32767 32767 32767 74 32767 45 65 60 26 33 9 38 58 53 52 48 48 56 50 68 70 72 71 70 56 24 14 13 6 14 61 55 63 7 12 12 19 42 63 72 72 71 64 70 68 65 60 66 46 46 32767 51
-9999 -9999 -9999 -9999 -9999 -9999 40 43 50 45 43 44 48 41 57 37 37 60 80 80 81 86 87 80 75 76 82 41 32767 82 73 63 32767 32767 52 56 87 86 32767 32767 32767 32767 32767 24 50 39 32767 68 70 60 32 48 10 24 53 49 51 48 50 48 50 45 40 63 69 62 40 24 33 22 50 55 62 65 9 11 20 21 65 62 73 85 73 74 77 74 63 66 70 63 60 32767 18
-9999 -9999 -9999 -9999 -9999 34 37 52 57 49 35 55 38 32 35 46 42 43 48 80 82 82 83 84 82 32767 80 63 32767 81 73 83 59 32767 32767 72 64 32767 85 32767 32767 32767 6 32767 32767 32767 71 70 52 53 17 53 27 18 30 56 55 50 54 54 49 58 55 44 60 62 64 53 51 51 69 62 57 5 10 11 11 29 50 61 74 79 72 68 76 76 75 67 65 63 62 60 32767
-9999 -9999 -9999 -9999 45 52 56 46 35 39 38 39 39 37 37 41 33 33 32 54 64 75 67 71 79 82 83 77 80 84 83 79 77 32767 32767 15 69 57 64 32767 32767 13 32767 32 32767 32767 67 75 77 52 33 19 32 42 19 37 53 51 57 56 56 44 46 42 59 58 71 73 62 68 71 46 10 25 18 12 12 10 13 59 67 66 69 73 75 69 75 80 65 68 67 58 49
-9999 -9999 -9999 65 33 41 30 30 33 35 34 37 39 51 44 35 41 41 40 44 45 64 52 55 78 82 68 32767 82 76 70 88 49 32767 32767 32767 6 70 59 66 32767 32767 20 32767 32767 32767 44 65 71 61 42 14 31 41 27 28 47 49 55 57 54 57 44 45 59 60 68 74 70 70 71 50 8 28 28 34 30 17 12 62 63 77 72 76 80 84 69 73 75 66 61 68 65
-9999 -9999 78 77 43 33 24 43 38 38 38 34 33 40 43 33 33 34 41 42 39 35 60 73 84 81 32767 72 64 69 60 51 32767 32767 32767 32767 32767 33 82 32767 32767 32767 32767 32767 32767 32767 32767 39 81 76 52 26 22 54 24 19 50 51 50 56 55 48 46 54 58 60 61 67 67 71 66 58 17 25 12 21 39 15 13 53 63 71 72 69 70 70 76 79 75 80 69 67 57
90 80 74 72 50 39 45 64 40 44 31 28 19 25 54 38 24 25 30 40 32 13 29 32767 32767 73 80 80 66 77 70 32767 32767 32767 32767 32767 32767 32767 62 32767 32767 32767 32767 32767 32767 32767 32767 61 75 74 40 39 11 25 43 13 25 51 56 57 48 48 51 51 47 43 66 67 62 67 72 63 57 52 17 2 9 24 12 34 53 72 79 69 69 74 71 62 67 73 69 66 68
75 77 77 82 73 71 77 88 66 41 39 39 24 23 45 24 32 22 21 28 13 32767 32767 72 80 75 78 72 66 69 32767 32767 32767 32767 32767 32767 16 32767 32767 32767 32767 32767 32767 3 32767 32767 32767 61 60 68 57 23 14 26 51 28 23 35 58 46 44 50 49 54 45 39 45 52 65 66 64 63 58 65 27 23 36 62 50 50 65 71 77 74 73 71 72 75 78 74 70 53 74
-9999 79 76 68 75 77 68 56 53 65 58 42 40 42 28 27 32 18 22 32 32767 31 66 71 78 69 82 74 57 32767 32767 32767 32767 32767 32767 32767 32767 32767 32767 32767 32767 15 21 32767 32767 32767 72 57 58 70 58 34 28 22 43 14 27 47 53 52 58 56 55 55 53 46 44 51 70 67 65 70 63 55 61 67 85 79 79 70 66 80 82 70 64 60 64 73 72 74 68 51 69
-9999 -9999 -9999 68 68 83 61 55 53 58 62 65 44 24 20 28 27 33 17 21 41 68 68 61 76 74 73 82 32767 32767 32767 32767 32767 32767 32767 32767 32767 32767 32767 32767 12 28 55 32767 32767 32 56 61 67 70 70 42 37 18 35 14 31 34 50 56 56 54 56 56 55 53 39 55 69 60 61 61 67 67 66 69 71 78 80 65 83 82 67 72 56 57 62 69 67 72 70 59 68
-9999 -9999 -9999 54 62 65 45 58 48 66 59 62 62 32 33 33 38 32767 32767 10 40 79 79 81 77 75 64 32767 32767 32767 32767 32767 32767 32767 32767 32767 32767 32767 32767 32767 32767 32767 32767 32767 32767 32767 9 40 71 72 69 62 34 13 41 20 16 30 50 56 55 54 51 53 54 56 46 40 59 62 66 60 67 65 67 60 70 63 50 74 76 68 70 57 55 51 54 68 62 67 63 73 69
-9999 -9999 -9999 46 51 63 49 48 71 61 54 51 66 29 29 33 32767 32 20 31 49 52 80 73 72 72 32767 32767 32767 32767 32767 32767 32767 32767 32767 32767 32767 32767 32767 32767 32767 32767 32767 32767 32767 2 32767 35 62 66 60 68 40 22 46 29 12 37 52 54 50 53 43 47 52 53 58 56 57 59 62 72 66 70 69 58 54 58 67 79 75 65 73 66 53 47 45 59 69 66 63 68 83
-9999 -9999 -9999 60 47 57 58 77 72 52 53 58 63 61 33 32767 67 62 37 54 59 55 68 64 75 74 32767 32767 32767 32767 32767 32767 32767 32767 32767 32767 32767 32767 32767 32767 32767 32767 32767 32767 32767 32767 32767 51 76 64 67 70 58 29 27 33 26 66 53 57 51 49 51 53 53 53 48 58 48 65 73 67 61 55 53 51 52 51 58 65 76 69 71 68 49 46 46 59 59 51 55 60 62
-9999 -9999 -9999 57 65 54 64 78 66 58 50 58 63 53 55 28 49 44 40 55 50 55 55 67 63 54 61 32767 32767 32767 32767 32767 32767 32767 32767 32767 32767 32767 32767 32767 32767 32767 32767 32767 32767 50 52 58 67 57 61 67 69 46 22 36 31 54 47 47 52 52 52 53 52 52 53 48 54 66 70 66 59 47 49 56 53 48 56 60 67 74 72 58 54 46 51 54 60 66 58 55 61
-9999 -9999 -9999 45 50 63 65 68 76 64 73 76 46 71 32767 40 35 48 49 44 51 48 79 60 68 65 72 75 32767 32767 32767 32767 21 32767 32767 32767 32767 32767 32767 32767 32767 32767 32767 32767 32767 35 68 55 70 63 61 55 51 30 22 15 33 41 49 53 51 51 59 63 59 51 51 52 50 55 73 60 54 47 46 45 45 52 43 55 70 70 72 74 53 59 59 54 59 52 65 60 61
-9999 -9999 -9999 76 66 78 76 64 77 71 81 85 53 32767 80 71 65 58 55 43 58 55 68 67 72 82 86 67 67 32767 11 25 39 32767 32767 32767 32767 32767 32767 32767 32767 32767 32767 32767 32767 36 67 53 62 69 67 63 58 23 32 26 20 31 20 45 52 61 59 60 58 57 43 41 53 55 73 68 52 49 48 51 51 53 49 52 58 75 76 69 68 53 54 63 72 69 68 77 68
-9999 -9999 -9999 71 66 70 75 72 73 75 74 32767 77 80 78 80 84 78 64 73 52 65 72 65 76 80 75 77 65 22 19 17 21 17 32767 32767 32767 32767 32767 32767 32767 32767 32767 21 32767 32767 64 40 63 72 63 62 66 44 56 56 21 41 30 43 64 62 57 57 44 44 43 51 58 61 67 67 60 51 48 54 50 53 53 51 59 67 75 71 55 68 53 65 66 69 70 68 47
-9999 -9999 -9999 54 48 47 67 83 78 73 32767 83 80 80 71 80 89 73 64 68 48 49 64 65 72 57 84 87 55 36 20 22 19 27 32767 32767 32767 32767 32767 32767 32767 32767 32767 32767 26 32767 41 53 60 67 67 55 36 56 74 72 26 44 30 47 64 61 47 58 55 59 58 52 55 52 73 64 54 48 48 49 45 42 52 43 53 65 75 76 85 62 65 70 67 81 77 81 51
-9999 -9999 -9999 69 52 41 64 87 83 32767 81 81 78 75 80 78 87 72 81 75 83 73 78 77 56 78 73 70 60 35 24 24 27 30 25 32767 32767 32767 32767 32767 32767 32767 32767 32767 32767 32767 32767 33 52 53 52 32767 32767 59 62 63 63 40 33 33 59 54 61 53 54 55 59 51 54 58 75 57 63 48 46 47 44 44 43 52 53 60 68 78 78 72 65 63 57 51 48 81 69
-9999 -9999 -9999 65 67 67 67 50 32767 80 70 69 71 72 79 87 78 82 78 76 82 80 86 61 75 71 82 54 66 36 26 27 27 6 27 32767 32767 32767 32767 32767 32767 32767 32767 32767 32767 32767 32767 32767 45 72 35 32767 32767 66 57 66 63 38 44 33 52 63 52 52 51 45 46 40 42 57 55 65 54 61 41 48 41 45 53 54 55 58 55 71 80 72 65 61 56 35 46 51 73
-9999 -9999 -9999 54 84 83 70 32767 71 79 69 77 86 87 76 88 88 91 83 90 89 73 41 48 66 64 66 67 63 44 25 8 4 4 27 27 32767 32767 32767 32767 32767 32767 32767 32767 32767 32767 32767 32767 32767 62 32767 32767 32767 66 52 41 71 60 64 58 52 52 53 50 38 44 47 47 48 59 63 56 73 50 54 56 57 53 51 52 56 60 65 67 73 70 65 59 51 47 40 43 59
-9999 -9999 46 87 62 60 32767 42 63 67 73 77 86 87 65 67 87 83 83 92 87 73 41 43 67 65 68 79 75 63 25 11 6 6 4 6 4 32767 32767 32767 32767 32767 32767 32767 32767 32767 32767 7 32767 34 33 32767 32767 63 55 62 70 71 78 62 62 23 29 36 24 30 31 27 18 64 65 57 55 54 47 55 48 53 53 53 47 69 65 72 74 72 65 59 52 39 66 53 53
-9999 -9999 37 65 68 32767 32767 56 66 69 66 81 83 74 81 72 77 93 86 85 82 74 61 56 65 60 65 58 57 73 62 14 8 9 6 4 5 15 22 32767 32767 32767 32767 32767 32767 32767 32767 32767 32767 32767 32 32767 32767 65 69 75 65 69 67 79 70 6 6 9 9 9 10 10 6 39 69 60 65 54 56 47 49 36 37 44 45 55 67 62 73 66 68 64 48 23 50 51 50
-9999 -9999 50 58 65 39 42 60 68 73 74 82 81 75 90 88 81 86 87 86 81 83 81 63 57 45 43 59 58 68 76 59 15 9 7 7 6 32767 11 45 32767 32767 32767 32767 32767 32767 32767 32767 32767 32767 32767 45 61 62 61 72 78 52 60 65 42 14 14 15 16 16 15 15 15 24 51 64 64 51 51 56 30 30 26 26 30 55 65 65 63 66 68 63 53 38 38 68 58
-9999 -9999 57 75 48 40 42 53 80 84 64 70 82 75 76 80 75 70 63 60 70 83 62 57 44 23 24 35 55 71 72 65 33 10 8 14 23 32767 37 51 48 32767 32767 32767 32767 32767 32767 32767 32767 32767 32767 30 65 75 61 67 70 74 68 72 45 39 13 14 14 15 17 17 17 13 58 68 66 73 48 28 20 23 21 20 26 43 56 68 63 66 71 61 57 50 31 44 37
-9999 -9999 46 56 64 45 31 64 64 64 62 41 85 84 81 67 72 54 44 52 46 62 51 57 45 35 29 33 62 75 78 46 33 20 15 5 8 13 29 39 42 32767 32767 32767 32767 32767 32767 32767 32767 32767 32767 32767 51 73 64 63 71 74 83 65 56 50 27 13 16 16 15 15 16 9 13 62 72 61 58 30 20 23 22 22 25 32 48 62 69 66 69 64 51 52 33 5 18
-9999 -9999 19 31 40 42 46 46 76 67 50 42 75 84 75 72 77 57 40 56 46 63 47 54 47 59 31 32 53 69 69 66 39 17 7 2 32767 26 32 55 61 46 52 29 32767 32767 32767 32767 32767 32767 22 32767 38 66 76 62 64 72 78 51 51 41 49 26 6 11 9 11 14 9 25 66 71 70 57 30 23 23 20 24 24 16 28 66 78 63 70 70 59 55 38 21 24
-9999 -9999 -9999 20 38 48 42 44 62 67 64 63 67 57 50 43 52 62 48 44 69 64 49 49 54 57 46 45 51 71 78 60 46 34 24 22 32767 40 44 62 61 40 34 39 38 32767 32767 32767 32767 32767 32767 32767 32767 57 73 79 75 69 74 78 61 42 38 53 5 10 10 12 12 5 61 58 80 67 65 45 26 20 19 21 21 20 20 36 77 63 62 69 56 61 10 12 23
-9999 -9999 -9999 7 33 45 41 48 65 68 72 63 62 55 44 43 53 50 49 46 58 53 51 43 36 65 60 66 78 76 75 70 67 75 80 49 32767 43 44 47 43 40 33 38 28 22 32767 32767 32767 32767 32767 32767 32767 11 74 67 68 70 62 73 66 51 44 52 25 15 14 12 15 16 48 60 71 70 60 49 34 28 24 30 21 19 22 20 59 63 83 70 58 44 5 22 23
-9999 -9999 -9999 -9999 26 32 42 55 58 58 66 59 63 61 67 62 55 58 71 54 42 51 44 39 39 38 59 66 67 74 84 71 66 84 53 27 28 40 34 38 34 43 43 33 39 32 17 32767 32767 32767 32767 32767 32767 32767 61 66 62 58 58 64 67 56 49 51 23 15 14 14 14 13 37 70 71 76 72 68 50 26 29 32 30 20 24 23 61 64 82 74 58 39 5 22 21
